,0
1,"[[0.19126243 0.08184284 0.36207065 0.0662866  0.29853748]
 [0.26676908 0.30125291 0.16542651 0.22237543 0.04417607]
 [0.22818266 0.20841293 0.30022693 0.19393137 0.0692461 ]
 [0.19805774 0.31961508 0.3024266  0.00165447 0.17824612]
 [0.0697828  0.42112117 0.35097313 0.11436697 0.04375593]]"
2,"[[0.22696808 0.29478887 0.07295157 0.16453616 0.24075532]
 [0.331024   0.31957996 0.16971809 0.07841703 0.10126092]
 [0.31496746 0.2454002  0.12088696 0.02689724 0.29184814]
 [0.27008634 0.2088815  0.21294435 0.13836342 0.16972438]
 [0.23467849 0.23176591 0.18489745 0.18838108 0.16027707]]"
3,"[[0.26079837 0.25336969 0.24926922 0.0453056  0.19125712]
 [0.29970249 0.15353399 0.23125255 0.27246834 0.04304263]
 [0.07648668 0.36963447 0.27107204 0.2242206  0.05858621]
 [0.34661202 0.23713075 0.24035015 0.0111811  0.16472599]
 [0.25396186 0.33851266 0.20891266 0.14572195 0.05289087]]"
4,"[[0.29007283 0.03353488 0.13683425 0.42079717 0.11876087]
 [0.25152995 0.30250596 0.25089321 0.08481447 0.1102564 ]
 [0.26291832 0.32691718 0.18895499 0.16134059 0.05986892]
 [0.46805667 0.19705919 0.13689372 0.10535693 0.09263349]
 [0.25457865 0.25077515 0.18208151 0.17483905 0.13772564]]"
5,"[[0.51665722 0.22231719 0.14355057 0.08414554 0.03332948]
 [0.321644   0.49374217 0.10525881 0.04527297 0.03408205]
 [0.33634705 0.31305708 0.05886762 0.27667681 0.01505143]
 [0.29851601 0.13068386 0.06456987 0.22645826 0.279772  ]
 [0.29166556 0.28674419 0.17979803 0.2120622  0.02973003]]"
6,"[[0.45732583 0.28546179 0.2011096  0.0538579  0.00224488]
 [0.19209336 0.16753595 0.22985295 0.08498172 0.32553603]
 [0.25840464 0.25185447 0.20247802 0.12127852 0.16598436]
 [0.30006974 0.39939437 0.18679296 0.08549763 0.0282453 ]
 [0.36358262 0.27127032 0.23955322 0.01376099 0.11183285]]"
7,"[[0.38908464 0.28029163 0.16190068 0.1030685  0.06565455]
 [0.30575539 0.31894491 0.09563476 0.11692771 0.16273723]
 [0.37489985 0.14374041 0.10128956 0.31552289 0.06454729]
 [0.34303813 0.09341585 0.23376241 0.31653091 0.0132527 ]
 [0.33225152 0.36213822 0.12016496 0.1750065  0.01043881]]"
8,"[[0.51516175 0.32768441 0.13205216 0.00820396 0.01689773]
 [0.29669443 0.20845967 0.33749967 0.05880333 0.09854291]
 [0.29897138 0.19772057 0.17948567 0.18466545 0.13915693]
 [0.23302435 0.31800371 0.14608797 0.11320312 0.18968086]
 [0.32289041 0.24404085 0.15600786 0.14503369 0.1320272 ]]"
9,"[[0.21988298 0.45597144 0.27995117 0.02680759 0.01738682]
 [0.33784478 0.22322542 0.20635505 0.12765544 0.10491931]
 [0.30810803 0.30523755 0.09144739 0.28960531 0.00560172]
 [0.44788521 0.1501819  0.14973445 0.1385324  0.11366604]
 [0.16882082 0.61748371 0.08348709 0.03015402 0.10005437]]"
10,"[[0.08120053 0.36414485 0.48731687 0.05526397 0.01207378]
 [0.22147527 0.2084853  0.08739767 0.16412639 0.31851537]
 [0.36154244 0.21413533 0.16240786 0.10778936 0.15412501]
 [0.33871288 0.31901712 0.17966433 0.15146029 0.01114538]
 [0.31796862 0.29135916 0.13124673 0.06201463 0.19741086]]"
11,"[[0.20060531 0.3268528  0.09999744 0.28847518 0.08406928]
 [0.34146222 0.30230746 0.08147897 0.16708047 0.10767089]
 [0.35538919 0.28260089 0.22425559 0.09342463 0.04432969]
 [0.34106677 0.33960578 0.17727501 0.00361036 0.13844208]
 [0.2763452  0.27625619 0.25374618 0.01653586 0.17711656]]"
12,"[[0.41299028 0.28052362 0.24176791 0.02724756 0.03747063]
 [0.35588048 0.13916911 0.34611002 0.13826565 0.02057473]
 [0.32100466 0.28029814 0.22478021 0.12546093 0.04845606]
 [0.31088159 0.26166624 0.06164177 0.17663495 0.18917545]
 [0.27873918 0.17211181 0.24373376 0.1615173  0.14389795]]"
13,"[[0.31040494 0.25093834 0.20396239 0.12298569 0.11170864]
 [0.51828785 0.14005695 0.12531039 0.1091189  0.1072259 ]
 [0.28076522 0.17104987 0.22360126 0.1974195  0.12716415]
 [0.25268523 0.23996985 0.19227321 0.14849861 0.1665731 ]
 [0.25350487 0.24319819 0.2206324  0.2123151  0.07034944]]"
14,"[[0.27281404 0.44398562 0.22119604 0.01320698 0.04879732]
 [0.29551239 0.2589824  0.19705501 0.20834237 0.04010782]
 [0.24428865 0.20083305 0.25428554 0.05028446 0.2503083 ]
 [0.2426008  0.24080794 0.16660946 0.1991617  0.1508201 ]
 [0.41689934 0.36135479 0.10667546 0.09289667 0.02217374]]"
15,"[[0.46589861 0.29793208 0.11259147 0.0247976  0.09878025]
 [0.35346577 0.31812    0.26693379 0.03746287 0.02401757]
 [0.33222524 0.31885887 0.12142145 0.05674667 0.17074777]
 [0.30479094 0.23523618 0.21053029 0.15370308 0.0957395 ]
 [0.24447818 0.47556232 0.12870652 0.08137551 0.06987747]]"
16,"[[0.32448878 0.25363824 0.22034227 0.11890613 0.08262458]
 [0.26950866 0.03111053 0.36047872 0.33270553 0.00619656]
 [0.2831645  0.27362292 0.25824699 0.00749213 0.17747346]
 [0.32200275 0.2651601  0.18002175 0.0782258  0.1545896 ]
 [0.28929156 0.22634559 0.17547903 0.05439546 0.25448835]]"
17,"[[0.46164538 0.32767082 0.15190056 0.04199576 0.01678747]
 [0.27694512 0.1528575  0.27623603 0.13530639 0.15865498]
 [0.21462258 0.14901952 0.1046433  0.38518784 0.14652677]
 [0.41074607 0.28296779 0.11984729 0.12718187 0.05925698]
 [0.61273151 0.11401261 0.09378435 0.10856787 0.07090366]]"
18,"[[0.23428347 0.22746403 0.15958659 0.22101602 0.15764988]
 [0.32496977 0.28486737 0.06995087 0.24329736 0.07691463]
 [0.28391177 0.10458958 0.28842431 0.28279417 0.04028016]
 [0.27603425 0.25336159 0.16190477 0.22538471 0.08331468]
 [0.24706501 0.15784145 0.25609622 0.24311841 0.09587891]]"
19,"[[0.29530664 0.17867132 0.24665415 0.10186877 0.17749913]
 [0.34661175 0.34960603 0.21534742 0.01942923 0.06900558]
 [0.27302793 0.26934847 0.21324224 0.16599245 0.07838891]
 [0.2575929  0.28491835 0.13937413 0.09367137 0.22444324]
 [0.27690414 0.21315329 0.20511898 0.10985662 0.19496697]]"
20,"[[0.37912196 0.3281654  0.21948962 0.06089443 0.01232859]
 [0.31960892 0.18100235 0.183445   0.13718263 0.1787611 ]
 [0.25079508 0.22770046 0.19295824 0.20820411 0.12034212]
 [0.25898956 0.25917975 0.20074053 0.20861453 0.07247563]
 [0.05216394 0.089859   0.52487599 0.3106527  0.02244837]]"
21,"[[0.34296964 0.31844158 0.14324695 0.1307521  0.06458974]
 [0.26198947 0.35394808 0.01262811 0.30025026 0.07118407]
 [0.58154652 0.21686594 0.11608605 0.06914053 0.01636096]
 [0.2851953  0.22945039 0.25711501 0.19899147 0.02924783]
 [0.33273362 0.18225394 0.31915481 0.15674378 0.00911384]]"
22,"[[0.35887646 0.35195243 0.02228459 0.04941403 0.21747249]
 [0.29406854 0.25364198 0.19556036 0.18550027 0.07122885]
 [0.2461033  0.30638136 0.22443162 0.13276204 0.09032167]
 [0.2576627  0.21025179 0.14998606 0.20860264 0.17349681]
 [0.28690728 0.24686889 0.22055556 0.16031531 0.08535296]]"
23,"[[0.24087477 0.19726437 0.2604399  0.07174359 0.22967737]
 [0.23203005 0.23108579 0.19970758 0.15552943 0.18164715]
 [0.26260428 0.28643949 0.20701013 0.18430888 0.05963722]
 [0.18912244 0.17021578 0.31254962 0.16463799 0.16347417]
 [0.39450259 0.15805695 0.14123326 0.02368196 0.28252525]]"
24,"[[0.31132591 0.29978031 0.16463138 0.18596986 0.03829254]
 [0.47285251 0.24590486 0.24188749 0.03276179 0.00659335]
 [0.25599831 0.21935363 0.23454787 0.21729102 0.07280917]
 [0.23455326 0.04558196 0.43179746 0.25405107 0.03401625]
 [0.30056747 0.13013043 0.29634221 0.09454078 0.17841911]]"
25,"[[0.3359861  0.29674002 0.11030321 0.22725927 0.0297114 ]
 [0.23531977 0.32291492 0.09224488 0.30425901 0.04526141]
 [0.28921562 0.28439146 0.0814588  0.25748568 0.08744844]
 [0.2941113  0.30827709 0.2880449  0.09646307 0.01310365]
 [0.23214667 0.40276627 0.17430957 0.10138402 0.08939347]]"
26,"[[0.35079125 0.31587967 0.16155022 0.04266692 0.12911194]
 [0.32656054 0.13187845 0.27109044 0.22911792 0.04135265]
 [0.24121239 0.27079567 0.25052292 0.04508848 0.19238055]
 [0.28819995 0.25874128 0.2328205  0.17442822 0.04581004]
 [0.53040075 0.36329407 0.07357734 0.02761721 0.00511063]]"
27,"[[0.25745027 0.13399117 0.21290995 0.35570023 0.03994838]
 [0.34069843 0.09390795 0.42864993 0.065111   0.0716327 ]
 [0.33255065 0.19688909 0.16212179 0.16420309 0.14423538]
 [0.23199628 0.17955661 0.26626227 0.16456741 0.15761744]
 [0.30956816 0.26721207 0.21207719 0.13592424 0.07521835]]"
28,"[[0.2919882  0.06650579 0.32559555 0.27823363 0.03767683]
 [0.71352156 0.05833691 0.05659377 0.14062859 0.03091916]
 [0.34220661 0.3138069  0.1318445  0.20089509 0.0112469 ]
 [0.31200704 0.32309984 0.18590552 0.09675482 0.08223278]
 [0.14904441 0.36148958 0.12577293 0.10250684 0.26118624]]"
29,"[[0.25828454 0.2599319  0.23148013 0.17354199 0.07676144]
 [0.36064678 0.28968949 0.08658793 0.24802355 0.01505224]
 [0.29224656 0.26286105 0.26790438 0.14729035 0.02969767]
 [0.10611457 0.36381839 0.21978191 0.16890978 0.14137535]
 [0.25079037 0.2335178  0.21326224 0.21279346 0.08963613]]"
30,"[[0.33888106 0.11470081 0.19445309 0.32237674 0.02958829]
 [0.35949508 0.30414011 0.0476678  0.14239698 0.14630003]
 [0.28130932 0.19729002 0.27322424 0.11554183 0.13263459]
 [0.32756513 0.13048751 0.18146012 0.20567323 0.15481402]
 [0.29840751 0.23629461 0.22193578 0.1541739  0.08918819]]"
31,"[[0.36581067 0.23499917 0.145596   0.15109178 0.10250238]
 [0.28774365 0.24558024 0.17898258 0.21766652 0.07002699]
 [0.25779988 0.25193225 0.19559156 0.19315426 0.10152205]
 [0.27702117 0.38391118 0.14361406 0.02331745 0.17213614]
 [0.29820311 0.2974915  0.23095854 0.10748355 0.0658633 ]]"
32,"[[0.29089769 0.26313362 0.21989618 0.08471647 0.14135604]
 [0.27190899 0.19801992 0.27003695 0.16145941 0.09857473]
 [0.29196372 0.40036677 0.13574302 0.131407   0.04051949]
 [0.30885902 0.27616802 0.19722409 0.12573609 0.0920128 ]
 [0.41440208 0.20924891 0.16268083 0.17020834 0.04345984]]"
33,"[[2.69750647e-01 2.17166610e-01 2.04693261e-01 1.45272516e-01
  1.63116966e-01]
 [3.74253176e-01 1.73636245e-01 2.26091761e-01 1.42879857e-01
  8.31389606e-02]
 [9.03383392e-02 1.50447046e-01 3.94823387e-01 6.39419778e-02
  3.00449250e-01]
 [2.47377275e-01 2.62563259e-01 3.40400462e-01 1.49304401e-01
  3.54603259e-04]
 [2.53226524e-01 2.15638856e-01 2.04954707e-01 2.02490923e-01
  1.23688989e-01]]"
34,"[[0.2841854  0.16512366 0.30916206 0.01267052 0.22885837]
 [0.35807308 0.18381483 0.33536879 0.07755229 0.045191  ]
 [0.23963676 0.32154539 0.21712257 0.01708036 0.20461491]
 [0.43668566 0.32719068 0.1450579  0.08486265 0.00620311]
 [0.31098932 0.26930894 0.20967174 0.14326348 0.06676652]]"
35,"[[0.32963636 0.2980435  0.03064871 0.02220478 0.31946665]
 [0.33203885 0.19366978 0.20480225 0.14988658 0.11960254]
 [0.29433503 0.35856128 0.18406166 0.15548411 0.00755792]
 [0.17905336 0.30297791 0.33785774 0.09763438 0.0824766 ]
 [0.35733494 0.08864918 0.03277085 0.26435844 0.25688659]]"
36,"[[0.28273629 0.30559253 0.17986468 0.14491152 0.08689497]
 [0.23759066 0.21373464 0.40128684 0.10893622 0.03845165]
 [0.59472011 0.13568898 0.10698355 0.04447574 0.11813163]
 [0.31876277 0.16312045 0.15512932 0.21702406 0.14596341]
 [0.38354856 0.30184291 0.11804989 0.09847443 0.09808421]]"
37,"[[0.38069827 0.23913911 0.20985355 0.12068305 0.04962602]
 [0.39504892 0.16896961 0.17392212 0.13690505 0.12515431]
 [0.26670395 0.26666473 0.2142424  0.04820255 0.20418636]
 [0.13238312 0.16358023 0.35604308 0.29251407 0.0554795 ]
 [0.38498804 0.14072658 0.34312235 0.06159008 0.06957295]]"
38,"[[0.23013057 0.2572236  0.23199549 0.06178986 0.21886048]
 [0.17294224 0.342794   0.20354021 0.13615776 0.1445658 ]
 [0.18463226 0.27826466 0.27726455 0.16896113 0.0908774 ]
 [0.31366965 0.27006725 0.17189027 0.15474944 0.08962339]
 [0.2526201  0.2189892  0.10054852 0.21218989 0.21565228]]"
39,"[[0.04029055 0.23966936 0.24641827 0.23827237 0.23534945]
 [0.24211535 0.22758077 0.10952737 0.27253096 0.14824555]
 [0.3198153  0.31467845 0.26091526 0.06288353 0.04170746]
 [0.29652228 0.28883576 0.13469175 0.233821   0.04612921]
 [0.22439567 0.13132825 0.27506097 0.02495644 0.34425867]]"
40,"[[0.48134703 0.14931682 0.18740712 0.09641946 0.08550956]
 [0.23389405 0.37020322 0.18487318 0.15740432 0.05362523]
 [0.30959282 0.29970779 0.14329269 0.15711973 0.09028697]
 [0.2709905  0.3411861  0.24781461 0.10086336 0.03914544]
 [0.32934801 0.25077644 0.11615725 0.20758479 0.09613351]]"
41,"[[0.21172612 0.13355748 0.28751265 0.28438591 0.08281784]
 [0.27529367 0.21599147 0.17966592 0.16660158 0.16244737]
 [0.24471755 0.24403493 0.19443521 0.14945943 0.16735288]
 [0.31594127 0.26533217 0.14432439 0.19466648 0.07973569]
 [0.19577823 0.28593957 0.27488899 0.16646021 0.076933  ]]"
42,"[[0.26707668 0.23592848 0.25666773 0.15844785 0.08187926]
 [0.35698417 0.10364482 0.29395329 0.23082774 0.01458998]
 [0.30512596 0.25648666 0.25238947 0.17737226 0.00862564]
 [0.35356494 0.23711072 0.23622852 0.16654991 0.00654591]
 [0.25439073 0.20503028 0.13776763 0.23964165 0.16316971]]"
43,"[[0.30687112 0.22095538 0.38497008 0.05361219 0.03359123]
 [0.44445058 0.27951034 0.2033479  0.05110139 0.02158979]
 [0.2594457  0.31431791 0.19780733 0.10562673 0.12280233]
 [0.30957113 0.3026507  0.13934827 0.23424124 0.01418866]
 [0.37405727 0.03412024 0.3244486  0.0178814  0.24949249]]"
44,"[[0.10589818 0.3140181  0.43197442 0.11839085 0.02971845]
 [0.26117102 0.24075235 0.25384735 0.20455664 0.03967263]
 [0.32138605 0.23662887 0.11877401 0.10653583 0.21667525]
 [0.50254098 0.13090472 0.307464   0.04999881 0.00909149]
 [0.34563295 0.24724818 0.08479994 0.22014042 0.10217851]]"
45,"[[0.17858092 0.37267158 0.38189893 0.02931489 0.03753368]
 [0.20184055 0.40523221 0.29029668 0.09044238 0.01218819]
 [0.19773417 0.19495089 0.25119489 0.18636958 0.16975047]
 [0.3068951  0.30236222 0.19262749 0.09587212 0.10224306]
 [0.45011102 0.34484347 0.07795318 0.090146   0.03694632]]"
46,"[[0.32625868 0.23023067 0.21639096 0.13208323 0.09503647]
 [0.37450045 0.09620203 0.29326237 0.1728551  0.06318005]
 [0.36040568 0.27814373 0.23583955 0.0908672  0.03474383]
 [0.22511671 0.08666498 0.25728348 0.0359346  0.39500022]
 [0.02370914 0.37325277 0.33716623 0.20741378 0.05845808]]"
47,"[[0.26818871 0.04363974 0.18660496 0.28380865 0.21775793]
 [0.30662048 0.23144204 0.26284472 0.19324179 0.00585097]
 [0.27196868 0.24583572 0.20832431 0.06799575 0.20587555]
 [0.24944256 0.21736682 0.25279571 0.25699172 0.0234032 ]
 [0.24518636 0.2331125  0.21530875 0.1353798  0.1710126 ]]"
48,"[[0.28273512 0.26839262 0.16960527 0.14527835 0.13398865]
 [0.24225256 0.29156635 0.20157663 0.13966141 0.12494306]
 [0.32840184 0.28206249 0.14014458 0.12847076 0.12092033]
 [0.40002594 0.23702723 0.25582155 0.07447173 0.03265355]
 [0.36526133 0.20246979 0.24235869 0.16617578 0.0237344 ]]"
49,"[[0.29242557 0.1826043  0.20804342 0.13972719 0.17719952]
 [0.37445324 0.15692899 0.20831838 0.2012155  0.0590839 ]
 [0.33496813 0.34958312 0.15380687 0.12893597 0.0327059 ]
 [0.33090465 0.28059088 0.26287637 0.08444286 0.04118523]
 [0.33376121 0.26670754 0.15319522 0.20492243 0.04141359]]"
50,"[[0.26061289 0.25322777 0.25312689 0.11034471 0.12268774]
 [0.29658447 0.20831017 0.18695413 0.1951794  0.11297184]
 [0.44727834 0.09098998 0.09200955 0.36390426 0.00581787]
 [0.2932284  0.24293635 0.29462684 0.11945358 0.04975483]
 [0.32737624 0.26827092 0.19629321 0.1113718  0.09668782]]"
51,"[[0.27714916 0.32832179 0.17886819 0.20300604 0.01265483]
 [0.35583495 0.2863064  0.23530951 0.06406746 0.05848168]
 [0.49890538 0.1613759  0.21399985 0.11081257 0.0149063 ]
 [0.25424731 0.224288   0.20941878 0.15046503 0.16158088]
 [0.21416755 0.21221683 0.18309371 0.21085248 0.17966942]]"
52,"[[0.22636674 0.25431538 0.19673436 0.16754711 0.15503641]
 [0.28407768 0.26567011 0.23987364 0.17829354 0.03208503]
 [0.16567162 0.20763051 0.14577946 0.27244464 0.20847377]
 [0.4470655  0.24980525 0.17384565 0.06704716 0.06223644]
 [0.19216318 0.35352112 0.21018118 0.18317751 0.06095702]]"
53,"[[0.19213585 0.44468992 0.20697895 0.11898061 0.03721467]
 [0.37616892 0.42552281 0.143927   0.02325125 0.03113002]
 [0.17663749 0.25030451 0.18826883 0.2055635  0.17922567]
 [0.25805124 0.20962712 0.25269487 0.12991477 0.14971201]
 [0.29353015 0.34978129 0.16522751 0.14736319 0.04409786]]"
54,"[[0.2982805  0.14071349 0.2872079  0.18037408 0.09342402]
 [0.43297431 0.08901838 0.07152627 0.37150443 0.03497661]
 [0.3051116  0.30065459 0.26729999 0.09035255 0.03658127]
 [0.46037947 0.11409323 0.20534307 0.20171492 0.01846932]
 [0.22165014 0.35140225 0.31750572 0.0999093  0.00953259]]"
55,"[[0.25717178 0.11753567 0.23689305 0.1992546  0.18914491]
 [0.30459403 0.31863146 0.11318829 0.13800196 0.12558426]
 [0.27157684 0.3472101  0.10761117 0.15583991 0.11776198]
 [0.33417223 0.41188115 0.14229307 0.0671664  0.04448715]
 [0.35187161 0.32424422 0.03170221 0.16148366 0.1306983 ]]"
56,"[[0.49503561 0.14920123 0.26127514 0.08441982 0.01006819]
 [0.28663529 0.26334634 0.12501316 0.20938736 0.11561785]
 [0.23310699 0.21763601 0.24873726 0.20269698 0.09782276]
 [0.24508369 0.2737635  0.34944525 0.11285078 0.01885677]
 [0.2597713  0.20371929 0.26106207 0.09280876 0.18263858]]"
57,"[[0.24887828 0.17862011 0.30727057 0.20660775 0.05862328]
 [0.23491753 0.16551882 0.2927422  0.15027305 0.15654839]
 [0.53102296 0.15999743 0.15615449 0.03213425 0.12069088]
 [0.25070109 0.47278967 0.15527848 0.09474035 0.0264904 ]
 [0.39949187 0.26277566 0.16307795 0.15531586 0.01933866]]"
58,"[[0.32305079 0.13594347 0.30936544 0.1487832  0.08285709]
 [0.43463559 0.26882356 0.20195517 0.06875991 0.02582578]
 [0.37631778 0.28107436 0.09887083 0.16773868 0.07599835]
 [0.14591729 0.23876253 0.25468107 0.12846233 0.23217678]
 [0.29414208 0.27923827 0.12562565 0.20055071 0.10044329]]"
59,"[[0.39487165 0.24734007 0.23364048 0.06513093 0.05901687]
 [0.30328829 0.25658318 0.20967307 0.2071986  0.02325685]
 [0.23750412 0.32511358 0.23257783 0.15882134 0.04598313]
 [0.21751106 0.20169705 0.25051961 0.19122007 0.13905221]
 [0.42815692 0.08519754 0.21641839 0.10891329 0.16131386]]"
60,"[[0.36929923 0.28457102 0.23338903 0.05734436 0.05539635]
 [0.30368397 0.18829724 0.32799257 0.10904254 0.07098368]
 [0.49082508 0.0942101  0.25213806 0.13020397 0.03262279]
 [0.34127599 0.30915074 0.01843966 0.24093023 0.09020339]
 [0.38386627 0.28086883 0.16235651 0.16445685 0.00845154]]"
61,"[[0.32952452 0.315879   0.22665901 0.12378842 0.00414904]
 [0.32147338 0.06754037 0.22041902 0.33264331 0.05792393]
 [0.27168045 0.18899925 0.16352696 0.17977894 0.19601441]
 [0.3761042  0.28768445 0.08718548 0.19241682 0.05660906]
 [0.28741474 0.21399102 0.19984727 0.14202972 0.15671725]]"
62,"[[0.43558224 0.11295756 0.38532918 0.03561015 0.03052087]
 [0.09456351 0.31185585 0.40763036 0.13968386 0.04626641]
 [0.17106959 0.34197401 0.12435202 0.27098703 0.09161735]
 [0.35835588 0.22822929 0.16527618 0.23064491 0.01749373]
 [0.26947629 0.33347857 0.22861401 0.13676654 0.0316646 ]]"
63,"[[0.2910456  0.36136787 0.10804616 0.05942289 0.18011748]
 [0.22937587 0.22043831 0.22849984 0.15206385 0.16962212]
 [0.50387939 0.06719487 0.0495936  0.02185648 0.35747566]
 [0.2453564  0.22379653 0.18644453 0.2230874  0.12131514]
 [0.24211029 0.24829863 0.22978515 0.09299514 0.18681079]]"
64,"[[0.3134948  0.22913585 0.09821157 0.33454563 0.02461214]
 [0.47003467 0.18606173 0.10866809 0.15949507 0.07574044]
 [0.14318865 0.35199305 0.31547829 0.10863868 0.08070134]
 [0.23846681 0.22246233 0.20105661 0.20188943 0.13612482]
 [0.3235198  0.16927104 0.28707758 0.11404943 0.10608215]]"
65,"[[0.32162269 0.3230511  0.18580433 0.11398736 0.05553452]
 [0.45271359 0.22300963 0.06879496 0.23392031 0.02156151]
 [0.28220566 0.25616819 0.19153736 0.17015668 0.09993211]
 [0.49798952 0.07925287 0.07799071 0.33592216 0.00884474]
 [0.43171733 0.21886635 0.11883975 0.13990803 0.09066854]]"
66,"[[0.23267218 0.11738306 0.23548308 0.21101962 0.20344206]
 [0.43974604 0.0819899  0.12203042 0.00842124 0.34781241]
 [0.18375772 0.31768141 0.29340591 0.11411106 0.09104389]
 [0.33500957 0.28348283 0.14651108 0.14403113 0.09096539]
 [0.41604168 0.39817365 0.05850271 0.11265147 0.0146305 ]]"
67,"[[0.2845836  0.23808433 0.19080979 0.09532749 0.19119479]
 [0.48525193 0.14267639 0.11218229 0.04182359 0.2180658 ]
 [0.17150432 0.31740515 0.30620989 0.116856   0.08802464]
 [0.24842695 0.15913891 0.3274929  0.17475696 0.09018428]
 [0.26881098 0.24285822 0.2417111  0.20289776 0.04372193]]"
68,"[[0.29023269 0.46570378 0.09840518 0.12120165 0.02445669]
 [0.47540985 0.14347805 0.34211054 0.03548048 0.00352108]
 [0.30312546 0.39425381 0.23228704 0.0592765  0.01105718]
 [0.48396313 0.24108618 0.07393322 0.1755547  0.02546277]
 [0.34297634 0.25626084 0.2271449  0.14358786 0.03003006]]"
69,"[[0.23777785 0.21286524 0.2332352  0.20948852 0.10663318]
 [0.21998081 0.27317145 0.23180841 0.17858084 0.09645849]
 [0.22567521 0.35057958 0.2573132  0.109774   0.05665802]
 [0.4762934  0.27602732 0.1493899  0.07955419 0.01873519]
 [0.30684822 0.29327519 0.1607268  0.1191103  0.12003949]]"
70,"[[0.3426409  0.19619285 0.26904229 0.10393512 0.08818884]
 [0.28213379 0.30232914 0.2435283  0.10272695 0.06928182]
 [0.39383015 0.26017841 0.15001743 0.08569599 0.11027802]
 [0.34838609 0.30895102 0.30279828 0.03580617 0.00405844]
 [0.29954381 0.28476681 0.17825219 0.12089051 0.11654668]]"
71,"[[0.27143177 0.2362528  0.23582009 0.14911459 0.10738074]
 [0.2812283  0.26954675 0.23153555 0.19951939 0.01817001]
 [0.40904976 0.23417026 0.21569264 0.08521584 0.0558715 ]
 [0.3804956  0.27975499 0.17931859 0.10129413 0.05913669]
 [0.33620345 0.44379497 0.17935101 0.00315419 0.03749637]]"
72,"[[0.3137225  0.20143229 0.14722148 0.15044872 0.187175  ]
 [0.36239488 0.01261995 0.25758583 0.2573382  0.11006114]
 [0.28796442 0.19054725 0.29481819 0.07362768 0.15304245]
 [0.19535029 0.29348366 0.3483735  0.12779378 0.03499876]
 [0.49843902 0.11298452 0.19433402 0.14839568 0.04584676]]"
73,"[[0.29881252 0.26678455 0.10812777 0.20279839 0.12347677]
 [0.31524337 0.25344808 0.22411342 0.08525283 0.12194231]
 [0.46401397 0.16348968 0.03656038 0.24126344 0.09467254]
 [0.26493128 0.2878546  0.20786225 0.09706383 0.14228804]
 [0.36506724 0.19674071 0.17702669 0.13645244 0.12471292]]"
74,"[[0.4585     0.17278017 0.20904125 0.15597334 0.00370523]
 [0.26938006 0.27177644 0.20739246 0.2061075  0.04534353]
 [0.44590085 0.29322359 0.0444124  0.1830368  0.03342636]
 [0.31125434 0.2103565  0.23423449 0.20518821 0.03896646]
 [0.26617389 0.35580841 0.14862626 0.10452987 0.12486158]]"
75,"[[0.40298369 0.00581182 0.11191501 0.30875278 0.17053671]
 [0.31225322 0.25471554 0.23829843 0.04432379 0.15040903]
 [0.30322034 0.21175291 0.19759358 0.19899088 0.08844228]
 [0.40047206 0.32339811 0.20822245 0.05461598 0.01329141]
 [0.51733444 0.19015602 0.20647649 0.04949237 0.03654069]]"
76,"[[0.34757062 0.162288   0.27491331 0.02983886 0.18538921]
 [0.54072158 0.14070033 0.18208635 0.1340714  0.00242033]
 [0.36241219 0.27137274 0.17986496 0.17357625 0.01277387]
 [0.32217695 0.3991309  0.05795273 0.21005733 0.01068209]
 [0.34415096 0.29655566 0.16937552 0.07145245 0.11846541]]"
77,"[[0.23153134 0.39937134 0.20488324 0.12787618 0.03633789]
 [0.27563006 0.27374696 0.27167297 0.03018584 0.14876417]
 [0.35758627 0.1303185  0.3710403  0.01996632 0.12108862]
 [0.31157189 0.20341981 0.22375251 0.09136369 0.16989211]
 [0.32972085 0.28984132 0.23448198 0.01478147 0.13117438]]"
78,"[[0.15146471 0.3093824  0.38128979 0.116668   0.04119509]
 [0.42440824 0.14801082 0.39665876 0.02648944 0.00443273]
 [0.25348091 0.17180521 0.29232254 0.110842   0.17154934]
 [0.3001163  0.23908549 0.22471829 0.03738636 0.19869357]
 [0.34255899 0.31727843 0.19744822 0.09776182 0.04495254]]"
79,"[[0.3595529  0.02725929 0.2147826  0.26836189 0.13004333]
 [0.36614535 0.22819675 0.29705362 0.04071459 0.06788969]
 [0.26537344 0.29000831 0.24723025 0.05245922 0.14492877]
 [0.45020401 0.39323116 0.06589502 0.0469989  0.04367091]
 [0.35609295 0.32088269 0.048057   0.16755916 0.1074082 ]]"
80,"[[0.24282391 0.22856831 0.19891178 0.16986576 0.15983024]
 [0.26107898 0.27553883 0.22218144 0.20508306 0.0361177 ]
 [0.31366973 0.25220327 0.20587823 0.09779633 0.13045244]
 [0.31039141 0.29803394 0.21804453 0.12654201 0.04698811]
 [0.31479207 0.21818477 0.17258727 0.16911062 0.12532526]]"
81,"[[0.26598293 0.25557153 0.11001077 0.28415127 0.0842835 ]
 [0.28819156 0.17684321 0.19393713 0.1692337  0.1717944 ]
 [0.3181999  0.27153274 0.21904439 0.15123403 0.03998894]
 [0.29544519 0.0790821  0.17157018 0.16171326 0.29218927]
 [0.21082279 0.22698942 0.13993642 0.06665782 0.35559355]]"
82,"[[0.40781578 0.02110082 0.01416244 0.37509838 0.18182257]
 [0.25772834 0.21734203 0.30087938 0.16592367 0.05812658]
 [0.32213113 0.31977313 0.16984322 0.13573433 0.05251819]
 [0.39449291 0.32797833 0.04932234 0.03349804 0.19470838]
 [0.33743794 0.23283171 0.08316236 0.14344732 0.20312068]]"
83,"[[0.28958061 0.16186756 0.28814585 0.15808984 0.10231614]
 [0.2992994  0.26101154 0.25654562 0.02414833 0.15899512]
 [0.41209121 0.25645851 0.12184798 0.1658558  0.04374651]
 [0.26416097 0.08803702 0.25672681 0.25022305 0.14085214]
 [0.26963858 0.21504537 0.18322499 0.1496779  0.18241316]]"
84,"[[0.37168448 0.07147786 0.19159981 0.270706   0.09453185]
 [0.28334592 0.25632215 0.13733594 0.19775616 0.12523982]
 [0.27687497 0.24940568 0.22127159 0.19063603 0.06181173]
 [0.31739325 0.25874994 0.24108433 0.16206346 0.02070902]
 [0.26107505 0.28782757 0.24243362 0.06560538 0.14305838]]"
85,"[[0.22747305 0.19996094 0.35193436 0.1799211  0.04071054]
 [0.3823087  0.34709664 0.19737689 0.06670846 0.00650931]
 [0.29947615 0.22991418 0.29845954 0.12929542 0.04285471]
 [0.34545392 0.14556162 0.24444983 0.10852877 0.15600587]
 [0.27227044 0.3481736  0.15625795 0.22234357 0.00095444]]"
86,"[[0.33166639 0.24963262 0.15479653 0.18373819 0.08016627]
 [0.34551191 0.29464697 0.19190317 0.14907198 0.01886597]
 [0.29249757 0.25084115 0.32882462 0.04790044 0.07993623]
 [0.2984013  0.14803566 0.40153952 0.08448246 0.06754106]
 [0.14145993 0.37502159 0.36419548 0.0291884  0.0901346 ]]"
87,"[[0.33246193 0.13954972 0.29021095 0.13087847 0.10689893]
 [0.51668721 0.27470845 0.15644115 0.01513347 0.03702972]
 [0.34576215 0.33366464 0.23050264 0.06223219 0.02783837]
 [0.18823853 0.39948251 0.07454389 0.27864491 0.05909015]
 [0.3486332  0.20300809 0.08138623 0.2356892  0.13128328]]"
88,"[[0.28033904 0.26427427 0.24064473 0.10755485 0.10718711]
 [0.3602297  0.19930032 0.17542696 0.13676934 0.12827368]
 [0.48011358 0.18271644 0.15274914 0.10991241 0.07450842]
 [0.28445102 0.26475863 0.06675508 0.20644734 0.17758794]
 [0.24378845 0.25566602 0.23334148 0.18178478 0.08541927]]"
89,"[[0.38183175 0.27925373 0.00139087 0.27816829 0.05935536]
 [0.12338976 0.1308103  0.34533806 0.33578105 0.06468082]
 [0.47702248 0.06200526 0.04030598 0.36511211 0.05555417]
 [0.37023405 0.20425819 0.3073513  0.08921523 0.02894122]
 [0.41904852 0.39490293 0.03118522 0.10439966 0.05046368]]"
90,"[[0.3805143  0.21466927 0.04576449 0.19213329 0.16691865]
 [0.33810476 0.30151132 0.14517236 0.1956574  0.01955416]
 [0.33734373 0.33213322 0.2218346  0.02743932 0.08124912]
 [0.23177138 0.24030687 0.30387289 0.22107817 0.00297069]
 [0.19009632 0.27971939 0.11453579 0.26171903 0.15392947]]"
91,"[[0.27793378 0.43017929 0.14457845 0.00417977 0.1431287 ]
 [0.30563743 0.29592773 0.24280472 0.14349278 0.01213734]
 [0.10092506 0.27128906 0.28954821 0.25312193 0.08511573]
 [0.28569302 0.23362153 0.1850443  0.15880815 0.13683299]
 [0.25924465 0.23897803 0.23054141 0.05578258 0.21545333]]"
92,"[[0.38611638 0.15855672 0.18380862 0.14733202 0.12418626]
 [0.10406496 0.45924506 0.0534414  0.36980978 0.0134388 ]
 [0.2531899  0.13570692 0.53278534 0.00194093 0.0763769 ]
 [0.45259341 0.23805139 0.13523968 0.11883624 0.05527928]
 [0.31030721 0.20385235 0.22839083 0.08128433 0.17616527]]"
93,"[[0.16779611 0.23742885 0.41036829 0.05827995 0.1261268 ]
 [0.25575999 0.24434747 0.24182148 0.05842035 0.19965072]
 [0.3325383  0.19845359 0.05461827 0.37666334 0.03772649]
 [0.38519845 0.08974683 0.26466026 0.11374022 0.14665425]
 [0.2206914  0.19179377 0.20089067 0.2143923  0.17223185]]"
94,"[[0.40035314 0.07647274 0.13849488 0.32020625 0.06447298]
 [0.33794603 0.09955334 0.43091736 0.09718522 0.03439805]
 [0.22293436 0.19944555 0.2067244  0.20626482 0.16463087]
 [0.25156298 0.42349454 0.12153873 0.19792206 0.00548168]
 [0.36783972 0.35808979 0.18368826 0.07250533 0.0178769 ]]"
95,"[[0.34884621 0.21045652 0.26034144 0.13094661 0.04940922]
 [0.22999556 0.23228575 0.25161141 0.21050225 0.07560504]
 [0.27115902 0.25994934 0.14991896 0.05263535 0.26633732]
 [0.30086624 0.27315563 0.24525191 0.14294772 0.0377785 ]
 [0.34035864 0.35191626 0.20839076 0.06461668 0.03471766]]"
96,"[[0.14599104 0.17257056 0.03256083 0.51566774 0.13320983]
 [0.29435226 0.18665519 0.27679957 0.1967085  0.04548448]
 [0.35737751 0.0337086  0.20614116 0.35313784 0.04963489]
 [0.24915005 0.25307427 0.15583953 0.23874356 0.10319258]
 [0.24450657 0.17023184 0.2539802  0.29294439 0.03833701]]"
97,"[[0.28327219 0.0923877  0.3535025  0.1989537  0.0718839 ]
 [0.31559673 0.10291967 0.3147827  0.07397134 0.19272956]
 [0.27312164 0.35283084 0.04049984 0.24032854 0.09321915]
 [0.16307859 0.31607582 0.36380278 0.09853452 0.05850829]
 [0.2917452  0.23813972 0.11157258 0.22778897 0.13075353]]"
98,"[[0.28783053 0.26731948 0.25948818 0.14138634 0.04397547]
 [0.24671321 0.34330188 0.07108072 0.20156415 0.13734004]
 [0.03424241 0.3665107  0.27612659 0.3164689  0.0066514 ]
 [0.29698524 0.10554615 0.08742713 0.44333142 0.06671006]
 [0.32121079 0.20402699 0.21226398 0.13724781 0.12525043]]"
99,"[[0.22950945 0.382877   0.2023201  0.10498097 0.08031248]
 [0.2781139  0.38698624 0.20929039 0.12263563 0.00297384]
 [0.57104679 0.13384736 0.12170154 0.12231902 0.05108529]
 [0.26444542 0.24456329 0.05926136 0.2237002  0.20802973]
 [0.27906595 0.29091686 0.1015606  0.2622462  0.06621039]]"
100,"[[0.22170944 0.39087698 0.18280365 0.17767571 0.02693422]
 [0.38484974 0.2674507  0.14769754 0.01433836 0.18566366]
 [0.26212973 0.25158455 0.12962433 0.05640665 0.30025474]
 [0.34150997 0.17843127 0.12231694 0.17985929 0.17788253]
 [0.26992939 0.23991372 0.2263835  0.08130189 0.18247152]]"
101,"[[0.122688   0.16671013 0.14939238 0.10812874 0.12871446 0.06936842
  0.06197508 0.03054155 0.15269996 0.00978126]
 [0.17329071 0.17050157 0.15960564 0.15318072 0.06317891 0.10976756
  0.04485858 0.04599535 0.04250631 0.03711466]
 [0.17844086 0.10305035 0.23082545 0.14434558 0.11665107 0.07203777
  0.04486168 0.02872171 0.05660102 0.02446451]
 [0.17095551 0.14142831 0.13884698 0.16905031 0.12373494 0.09045361
  0.08837839 0.04669431 0.02380789 0.00664976]
 [0.16792173 0.16394406 0.10984276 0.09014371 0.08938544 0.09003992
  0.08978488 0.06464919 0.05140368 0.08288464]
 [0.17246709 0.10970856 0.17816538 0.16330407 0.12155684 0.06992375
  0.03698786 0.10668189 0.00540978 0.03579477]
 [0.18194125 0.16093392 0.22847379 0.09065103 0.12725874 0.05848011
  0.04353725 0.03998313 0.03478527 0.0339555 ]
 [0.22705872 0.19256332 0.09271912 0.17536063 0.07140664 0.06934878
  0.05497245 0.05706637 0.04140268 0.01810128]
 [0.16260304 0.17906381 0.17153792 0.15948758 0.11757026 0.03076476
  0.06281118 0.05693072 0.05328155 0.00594917]
 [0.25532608 0.24662418 0.09102989 0.19278967 0.07787368 0.07028914
  0.02961369 0.00536475 0.02721333 0.00387558]]"
102,"[[0.14557652 0.15670486 0.14438308 0.12273362 0.12056887 0.07630735
  0.09146115 0.06963679 0.03871212 0.03391564]
 [0.16790573 0.16556108 0.13082823 0.10529257 0.12230708 0.09078926
  0.08785412 0.05409661 0.00491978 0.07044554]
 [0.1847899  0.19336832 0.12181401 0.07178512 0.11037243 0.00381485
  0.05471142 0.10761017 0.12197489 0.0297589 ]
 [0.2382552  0.12766362 0.20703209 0.16341649 0.11550765 0.06927527
  0.00176019 0.04120169 0.00077435 0.03511344]
 [0.16860707 0.14498751 0.13949989 0.13611503 0.12359183 0.07579209
  0.06057921 0.05185756 0.05488082 0.04408899]
 [0.1755844  0.1461688  0.11887647 0.26631769 0.1451089  0.02011985
  0.0957366  0.02684138 0.00470762 0.00053829]
 [0.21498248 0.21001959 0.21306839 0.04121629 0.16460046 0.04273084
  0.03370389 0.03580222 0.02720776 0.01666808]
 [0.17202614 0.17017606 0.11626417 0.16404945 0.10124886 0.09453551
  0.00944364 0.0744008  0.04375877 0.05409659]
 [0.21231155 0.19150547 0.20498365 0.13242667 0.11636165 0.0407701
  0.05860981 0.03963405 0.00251536 0.0008817 ]
 [0.21772019 0.20165083 0.16706989 0.12575793 0.10400761 0.06925638
  0.06271379 0.01232173 0.03004188 0.00945977]]"
103,"[[0.17993638 0.11264591 0.1725739  0.10109533 0.13480554 0.08489785
  0.09121088 0.08260372 0.02549608 0.01473441]
 [0.17144036 0.18213916 0.20735995 0.0550456  0.04393143 0.16140652
  0.07456943 0.03874298 0.03312789 0.03223669]
 [0.08617311 0.16734855 0.1306486  0.1107616  0.12596858 0.08876707
  0.07789553 0.06821476 0.07693673 0.06728547]
 [0.16527437 0.13924528 0.14521079 0.12045072 0.13058511 0.08745543
  0.06264488 0.06216824 0.05354023 0.03342496]
 [0.14175087 0.18346969 0.12662265 0.17898685 0.10969282 0.10741341
  0.04208776 0.0871953  0.02074649 0.00203415]
 [0.25525446 0.14122388 0.24254318 0.12391576 0.1023963  0.09036592
  0.01345421 0.00589737 0.02038285 0.00456605]
 [0.16520233 0.08774808 0.15018431 0.15113459 0.07600019 0.07962855
  0.11689482 0.08330885 0.03518391 0.05471437]
 [0.16788883 0.10690056 0.15794156 0.14297082 0.1024401  0.09186
  0.08812385 0.0881126  0.048588   0.00517369]
 [0.22591587 0.17448186 0.14348801 0.18623475 0.09961225 0.05869331
  0.07018312 0.03183777 0.00557652 0.00397653]
 [0.1559998  0.21180486 0.20327982 0.1298884  0.06652422 0.02907223
  0.11705459 0.04629724 0.01979753 0.02028131]]"
104,"[[0.22917041 0.21951509 0.14077894 0.1480218  0.06051387 0.07716307
  0.0602386  0.03769636 0.02122514 0.00567671]
 [0.13622146 0.1431793  0.12899287 0.11208536 0.10754254 0.10326513
  0.01453566 0.09249399 0.03209187 0.12959181]
 [0.22324785 0.19662822 0.16815717 0.1425118  0.09137689 0.06844917
  0.06534725 0.01587477 0.01132929 0.0170776 ]
 [0.19411239 0.19266929 0.18155326 0.14357353 0.06558597 0.04371704
  0.10010882 0.0344983  0.03768833 0.00649306]
 [0.14761789 0.09803006 0.0829107  0.09546786 0.14875801 0.0842032
  0.05529523 0.08264705 0.10694949 0.09812051]
 [0.17440335 0.17005463 0.16361672 0.13149139 0.05857654 0.07573256
  0.06890018 0.09500037 0.00066357 0.06156068]
 [0.24711679 0.10759849 0.05249463 0.18547237 0.08289755 0.04153697
  0.2087169  0.05066834 0.01585542 0.00764252]
 [0.17654292 0.16047887 0.13901215 0.13354728 0.10288753 0.08310504
  0.09327296 0.01894409 0.01251665 0.07969251]
 [0.17222336 0.15455024 0.15008954 0.11043601 0.14007398 0.04582187
  0.07335281 0.06644061 0.04788104 0.03913053]
 [0.16803632 0.11915448 0.17593758 0.07972239 0.10001166 0.10464175
  0.07444106 0.03239596 0.1042236  0.04143519]]"
105,"[[0.12939958 0.14245779 0.12932673 0.12491968 0.12260965 0.10431221
  0.09436811 0.08133534 0.04221397 0.02905692]
 [0.13146396 0.16911854 0.15247878 0.12739767 0.12237566 0.12197903
  0.10137794 0.047477   0.02459773 0.00173369]
 [0.16635269 0.12539863 0.11961546 0.10040669 0.09875877 0.09753594
  0.08975776 0.01939522 0.06298435 0.11979449]
 [0.1502294  0.13797309 0.12696283 0.09302249 0.13731115 0.11897679
  0.06893171 0.07409941 0.052509   0.03998413]
 [0.15695534 0.13995313 0.14465677 0.13272639 0.16547616 0.10065647
  0.06609907 0.02860424 0.05927215 0.00560027]
 [0.0997924  0.22727939 0.24747519 0.07941493 0.0703942  0.06910576
  0.10961345 0.06085127 0.02089199 0.01518142]
 [0.12769665 0.14237672 0.1295507  0.12024564 0.14887702 0.10980906
  0.10556716 0.0750378  0.00464588 0.03619337]
 [0.20194931 0.20737237 0.1949918  0.10445338 0.05137554 0.12443138
  0.06195788 0.02950881 0.00840874 0.01555079]
 [0.07946178 0.25163155 0.23525496 0.18403375 0.05310179 0.02884925
  0.03074745 0.09385098 0.02706339 0.0160051 ]
 [0.13035088 0.19412672 0.21359105 0.18904429 0.08567756 0.04259364
  0.06274138 0.04571313 0.02922526 0.00693608]]"
106,"[[0.1544727  0.14477119 0.15110019 0.10686528 0.09720004 0.08930972
  0.06228833 0.06104081 0.0526611  0.08029063]
 [0.18769905 0.15813093 0.12786471 0.11940951 0.11775538 0.08589789
  0.09542038 0.03364937 0.05560273 0.01857005]
 [0.20534398 0.18982216 0.11597142 0.15252035 0.19781162 0.03173712
  0.08783039 0.01417718 0.00405966 0.00072611]
 [0.15295063 0.14340027 0.13612399 0.13394053 0.11500806 0.13787398
  0.06619901 0.04861203 0.04110826 0.02478325]
 [0.20269117 0.19371912 0.16648588 0.16258239 0.04117291 0.08362532
  0.01507288 0.01010733 0.01416393 0.11037907]
 [0.16648183 0.13419992 0.12504603 0.12463802 0.10691207 0.11898824
  0.03326235 0.10563539 0.08197868 0.00285747]
 [0.10876465 0.15468135 0.15013797 0.11444095 0.1053156  0.07564348
  0.09382105 0.07213329 0.04565346 0.07940822]
 [0.21102481 0.16683836 0.1545348  0.15372866 0.10386325 0.06109109
  0.08347827 0.00580873 0.0519992  0.00763283]
 [0.18292658 0.15358449 0.08754221 0.13014525 0.12548864 0.08447077
  0.0824614  0.08204307 0.06544222 0.00589537]
 [0.18377132 0.14806846 0.14649322 0.1420204  0.13688399 0.07436138
  0.03257562 0.04324296 0.05681545 0.03576718]]"
107,"[[0.17288181 0.15763193 0.13098688 0.12473564 0.1019564  0.09118537
  0.07702776 0.01619509 0.07649827 0.05090086]
 [0.13706994 0.14449436 0.1188974  0.14082711 0.11356955 0.07503636
  0.10031745 0.09025062 0.04745149 0.03208571]
 [0.15339111 0.15322682 0.15752987 0.13139247 0.12576659 0.09691553
  0.07800223 0.04228388 0.03894979 0.02254171]
 [0.17410299 0.18486928 0.15774413 0.15519299 0.14376933 0.02582627
  0.04737441 0.04969059 0.0396677  0.0217623 ]
 [0.11901537 0.16631272 0.13306231 0.11711266 0.08695061 0.10063454
  0.10397811 0.07990428 0.07767941 0.01534997]
 [0.17322293 0.18419159 0.11579549 0.13090994 0.07940014 0.09434497
  0.0536102  0.12291942 0.03016512 0.01544021]
 [0.15678813 0.17043352 0.17036683 0.12755884 0.10777732 0.0267778
  0.12022017 0.0934622  0.02222241 0.00439278]
 [0.17893078 0.15826784 0.1676125  0.11004032 0.12409804 0.07038076
  0.05891803 0.06831127 0.03726866 0.02617182]
 [0.21283459 0.07308725 0.27926168 0.08125477 0.14708149 0.06993464
  0.04374618 0.0356538  0.02538947 0.03175613]
 [0.16793625 0.13865252 0.1612353  0.12547693 0.13002224 0.12485609
  0.05807886 0.06596624 0.01712521 0.01065036]]"
108,"[[0.16525635 0.15897986 0.15522624 0.10641912 0.12014462 0.02304488
  0.03661595 0.00647046 0.14624053 0.08160198]
 [0.16541235 0.22562476 0.14687032 0.04627415 0.11807668 0.10218339
  0.09380709 0.0317086  0.02409311 0.04594955]
 [0.18336457 0.16725592 0.14786851 0.13268665 0.11502821 0.02575585
  0.08878069 0.02062953 0.09577186 0.02285821]
 [0.19223799 0.15165572 0.10911502 0.11380505 0.15745889 0.14657019
  0.04036612 0.05739442 0.01683489 0.0145617 ]
 [0.16281334 0.20158139 0.16087174 0.12311192 0.11575827 0.11471582
  0.04496354 0.03504488 0.03330855 0.00783055]
 [0.17990826 0.13620912 0.16941584 0.12143844 0.06661836 0.11601424
  0.06603037 0.03755243 0.10104606 0.00576688]
 [0.14719909 0.12585337 0.1447914  0.12205482 0.10077151 0.0510653
  0.11665764 0.09345867 0.08921511 0.00893309]
 [0.19468223 0.18530551 0.15723277 0.13633054 0.14298751 0.12440023
  0.01041945 0.01809796 0.01750007 0.01304373]
 [0.2357584  0.17080278 0.10665304 0.0813957  0.15641578 0.07444861
  0.06398226 0.0336184  0.06682597 0.01009906]
 [0.19342202 0.18389908 0.15398926 0.13907119 0.04315807 0.12322127
  0.09059101 0.04154125 0.02800732 0.00309953]]"
109,"[[0.13807246 0.13433785 0.10603958 0.10341258 0.09743293 0.12485897
  0.11418551 0.07662986 0.05687962 0.04815063]
 [0.15117846 0.23492773 0.08690645 0.14132144 0.08304188 0.10130293
  0.04607198 0.07050026 0.0558555  0.02889336]
 [0.19071183 0.18160306 0.17970365 0.09702956 0.08317256 0.06780705
  0.06532261 0.04366445 0.04977702 0.04120822]
 [0.16542304 0.16447739 0.15728766 0.16348103 0.10111923 0.1009934
  0.06506745 0.0751155  0.00520031 0.00183499]
 [0.14906328 0.16091112 0.1353621  0.13234605 0.09466958 0.13086551
  0.10975382 0.08075638 0.00313787 0.00313429]
 [0.16866141 0.13227217 0.10024632 0.09393591 0.08267149 0.16476372
  0.08309383 0.08487719 0.0792639  0.01021407]
 [0.14721248 0.14576677 0.14341342 0.12726395 0.1272498  0.11931021
  0.06125459 0.0566268  0.04832411 0.02357786]
 [0.2468158  0.17666086 0.0891138  0.22758388 0.07597564 0.05600675
  0.06898524 0.03147247 0.02132437 0.00606119]
 [0.18888019 0.18774105 0.11601941 0.14271383 0.09475878 0.10589475
  0.07817609 0.04703312 0.01279339 0.0259894 ]
