,0
1,"[[0.18487137 0.32004598 0.29598854 0.10796838 0.09112574]
 [0.27671901 0.0946989  0.10813155 0.34243107 0.17801947]
 [0.21515515 0.00288609 0.24414619 0.26264376 0.27516881]
 [0.41424238 0.40742564 0.0910775  0.03085195 0.05640254]
 [0.31475384 0.20150132 0.00600539 0.21635012 0.26138934]]"
2,"[[0.25410548 0.04359583 0.0956654  0.25346893 0.35316436]
 [0.30507724 0.10469024 0.23922995 0.0661489  0.28485367]
 [0.2063484  0.23862274 0.17603972 0.36169534 0.0172938 ]
 [0.3545443  0.10449704 0.36054584 0.04547882 0.13493399]
 [0.30281734 0.17348343 0.20265438 0.26044609 0.06059875]]"
3,"[[0.20220279 0.49043126 0.01979237 0.02853408 0.25903951]
 [0.22681859 0.1824064  0.14020135 0.31971556 0.13085809]
 [0.30824001 0.28579343 0.1601248  0.15790588 0.08793589]
 [0.14688597 0.21951931 0.27796988 0.12727947 0.22834537]
 [0.21245747 0.1270778  0.32865852 0.19849879 0.13330742]]"
4,"[[0.28780222 0.26236423 0.17478176 0.00805404 0.26699775]
 [0.00419932 0.29106999 0.19965572 0.27610476 0.22897021]
 [0.37317065 0.29251302 0.05016669 0.14452496 0.13962468]
 [0.23780312 0.26969243 0.04054546 0.25293194 0.19902705]
 [0.3283936  0.22299062 0.29884835 0.1400964  0.00967103]]"
5,"[[0.3529638  0.15492527 0.32009676 0.14393099 0.02808318]
 [0.11529129 0.27746425 0.04750695 0.26643532 0.29330219]
 [0.21911674 0.22425813 0.45825553 0.07605185 0.02231774]
 [0.25191949 0.19156921 0.25084204 0.07262107 0.23304819]
 [0.17930102 0.13405319 0.3129648  0.30787525 0.06580574]]"
6,"[[0.08207934 0.1517136  0.10133535 0.31615533 0.34871638]
 [0.38534198 0.22430026 0.11463399 0.05828729 0.21743648]
 [0.22262946 0.24247963 0.21890725 0.15974741 0.15623624]
 [0.24007726 0.13072742 0.2541524  0.14035585 0.23468707]
 [0.2343169  0.18041008 0.2859897  0.24917541 0.0501079 ]]"
7,"[[0.24615603 0.14680548 0.27342222 0.21868224 0.11493403]
 [0.1130456  0.29169337 0.20136781 0.23298472 0.1609085 ]
 [0.01276809 0.38373611 0.28739772 0.22511006 0.09098802]
 [0.42576612 0.18421767 0.18579017 0.01182985 0.19239619]
 [0.36739933 0.03399535 0.34621633 0.03155898 0.22083001]]"
8,"[[0.29225152 0.23314228 0.07302867 0.18726774 0.21430979]
 [0.36071136 0.23208936 0.07367546 0.20340112 0.1301227 ]
 [0.21815138 0.14987837 0.15621599 0.35344936 0.12230491]
 [0.21875351 0.08904368 0.14123507 0.30544518 0.24552255]
 [0.26143602 0.23983333 0.06966604 0.21785495 0.21120966]]"
9,"[[0.36156744 0.20992716 0.13378228 0.23420645 0.06051668]
 [0.41772372 0.34310694 0.10387301 0.03449555 0.10080078]
 [0.16357646 0.3509505  0.05136245 0.16208308 0.27202752]
 [0.06410733 0.35747037 0.2058941  0.09454292 0.27798527]
 [0.11221849 0.21905443 0.19887173 0.16819088 0.30166447]]"
10,"[[0.4837516  0.15057793 0.17791636 0.17592758 0.01182654]
 [0.33677585 0.04347528 0.30561364 0.07145007 0.24268517]
 [0.19719634 0.2901696  0.21648011 0.1760472  0.12010675]
 [0.34479318 0.04673698 0.05026744 0.31189042 0.24631197]
 [0.24073374 0.31763603 0.01223849 0.34169298 0.08769876]]"
11,"[[0.24106212 0.21648981 0.20223769 0.15539768 0.1848127 ]
 [0.29773958 0.28236274 0.00121749 0.27117315 0.14750704]
 [0.35286376 0.30838133 0.03601574 0.1745682  0.12817096]
 [0.40514284 0.12911196 0.10670375 0.26592301 0.09311844]
 [0.21875585 0.06387388 0.06168893 0.11237911 0.54330223]]"
12,"[[0.22118764 0.28933494 0.20383056 0.01201684 0.27363003]
 [0.1266316  0.19449877 0.11326651 0.44093679 0.12466633]
 [0.33195407 0.35798959 0.01761387 0.22197086 0.07047161]
 [0.08583724 0.46379022 0.24678414 0.11887754 0.08471086]
 [0.23851265 0.11378867 0.07385826 0.52212598 0.05171444]]"
13,"[[0.29442199 0.2907134  0.16871523 0.24232503 0.00382435]
 [0.31079751 0.07031722 0.36217825 0.20583908 0.05086794]
 [0.06041617 0.15057017 0.26047769 0.07906994 0.44946603]
 [0.35037659 0.16463311 0.3319354  0.06810863 0.08494628]
 [0.20993966 0.21585192 0.25199143 0.16976175 0.15245524]]"
14,"[[0.15815956 0.32438691 0.11273798 0.2831772  0.12153836]
 [0.22888529 0.18669024 0.16831139 0.10987446 0.30623862]
 [0.2180352  0.21303224 0.17871422 0.10961727 0.28060107]
 [0.49653074 0.18987837 0.12465066 0.17273247 0.01620776]
 [0.27202783 0.18368154 0.07503993 0.33159268 0.13765803]]"
15,"[[0.38767484 0.23428971 0.19467455 0.04053386 0.14282704]
 [0.33322312 0.08388603 0.25589177 0.27889655 0.04810253]
 [0.1840474  0.26628782 0.21687118 0.15204442 0.18074919]
 [0.01777005 0.08092052 0.23330502 0.31775218 0.35025223]
 [0.31262491 0.37944479 0.03745484 0.22602469 0.04445077]]"
16,"[[0.29891105 0.28347601 0.15309176 0.26271867 0.00180251]
 [0.23715138 0.18196981 0.30322443 0.07812115 0.19953325]
 [0.27487428 0.16317393 0.08113784 0.4632618  0.01755215]
 [0.15728102 0.23773211 0.14810024 0.17102458 0.28586206]
 [0.19844839 0.34668915 0.26320791 0.05812508 0.13352947]]"
17,"[[0.21816701 0.23831561 0.23347799 0.07925067 0.23078872]
 [0.21707833 0.30013793 0.04543983 0.23367119 0.20367273]
 [0.00876466 0.23830825 0.22127527 0.2992889  0.23236293]
 [0.06235268 0.37200992 0.25454027 0.24036906 0.07072807]
 [0.43543646 0.1317872  0.05829737 0.22975216 0.14472681]]"
18,"[[1.63122344e-01 1.08321830e-01 2.38729168e-01 2.35681491e-01
  2.54145166e-01]
 [2.28967810e-01 2.70501910e-01 2.60038133e-01 2.70796802e-02
  2.13412466e-01]
 [4.11578553e-01 3.15648521e-02 1.60916013e-01 1.45138511e-01
  2.50802072e-01]
 [3.15097325e-01 2.50894245e-01 1.96929772e-01 1.52730151e-01
  8.43485076e-02]
 [1.33921796e-01 5.73836893e-02 5.60156663e-01 3.72953851e-04
  2.48164898e-01]]"
19,"[[0.23993471 0.09567534 0.2314709  0.09969559 0.33322345]
 [0.11052699 0.36314614 0.03149498 0.06022229 0.43460961]
 [0.31328358 0.15432347 0.33871925 0.14380152 0.04987219]
 [0.32557656 0.04498649 0.27459052 0.09644227 0.25840416]
 [0.23462563 0.14356577 0.15606598 0.24738181 0.2183608 ]]"
20,"[[0.35129857 0.1603447  0.37745421 0.10373295 0.00716957]
 [0.13758052 0.09982182 0.30791603 0.29261828 0.16206335]
 [0.32711557 0.11849563 0.28157041 0.23088118 0.0419372 ]
 [0.25952642 0.33345091 0.18480425 0.1869157  0.03530272]
 [0.1536233  0.25803971 0.04042929 0.27477924 0.27312846]]"
21,"[[0.24239932 0.38302483 0.05551243 0.19727057 0.12179284]
 [0.20337141 0.12387853 0.32486198 0.21747996 0.13040812]
 [0.37116821 0.12915591 0.05855347 0.32830244 0.11281998]
 [0.30857769 0.02452653 0.20419564 0.25888901 0.20381113]
 [0.21500678 0.00075783 0.26177164 0.26224389 0.26021986]]"
22,"[[3.64112881e-01 3.05235883e-01 1.89118101e-01 7.80322659e-02
  6.35008695e-02]
 [2.54626531e-01 2.49452371e-01 2.05366569e-01 7.66951009e-02
  2.13859428e-01]
 [4.49817543e-02 2.79061061e-01 9.33551846e-02 3.21118853e-01
  2.61483147e-01]
 [2.88223016e-01 3.16362547e-01 7.53645357e-02 8.13048233e-02
  2.38745078e-01]
 [3.21687437e-02 8.94254916e-02 6.94016143e-01 1.83998294e-01
  3.91327484e-04]]"
23,"[[0.02065609 0.08589743 0.33595586 0.32100824 0.23648238]
 [0.21253042 0.36147    0.02884337 0.18396155 0.21319466]
 [0.18730225 0.49774069 0.21789402 0.01280322 0.08425983]
 [0.32122866 0.16913841 0.21685541 0.03578659 0.25699092]
 [0.22424996 0.23643007 0.30271492 0.20424432 0.03236073]]"
24,"[[0.24628143 0.08132372 0.46847502 0.11001489 0.09390494]
 [0.26810343 0.20409047 0.19934566 0.03908765 0.28937279]
 [0.29795053 0.01027161 0.10779228 0.29528643 0.28869915]
 [0.38138451 0.20618381 0.03754379 0.1951339  0.17975399]
 [0.18069649 0.32496167 0.10291789 0.35286336 0.03856059]]"
25,"[[0.00418691 0.2658646  0.22928224 0.29226107 0.20840517]
 [0.27370164 0.14602967 0.065189   0.02725547 0.48782421]
 [0.37479649 0.0621301  0.35785653 0.12830038 0.07691651]
 [0.12873497 0.29284512 0.21475594 0.30466704 0.05899693]
 [0.26500498 0.11629649 0.25941772 0.15728138 0.20199943]]"
26,"[[0.12581556 0.41688731 0.25636546 0.16099532 0.03993635]
 [0.27180883 0.20181488 0.11751203 0.23898355 0.16988071]
 [0.08005294 0.39277927 0.28590144 0.0730491  0.16821726]
 [0.03711783 0.13008599 0.25356264 0.41181709 0.16741646]
 [0.04577209 0.28735539 0.22830185 0.22353558 0.2150351 ]]"
27,"[[0.21361027 0.28608797 0.16534589 0.30699486 0.02796101]
 [0.01297647 0.34959934 0.3344246  0.14709523 0.15590436]
 [0.32646461 0.32928817 0.17455844 0.12066372 0.04902506]
 [0.08670114 0.19945083 0.07889772 0.23368802 0.4012623 ]
 [0.20362158 0.18022686 0.08873691 0.19779498 0.32961966]]"
28,"[[0.24357639 0.26230681 0.23768767 0.18308756 0.07334156]
 [0.23135664 0.21949321 0.17081934 0.19847446 0.17985635]
 [0.49383834 0.1325436  0.09928243 0.07405189 0.20028374]
 [0.08037762 0.20811083 0.36277052 0.15580961 0.19293143]
 [0.24697967 0.3799974  0.15911784 0.13454133 0.07936376]]"
29,"[[0.26393061 0.35993904 0.20722752 0.00776182 0.16114101]
 [0.2679893  0.14588243 0.20926846 0.12303768 0.25382213]
 [0.05149538 0.08956287 0.04222101 0.53912802 0.27759271]
 [0.24698901 0.30422774 0.32609542 0.08679796 0.03588987]
 [0.01508277 0.06621685 0.39390159 0.35945767 0.16534113]]"
30,"[[0.11841041 0.05447805 0.22899995 0.01501587 0.58309572]
 [0.33219496 0.171416   0.04563578 0.15241986 0.29833339]
 [0.28898747 0.17035636 0.18379676 0.15999001 0.1968694 ]
 [0.39157049 0.29078072 0.10873439 0.13472885 0.07418556]
 [0.2476796  0.25266895 0.0741382  0.2299775  0.19553575]]"
31,"[[0.04388676 0.57724922 0.18876697 0.08235225 0.1077448 ]
 [0.16594151 0.1629888  0.20171651 0.34096382 0.12838935]
 [0.39586567 0.13816662 0.33744079 0.04569775 0.08282916]
 [0.28805357 0.30333961 0.15275745 0.25080179 0.00504757]
 [0.20996915 0.01983278 0.35099367 0.40623459 0.01296981]]"
32,"[[0.28142987 0.235825   0.04058106 0.25727038 0.18489369]
 [0.16660746 0.10609165 0.25033617 0.27497935 0.20198538]
 [0.31238211 0.30918886 0.07029245 0.15757032 0.15056627]
 [0.12769176 0.42795939 0.13881196 0.05043975 0.25509713]
 [0.18508654 0.48890989 0.12611725 0.19932901 0.00055732]]"
33,"[[0.37644616 0.36449772 0.11919427 0.09468873 0.04517313]
 [0.07421297 0.33971817 0.03169484 0.20902038 0.34535365]
 [0.24513219 0.02057093 0.40694272 0.01872414 0.30863003]
 [0.33007484 0.13922566 0.09417435 0.14913992 0.28738522]
 [0.1984147  0.18238643 0.21642898 0.11682269 0.28594721]]"
34,"[[0.32904    0.16886881 0.16659361 0.24346858 0.09202899]
 [0.34923596 0.18272906 0.01112852 0.25213024 0.20477622]
 [0.06868644 0.0602507  0.2685409  0.3229894  0.27953255]
 [0.25524279 0.24162595 0.18082217 0.22565347 0.09665563]
 [0.36230268 0.33509936 0.07517366 0.21915517 0.00826912]]"
35,"[[0.2024014  0.19442972 0.30064284 0.17994921 0.12257684]
 [0.31780942 0.12791057 0.18618701 0.35157855 0.01651445]
 [0.19770626 0.2279433  0.19842574 0.1571507  0.21877401]
 [0.22391674 0.27948486 0.13031028 0.18217189 0.18411624]
 [0.27464727 0.27518411 0.01774317 0.18647583 0.24594962]]"
36,"[[0.08340053 0.35930445 0.24501636 0.2157     0.09657866]
 [0.14719132 0.25898738 0.28378897 0.15436085 0.15567148]
 [0.2404663  0.31456765 0.21387127 0.19031073 0.04078406]
 [0.25799079 0.15961828 0.26289845 0.06974604 0.24974644]
 [0.14276348 0.20401107 0.31898864 0.13314145 0.20109537]]"
37,"[[0.28707416 0.16771986 0.08538491 0.19868671 0.26113435]
 [0.25635074 0.25027841 0.15523058 0.01752865 0.32061161]
 [0.32515275 0.06653274 0.20375847 0.29581469 0.10874135]
 [0.11033067 0.27374392 0.11866416 0.2577477  0.23951355]
 [0.30731243 0.35876963 0.04594547 0.08568056 0.20229191]]"
38,"[[0.24404654 0.09881886 0.31344188 0.28379639 0.05989633]
 [0.31304129 0.06307276 0.23942318 0.27334408 0.11111869]
 [0.26063479 0.2611055  0.07068856 0.3868288  0.02074235]
 [0.39409921 0.38723534 0.02905072 0.09891389 0.09070085]
 [0.02759124 0.19178731 0.24209253 0.19174031 0.34678861]]"
39,"[[0.29425087 0.31809077 0.0176488  0.34710333 0.02290622]
 [0.2637127  0.12027258 0.30514365 0.20205951 0.10881156]
 [0.04296155 0.34945796 0.10429267 0.34527791 0.15800992]
 [0.22017188 0.28554333 0.04055224 0.17143674 0.28229582]
 [0.15931955 0.30035647 0.17675108 0.25896817 0.10460473]]"
40,"[[0.18386366 0.16600542 0.32536328 0.19624949 0.12851815]
 [0.33780707 0.28540752 0.06939142 0.19756032 0.10983367]
 [0.07692523 0.39814026 0.00915181 0.17984982 0.33593288]
 [0.30613849 0.02256495 0.35305941 0.20833385 0.1099033 ]
 [0.12834337 0.52891914 0.19527114 0.08335193 0.06411441]]"
41,"[[0.33409362 0.16948296 0.25008245 0.08594536 0.16039561]
 [0.22289694 0.21031562 0.18232444 0.17466444 0.20979855]
 [0.18488234 0.01329019 0.48893953 0.29757433 0.01531361]
 [0.16049164 0.25105234 0.13973177 0.10945042 0.33927383]
 [0.25199754 0.03076938 0.2752069  0.01435065 0.42767553]]"
42,"[[0.21382483 0.04250539 0.23548894 0.2138238  0.29435703]
 [0.17735043 0.4030496  0.05024701 0.03639254 0.33296042]
 [0.2225894  0.08274342 0.22824515 0.20822831 0.25819372]
 [0.09188384 0.43226747 0.16826888 0.28712792 0.02045188]
 [0.22147454 0.24655638 0.17813851 0.10324794 0.25058264]]"
43,"[[0.25532632 0.40888322 0.01820173 0.24666855 0.07092018]
 [0.46263673 0.14706304 0.06269839 0.22562556 0.10197628]
 [0.25328796 0.22271847 0.21510034 0.160757   0.14813623]
 [0.26216037 0.23618803 0.24118701 0.14292996 0.11753463]
 [0.1624703  0.16976546 0.00383114 0.38291402 0.28101909]]"
44,"[[0.20773455 0.25914272 0.21637593 0.22449986 0.09224694]
 [0.30726623 0.2623083  0.06750889 0.23862542 0.12429117]
 [0.23600943 0.24310316 0.12225372 0.18076844 0.21786526]
 [0.32613477 0.13401421 0.01952596 0.26158562 0.25873944]
 [0.11353953 0.22929553 0.2784852  0.00221955 0.37646019]]"
45,"[[0.35811409 0.07798621 0.17979491 0.36218734 0.02191744]
 [0.27402561 0.26525219 0.09728049 0.22920415 0.13423757]
 [0.25025559 0.50513487 0.19866236 0.00250518 0.04344201]
 [0.21704196 0.21064121 0.22477038 0.23563749 0.11190897]
 [0.18572802 0.21045568 0.13792322 0.25196386 0.21392922]]"
46,"[[0.19912109 0.29107749 0.23281031 0.01023219 0.26675892]
 [0.25010995 0.09752126 0.27499965 0.28914387 0.08822527]
 [0.08897456 0.3858378  0.25196916 0.00089763 0.27232084]
 [0.27013188 0.17574254 0.30011701 0.16135608 0.0926525 ]
 [0.3340262  0.04990785 0.16936558 0.12346405 0.32323631]]"
47,"[[0.28545659 0.26993173 0.05506029 0.10183305 0.28771834]
 [0.1104844  0.3287688  0.32208397 0.00375564 0.23490719]
 [0.18419028 0.43045627 0.05885146 0.30966479 0.0168372 ]
 [0.22949348 0.16413171 0.11565197 0.3095304  0.18119244]
 [0.26345302 0.25038471 0.28615491 0.13665263 0.06335473]]"
48,"[[0.21470128 0.3813426  0.08865016 0.26004614 0.05525982]
 [0.16580396 0.169857   0.03188558 0.35763391 0.27481955]
 [0.21928856 0.29925662 0.18222149 0.17762379 0.12160954]
 [0.25573811 0.23077113 0.28086133 0.04274223 0.1898872 ]
 [0.24112363 0.19841061 0.26148652 0.22972938 0.06924986]]"
49,"[[0.23714084 0.24862516 0.43558248 0.03965961 0.03899191]
 [0.29704964 0.04396186 0.27882328 0.297664   0.08250122]
 [0.11680025 0.31536502 0.22561624 0.17018066 0.17203782]
 [0.38755148 0.21887358 0.25152481 0.08848925 0.05356089]
 [0.48944044 0.11761714 0.16081369 0.05548058 0.17664816]]"
50,"[[0.24492558 0.20410046 0.20496274 0.15680983 0.18920139]
 [0.21007959 0.17757256 0.34362361 0.12508024 0.143644  ]
 [0.38374006 0.14140388 0.07262621 0.04482919 0.35740066]
 [0.28018549 0.20604582 0.16518102 0.06502708 0.28356058]
 [0.02465388 0.33619573 0.11694117 0.30293525 0.21927397]]"
51,"[[0.21491019 0.1535194  0.27052732 0.04556731 0.31547579]
 [0.23855283 0.30454603 0.20891163 0.17689754 0.07109196]
 [0.05726014 0.44826835 0.00311818 0.3720961  0.11925723]
 [0.20536921 0.12928848 0.04948845 0.30297313 0.31288072]
 [0.20087713 0.35682157 0.17584851 0.01825754 0.24819524]]"
52,"[[0.37559535 0.25722495 0.19320837 0.09007014 0.08390118]
 [0.28131866 0.22557325 0.10081041 0.24041781 0.15187986]
 [0.13606979 0.14331171 0.13414078 0.20864484 0.37783288]
 [0.25100032 0.25897804 0.123165   0.32492949 0.04192714]
 [0.33297571 0.35940464 0.03076247 0.05959791 0.21725928]]"
53,"[[0.227442   0.18937291 0.15949435 0.32019452 0.10349622]
 [0.3807494  0.02760258 0.10276196 0.23133503 0.25755103]
 [0.47926259 0.01893916 0.29197086 0.01492282 0.19490457]
 [0.00462416 0.34439632 0.0752177  0.35607856 0.21968326]
 [0.16086847 0.04649594 0.3333063  0.14159775 0.31773154]]"
54,"[[0.02232454 0.59406243 0.27595976 0.07281104 0.03484224]
 [0.22869004 0.32775768 0.03314415 0.07624638 0.33416175]
 [0.28706328 0.27567232 0.05124959 0.13450154 0.25151327]
 [0.36562333 0.29910687 0.13989483 0.07419933 0.12117565]
 [0.25796258 0.17416888 0.30867636 0.14712675 0.11206543]]"
55,"[[0.25273547 0.30666465 0.17401017 0.16551703 0.10107268]
 [0.0476159  0.09770152 0.25437628 0.11056591 0.48974038]
 [0.11308605 0.07081367 0.567458   0.23867163 0.00997065]
 [0.27136315 0.21360308 0.28632446 0.1953376  0.0333717 ]
 [0.28006213 0.03523434 0.30317127 0.24968028 0.13185198]]"
56,"[[0.16495051 0.10644766 0.3373324  0.22255481 0.16871462]
 [0.29196189 0.19931453 0.26272222 0.06400944 0.18199192]
 [0.05883098 0.38577025 0.21092778 0.17369441 0.17077659]
 [0.31135462 0.187682   0.36767635 0.07629329 0.05699374]
 [0.22819969 0.29148773 0.13915499 0.24974221 0.09141538]]"
57,"[[0.3249874  0.10703717 0.28870872 0.1199708  0.15929591]
 [0.4484386  0.38513589 0.14174485 0.01896242 0.00571824]
 [0.11085272 0.23146742 0.20619627 0.15911328 0.29237031]
 [0.22524365 0.36282405 0.27380239 0.12177045 0.01635947]
 [0.18806594 0.44343454 0.20966096 0.00998792 0.14885064]]"
58,"[[0.07897862 0.19974394 0.24138864 0.43291336 0.04697544]
 [0.34251054 0.3145506  0.19083248 0.09671265 0.05539374]
 [0.21376391 0.27506404 0.2168769  0.08536968 0.20892547]
 [0.15721319 0.24481325 0.26666951 0.07631378 0.25499026]
 [0.29970107 0.09572285 0.16640832 0.08598053 0.35218722]]"
59,"[[0.30096425 0.10933922 0.10668367 0.14839367 0.33461919]
 [0.02864929 0.32452744 0.13291876 0.2897643  0.2241402 ]
 [0.36328706 0.08888627 0.2699816  0.26832363 0.00952145]
 [0.12170879 0.22607096 0.20951171 0.37590823 0.06680033]
 [0.3046281  0.33673342 0.15610359 0.18091254 0.02162235]]"
60,"[[0.29778014 0.14490423 0.19621555 0.19699412 0.16410596]
 [0.24246534 0.20079246 0.34342883 0.0503784  0.16293498]
 [0.13997202 0.1805198  0.30501711 0.15360361 0.22088747]
 [0.30066193 0.19757287 0.12848729 0.0815446  0.29173331]
 [0.18897419 0.36452791 0.06850775 0.26514735 0.11284279]]"
61,"[[0.01989318 0.58910304 0.05976918 0.02433184 0.30690276]
 [0.19775313 0.2145843  0.17970367 0.04742446 0.36053444]
 [0.33616412 0.10887393 0.24589685 0.14093225 0.16813285]
 [0.21056102 0.20986108 0.15561611 0.29459333 0.12936846]
 [0.23493416 0.20146205 0.23192981 0.13122847 0.20044552]]"
62,"[[0.27549196 0.1297182  0.24651006 0.03648117 0.3117986 ]
 [0.25384799 0.02859286 0.17353683 0.2202275  0.32379483]
 [0.15428399 0.27901198 0.15864504 0.2051297  0.20292929]
 [0.01790324 0.36865644 0.01099545 0.35960159 0.24284329]
 [0.22061398 0.23509673 0.15782925 0.24780953 0.13865051]]"
63,"[[0.16510034 0.23764578 0.30699453 0.19534438 0.09491498]
 [0.30292832 0.26793264 0.03567076 0.09561484 0.29785344]
 [0.37138995 0.26878544 0.05875369 0.19478819 0.10628274]
 [0.14889377 0.22243158 0.14172994 0.2060564  0.28088831]
 [0.23266495 0.16019243 0.32810204 0.14776652 0.13127406]]"
64,"[[0.30352774 0.21272892 0.1037009  0.02778646 0.35225599]
 [0.22991398 0.03721867 0.17028481 0.43005828 0.13252426]
 [0.08391103 0.25951293 0.24743847 0.25844722 0.15069035]
 [0.14101995 0.42773241 0.14093774 0.1183244  0.1719855 ]
 [0.24081978 0.19060971 0.1455225  0.31094219 0.11210583]]"
65,"[[0.312504   0.2056694  0.31124128 0.0388667  0.13171861]
 [0.04539194 0.15149587 0.32360552 0.2557957  0.22371097]
 [0.15709063 0.27551454 0.22143824 0.12661337 0.21934321]
 [0.22058004 0.10108845 0.21998529 0.29121603 0.16713018]
 [0.07494388 0.19895489 0.39246063 0.2951289  0.03851171]]"
66,"[[0.63073957 0.02471088 0.00689981 0.12489088 0.21275886]
 [0.03503675 0.35875637 0.40171567 0.18628666 0.01820456]
 [0.2242891  0.30927584 0.15863054 0.15837449 0.14943003]
 [0.28126384 0.34038581 0.19165822 0.00483209 0.18186004]
 [0.27862241 0.31905414 0.18195665 0.10459112 0.11577568]]"
67,"[[0.1696347  0.21216221 0.19311866 0.07580447 0.34927997]
 [0.0296291  0.27869724 0.53970684 0.09945253 0.05251429]
 [0.23955385 0.18688331 0.03699467 0.24732844 0.28923973]
 [0.0811584  0.18883395 0.26913715 0.28340824 0.17746227]
 [0.2630809  0.21895246 0.01185101 0.22128993 0.28482571]]"
68,"[[0.26387144 0.26030278 0.07415503 0.18406554 0.2176052 ]
 [0.26291563 0.09788751 0.27882098 0.09571729 0.26465859]
 [0.23221851 0.33541048 0.1861039  0.16136018 0.08490694]
 [0.27218733 0.22534806 0.02796262 0.15124267 0.32325933]
 [0.07292483 0.03468613 0.33793372 0.35122516 0.20323016]]"
69,"[[0.19166254 0.15433952 0.19074835 0.26421218 0.19903741]
 [0.05422428 0.44086756 0.02897557 0.32240287 0.15352971]
 [0.46492045 0.06524768 0.38789238 0.05728123 0.02465826]
 [0.34227398 0.33929225 0.15278378 0.15552715 0.01012285]
 [0.11770467 0.2248323  0.3327176  0.2467489  0.07799653]]"
70,"[[0.25143706 0.26424606 0.33385351 0.08415489 0.06630847]
 [0.21048259 0.18072819 0.2452622  0.19595396 0.16757307]
 [0.15682895 0.37225378 0.02276807 0.31978717 0.12836203]
 [0.29071309 0.12477989 0.20003855 0.19478814 0.18968033]
 [0.2269173  0.25161571 0.29993052 0.1435002  0.07803626]]"
71,"[[0.2491448  0.18178068 0.34583584 0.17802144 0.04521724]
 [0.21249036 0.43811234 0.19036471 0.08808282 0.07094977]
 [0.2750818  0.29419407 0.0208934  0.1907863  0.21904444]
 [0.12652844 0.34461178 0.05887411 0.38888695 0.08109871]
 [0.19503366 0.04523332 0.10280454 0.5390116  0.11791688]]"
72,"[[0.126337   0.23523264 0.17690726 0.22775899 0.2337641 ]
 [0.31369812 0.27505476 0.02352867 0.12504119 0.26267726]
 [0.27931376 0.12214544 0.30125933 0.1806952  0.11658628]
 [0.23568759 0.16435236 0.26339109 0.23862331 0.09794564]
 [0.35697243 0.22814797 0.14967678 0.12646491 0.13873791]]"
73,"[[0.2229793  0.30653616 0.42803896 0.03363692 0.00880865]
 [0.15322283 0.16509804 0.30318125 0.23598658 0.14251129]
 [0.21395216 0.17667364 0.1517451  0.24874689 0.20888221]
 [0.20665161 0.19755508 0.27583997 0.1360484  0.18390494]
 [0.30531889 0.01969427 0.19499384 0.40133507 0.07865793]]"
74,"[[0.25000872 0.35688544 0.2125405  0.09185215 0.08871318]
 [0.27427562 0.31666823 0.08713488 0.25154065 0.07038062]
 [0.14055755 0.27301725 0.0656658  0.2875842  0.2331752 ]
 [0.27717465 0.09891305 0.42927387 0.13133036 0.06330807]
 [0.50185124 0.09580997 0.07858499 0.10601699 0.21773681]]"
75,"[[0.29588315 0.06982244 0.23814284 0.27438413 0.12176743]
 [0.25869012 0.15980919 0.26292022 0.13286905 0.18571141]
 [0.09110934 0.2670455  0.03490122 0.30386664 0.3030773 ]
 [0.02704138 0.47246374 0.32720988 0.02299533 0.15028967]
 [0.17746405 0.62374622 0.0388505  0.06960816 0.09033107]]"
76,"[[0.27146826 0.05227301 0.21675688 0.34064768 0.11885417]
 [0.29160152 0.32145884 0.280561   0.05421974 0.05215889]
 [0.1993342  0.26012174 0.31457843 0.20628353 0.0196821 ]
 [0.00368882 0.20707831 0.38213243 0.32248991 0.08461053]
 [0.148326   0.30602086 0.07734542 0.22411643 0.24419129]]"
77,"[[0.03144067 0.07884227 0.33199758 0.16691084 0.39080864]
 [0.06248551 0.27056398 0.13625685 0.26512624 0.26556741]
 [0.41716722 0.07991589 0.27558715 0.06622954 0.1611002 ]
 [0.2299712  0.19801185 0.32253393 0.11632927 0.13315375]
 [0.25464264 0.27537032 0.01330693 0.26409012 0.19258999]]"
78,"[[0.32287895 0.07183002 0.13935506 0.2179283  0.24800766]
 [0.13440989 0.44662855 0.03856428 0.14109691 0.23930036]
 [0.17791709 0.35997062 0.07497643 0.13581237 0.25132349]
 [0.15324927 0.19516191 0.28421671 0.27252423 0.09484788]
 [0.48540076 0.13190958 0.05421656 0.01128532 0.31718778]]"
79,"[[0.26302844 0.30711105 0.10844356 0.05722978 0.26418716]
 [0.19378848 0.13599409 0.3889146  0.25960286 0.02169997]
 [0.32773486 0.30510311 0.01669389 0.2116414  0.13882673]
 [0.29511499 0.25060178 0.22582143 0.02303667 0.20542513]
 [0.06893427 0.16491537 0.10532543 0.31025083 0.35057411]]"
80,"[[0.20307801 0.12185211 0.37761619 0.23248668 0.06496702]
 [0.14221747 0.11656401 0.23541817 0.08065231 0.42514804]
 [0.01739324 0.24853612 0.20240428 0.24041394 0.29125243]
 [0.17598395 0.04469492 0.20936199 0.31556438 0.25439476]
 [0.33319389 0.02838907 0.23932907 0.20732213 0.19176583]]"
81,"[[0.10047872 0.12028985 0.24863245 0.24609436 0.28450461]
 [0.28231306 0.04894247 0.29445566 0.25598996 0.11829884]
 [0.05873832 0.36088914 0.01203368 0.2398472  0.32849165]
 [0.29808386 0.24630204 0.08277285 0.14519071 0.22765053]
 [0.22585421 0.24170922 0.23463409 0.06472185 0.23308064]]"
82,"[[0.11579076 0.15593178 0.07563673 0.36775664 0.28488409]
 [0.29174808 0.33169382 0.14380912 0.08618989 0.14655909]
 [0.16789395 0.25378713 0.18031272 0.24490609 0.15310011]
 [0.39006415 0.00676958 0.36300581 0.23396963 0.00619083]
 [0.28908138 0.0931697  0.23821125 0.10557444 0.27396323]]"
83,"[[0.34367498 0.03217773 0.1713271  0.17254774 0.28027245]
 [0.02719151 0.285493   0.3301151  0.27188695 0.08531344]
 [0.24192567 0.28797656 0.23300787 0.17654388 0.06054603]
 [0.2008079  0.32473067 0.10186151 0.31048041 0.06211951]
 [0.29212315 0.2832434  0.10431971 0.02881223 0.29150151]]"
84,"[[0.27500983 0.10759234 0.27136834 0.09459639 0.25143309]
 [0.00419135 0.00450743 0.26551999 0.17906594 0.54671529]
 [0.05088266 0.34710576 0.2942078  0.2771955  0.03060828]
 [0.16978372 0.10685226 0.26496781 0.20376695 0.25462926]
 [0.33849472 0.08388207 0.15107744 0.34286265 0.08368312]]"
85,"[[0.18228323 0.30995642 0.20901874 0.10695319 0.19178843]
 [0.31406935 0.05864586 0.08251914 0.38523992 0.15952574]
 [0.25824928 0.32319958 0.22794057 0.1224921  0.06811847]
 [0.46997631 0.05256306 0.24276641 0.08128227 0.15341194]
 [0.07635402 0.6767363  0.02883023 0.16720599 0.05087346]]"
86,"[[0.31754623 0.25894958 0.24698813 0.02843291 0.14808314]
 [0.20263036 0.22022897 0.3318378  0.15774493 0.08755793]
 [0.28971162 0.11761582 0.11412835 0.23088839 0.24765582]
 [0.25852864 0.25036458 0.23565622 0.08835094 0.16709962]
 [0.29770561 0.10820546 0.41286219 0.01597544 0.1652513 ]]"
87,"[[0.24913808 0.03002834 0.15655706 0.27486084 0.28941567]
 [0.14168715 0.27596997 0.25423575 0.10023747 0.22786966]
 [0.16282705 0.22344307 0.21270415 0.38142822 0.0195975 ]
 [0.28836153 0.05899376 0.39340484 0.07319546 0.18604441]
 [0.33512676 0.12898958 0.05682926 0.10397313 0.37508127]]"
88,"[[0.23340807 0.17179842 0.23015689 0.12345203 0.24118459]
 [0.20280301 0.29391421 0.20703749 0.12226881 0.17397648]
 [0.20081309 0.27556987 0.15013872 0.11018431 0.26329401]
 [0.39484615 0.15989244 0.03916578 0.23449005 0.17160558]
 [0.15792923 0.06263767 0.0186287  0.41556503 0.34523938]]"
89,"[[0.35917379 0.03111017 0.1232713  0.39150054 0.0949442 ]
 [0.17385449 0.22466604 0.08382323 0.21385856 0.30379768]
 [0.28492379 0.23098611 0.18660632 0.21922244 0.07826133]
 [0.4076081  0.17207037 0.17402005 0.0623824  0.18391908]
 [0.34666186 0.28758723 0.17892006 0.12231799 0.06451286]]"
90,"[[0.32108358 0.15829527 0.08036794 0.31059178 0.12966143]
 [0.17496661 0.24884766 0.2174331  0.2064767  0.15227593]
 [0.11403369 0.2300969  0.07726328 0.24325985 0.33534629]
 [0.11490845 0.32372038 0.0444469  0.25237605 0.26454821]
 [0.49192518 0.29524394 0.0782088  0.05193531 0.08268677]]"
91,"[[0.33083728 0.09441629 0.27814198 0.2574377  0.03916674]
 [0.26235224 0.04025753 0.22952925 0.34612616 0.12173481]
 [0.25698109 0.40986139 0.16282177 0.02152337 0.14881237]
 [0.37665965 0.33806183 0.04480492 0.11954825 0.12092536]
 [0.34665881 0.26974317 0.17554184 0.12763982 0.08041636]]"
92,"[[0.34627825 0.31836573 0.0540943  0.14577453 0.13548719]
 [0.11295545 0.15850839 0.16018957 0.3580348  0.21031179]
 [0.21659541 0.23846322 0.34424825 0.02404286 0.17665027]
 [0.1860264  0.19144783 0.1821006  0.22491555 0.21550962]
 [0.25561117 0.64550701 0.05559159 0.02506479 0.01822543]]"
93,"[[0.25719287 0.23456232 0.06829033 0.2440706  0.19588389]
 [0.38282886 0.0214111  0.24435479 0.19284213 0.15856312]
 [0.39891703 0.01808808 0.07200025 0.21359095 0.29740369]
 [0.15812318 0.35846953 0.18185919 0.12146376 0.18008434]
 [0.24368906 0.25848945 0.06261928 0.15420996 0.28099225]]"
94,"[[0.14367431 0.1647255  0.35421091 0.13481554 0.20257374]
 [0.22906759 0.26375375 0.11170551 0.21133932 0.18413385]
 [0.11959083 0.02908038 0.47350899 0.35947267 0.01834714]
 [0.21737707 0.29421413 0.19425521 0.15355134 0.14060224]
 [0.11366564 0.20310743 0.19636709 0.21398382 0.27287602]]"
95,"[[0.23404577 0.14696511 0.13974338 0.41068839 0.06855735]
 [0.17718177 0.17989021 0.27512757 0.31246597 0.05533448]
 [0.28954289 0.24781005 0.02285997 0.40877136 0.03101573]
 [0.31419431 0.0054023  0.16433137 0.34464023 0.17143179]
 [0.16570352 0.29940896 0.26651731 0.13025388 0.13811634]]"
96,"[[0.20191801 0.46926592 0.10710557 0.16118929 0.06052121]
 [0.33227826 0.20453721 0.26051626 0.04785801 0.15481026]
 [0.09931045 0.35910839 0.21809371 0.15639027 0.16709718]
 [0.27508655 0.26745573 0.23453403 0.15478966 0.06813403]
 [0.24396642 0.07085642 0.19655984 0.15443782 0.3341795 ]]"
97,"[[0.17399014 0.20316642 0.38262013 0.11110133 0.12912199]
 [0.3576968  0.2996386  0.05567739 0.05049158 0.23649564]
 [0.02096443 0.53676474 0.16488576 0.12154376 0.15584131]
 [0.08652931 0.34778797 0.41660119 0.12175539 0.02732614]
 [0.03048387 0.26628725 0.11515888 0.33712881 0.25094118]]"
98,"[[0.14854205 0.21049877 0.17792826 0.36570635 0.09732457]
 [0.1822604  0.23472738 0.18386241 0.13151483 0.26763498]
 [0.22459288 0.27640754 0.16310255 0.07602547 0.25987155]
 [0.21938141 0.147577   0.26281586 0.13371735 0.23650836]
 [0.24617556 0.17350451 0.132683   0.38195973 0.0656772 ]]"
99,"[[0.15024243 0.49209619 0.00346667 0.29701468 0.05718003]
 [0.34494537 0.37029127 0.04816582 0.22464093 0.01195661]
 [0.3192228  0.10067989 0.23150558 0.08088571 0.26770601]
 [0.30833861 0.24495409 0.19722188 0.18809648 0.06138894]
 [0.04969781 0.35243925 0.27451408 0.08481691 0.23853195]]"
100,"[[0.17541219 0.26365906 0.12108047 0.38500417 0.05484411]
 [0.26111709 0.24451861 0.22681811 0.16265738 0.10488882]
 [0.00681216 0.38470661 0.39068285 0.06850245 0.14929593]
 [0.14177525 0.35860652 0.35653132 0.11806162 0.02502529]
 [0.14101955 0.27097766 0.45329481 0.0350373  0.09967067]]"
101,"[[0.03500082 0.06541518 0.15588319 0.07252839 0.02315025 0.07010627
  0.20702029 0.18292413 0.01954222 0.16842928]
 [0.10998855 0.00699558 0.1640792  0.16164305 0.15816645 0.1398795
  0.00269302 0.01534436 0.09604946 0.14516084]
 [0.03812395 0.14798397 0.19766996 0.20241929 0.08813492 0.10389788
  0.10976278 0.02448128 0.08673346 0.0007925 ]
 [0.24969118 0.20494127 0.0199577  0.17288132 0.02552641 0.1571518
  0.07480826 0.02334659 0.06625627 0.00543919]
 [0.1867576  0.02947057 0.11058957 0.14601815 0.09469545 0.03372943
  0.19072659 0.14226201 0.06367081 0.00207984]
 [0.06444522 0.12809666 0.13978535 0.14438947 0.1321245  0.16958757
  0.05432683 0.10933068 0.0190298  0.03888391]
 [0.16588721 0.13330207 0.10574075 0.06403913 0.06372592 0.12190006
  0.16309942 0.08658108 0.07508173 0.02064265]
 [0.12539623 0.19100773 0.19096768 0.11560129 0.08393002 0.05825535
  0.01225879 0.02104965 0.19951183 0.00202143]
 [0.18361932 0.14058806 0.15558213 0.01732304 0.06036846 0.10842315
  0.0825961  0.00717403 0.199458   0.04486771]
 [0.19655198 0.12880574 0.23217129 0.22114784 0.02242239 0.05261691
  0.02116114 0.09460422 0.0207776  0.0097409 ]]"
102,"[[0.11513907 0.0847083  0.16206028 0.02882742 0.16244252 0.06237645
  0.08988635 0.13123013 0.13422553 0.02910396]
 [0.11305128 0.12455381 0.07127713 0.12955784 0.10655494 0.12520422
  0.07376675 0.08134094 0.10270469 0.07198839]
 [0.15455841 0.11596514 0.14770645 0.00433136 0.13373328 0.15248849
  0.05071142 0.12796885 0.04569054 0.06684606]
 [0.16557958 0.02594814 0.19124708 0.12899127 0.01671164 0.20168089
  0.01781271 0.16459073 0.00914921 0.07828874]
 [0.09773425 0.1589697  0.01750247 0.12560166 0.17646028 0.00958097
  0.18889572 0.00186944 0.20793282 0.01545269]
 [0.15088734 0.10333908 0.12558665 0.13358342 0.01518652 0.15052608
  0.1217595  0.07780415 0.02634295 0.09498432]
 [0.18039055 0.08965991 0.07542994 0.15507493 0.01779734 0.05488269
  0.0310701  0.03717944 0.15930662 0.19920847]
 [0.15713373 0.09511054 0.06345749 0.0248904  0.14227163 0.12661969
  0.042283   0.16782209 0.08389178 0.09651965]
 [0.03671012 0.01936738 0.20247615 0.10880305 0.09005214 0.20039774
  0.04146214 0.08160073 0.03780251 0.18132805]
 [0.10817721 0.14057253 0.11264923 0.13778397 0.15200212 0.13224886
  0.02970171 0.02549169 0.09934862 0.06202405]]"
103,"[[0.21218581 0.15691152 0.0242396  0.07823442 0.24658281 0.06376429
  0.07704771 0.06384433 0.01240128 0.06478822]
 [0.09593121 0.06644355 0.04814428 0.15181393 0.11932565 0.08132786
  0.14541616 0.11788438 0.10858636 0.06512662]
 [0.11101012 0.13860379 0.14601986 0.03803772 0.09034662 0.05045211
  0.08785142 0.11834798 0.09643194 0.12289846]
 [0.09977666 0.16461993 0.06785105 0.14603655 0.06689786 0.09504206
  0.11563042 0.10772361 0.04680821 0.08961367]
 [0.14458347 0.07959128 0.1469406  0.13317492 0.04149129 0.12849943
  0.12414292 0.02305445 0.10593639 0.07258525]
 [0.11867417 0.09624965 0.05788813 0.10998654 0.04816257 0.07039165
  0.07100545 0.07980073 0.17482879 0.17301232]
 [0.15994516 0.1647728  0.00834137 0.02893588 0.15855397 0.12123442
  0.13284292 0.00924608 0.14987257 0.06625482]
 [0.12514555 0.07394471 0.06721121 0.14933264 0.09697851 0.14981884
  0.12171333 0.08258808 0.12050191 0.01276524]
 [0.18859272 0.15491039 0.03267128 0.02381993 0.03958365 0.03221721
  0.02521929 0.28652749 0.18671362 0.02974444]
 [0.1423699  0.09546669 0.02302649 0.1596975  0.181755   0.0619146
  0.13092861 0.03370119 0.08169209 0.08944793]]"
104,"[[0.14586377 0.14051078 0.14485353 0.01688886 0.13781913 0.12707576
  0.06764965 0.1058381  0.03952219 0.07397823]
 [0.00604255 0.2019917  0.26252366 0.20448739 0.08780974 0.03052327
  0.12789394 0.00790937 0.06292496 0.00789342]
 [0.08617355 0.12212266 0.1108503  0.11402462 0.1571657  0.16363724
  0.03237685 0.02094452 0.14979673 0.04290783]
 [0.15960779 0.11751374 0.12769692 0.18380031 0.1536018  0.09401989
  0.07436012 0.06276141 0.01966837 0.00696966]
 [0.11627083 0.09526832 0.1079215  0.18260657 0.14588619 0.02727093
  0.03043408 0.12916224 0.01726129 0.14791804]
 [0.16500981 0.17377334 0.18353394 0.15195611 0.14069214 0.09819571
  0.0032248  0.04184304 0.03996965 0.00180146]
 [0.0848578  0.16657645 0.13839527 0.15744445 0.15793367 0.12690993
  0.06766199 0.01416689 0.04909618 0.03695737]
 [0.10805342 0.13513163 0.12289926 0.0675224  0.10493704 0.09570923
  0.1342471  0.07626777 0.11240477 0.04282738]
 [0.14736051 0.05705097 0.17551761 0.07267171 0.06641773 0.13224062
  0.14827823 0.13713047 0.02794511 0.03538705]
 [0.09028458 0.12572986 0.07721987 0.12606627 0.11017927 0.12149526
  0.03259338 0.10779055 0.07594526 0.13269572]]"
105,"[[0.08171422 0.10930217 0.1387175  0.12644093 0.1272267  0.08743177
  0.04649536 0.06922866 0.12495485 0.08848784]
 [0.20141636 0.14098749 0.19722483 0.11084599 0.0359149  0.07823881
  0.13561151 0.01344193 0.00100008 0.08531809]
 [0.17610163 0.07514042 0.18860689 0.08830693 0.03881889 0.07946992
  0.21587473 0.10794548 0.01327854 0.01645657]
 [0.07979335 0.07995038 0.08882459 0.1979617  0.10013272 0.05265712
  0.17641992 0.14207041 0.05227594 0.02991387]
 [0.1533324  0.09869498 0.15123579 0.16396227 0.05227839 0.04519786
  0.10181038 0.13931895 0.08594178 0.0082272 ]
 [0.10148219 0.09460447 0.18058577 0.22316554 0.00916871 0.00764752
  0.07330907 0.17434293 0.03226192 0.10343186]
 [0.22128746 0.07322934 0.16705498 0.05259724 0.05545586 0.02557735
  0.13904429 0.09438862 0.16216041 0.00920446]
 [0.06920926 0.15688519 0.02924152 0.06349659 0.18288428 0.12861306
  0.15167274 0.08286811 0.04158002 0.09354922]
 [0.0568976  0.11533329 0.23886542 0.13264194 0.03998822 0.10195112
  0.00592515 0.02175549 0.17279865 0.11384313]
 [0.08119456 0.13085264 0.1011395  0.16856509 0.01610895 0.10273854
  0.07539389 0.08820516 0.17460055 0.06120112]]"
106,"[[0.09161513 0.1934267  0.04863797 0.1316563  0.16267823 0.11732523
  0.03291862 0.14073951 0.01603966 0.06496267]
 [0.16816309 0.10337224 0.14407703 0.11482925 0.13006007 0.07370529
  0.08010021 0.06714309 0.0968127  0.02173703]
 [0.24663025 0.15186597 0.13877315 0.10365857 0.13439786 0.01947926
  0.07738195 0.0377449  0.01999417 0.07007391]
 [0.16641252 0.11176165 0.13162193 0.10645499 0.03724636 0.03523044
  0.09360416 0.11938546 0.0497528  0.14852969]
 [0.18771987 0.07686353 0.06653227 0.11923979 0.20971479 0.09680638
  0.04585864 0.04121035 0.10629425 0.04976014]
 [0.14038461 0.10476038 0.08240152 0.13737991 0.16125868 0.0884204
  0.07732656 0.07208025 0.07539522 0.06059248]
 [0.12106601 0.17136391 0.09127912 0.07517769 0.13899938 0.09081928
  0.07141083 0.06465815 0.09736155 0.07786407]
 [0.2087792  0.18193191 0.00030993 0.03537494 0.02786894 0.09510292
  0.15317653 0.12852467 0.14244921 0.02648175]
 [0.01155807 0.17554819 0.14112439 0.13961426 0.12564625 0.16131185
  0.01430916 0.03093537 0.01849297 0.18145949]
 [0.01142526 0.09375931 0.15272887 0.06857408 0.15026415 0.08870282
  0.15958495 0.12116103 0.14794383 0.0058557 ]]"
107,"[[0.16384586 0.24241676 0.1502691  0.06297193 0.07517851 0.07298734
  0.12784528 0.02401297 0.04335967 0.03711259]
 [0.11503365 0.12973538 0.0337394  0.15929752 0.07917757 0.09442599
  0.07777748 0.1106832  0.12978429 0.07034552]
 [0.11621928 0.0770515  0.19706138 0.04149491 0.05238155 0.19557695
  0.10681275 0.06283401 0.09301837 0.0575493 ]
 [0.09086185 0.06388241 0.00713019 0.01140056 0.00153497 0.0903802
  0.27563399 0.15890736 0.21073364 0.08953481]
 [0.105255   0.03969417 0.0935447  0.1645577  0.03510039 0.08437989
  0.14130641 0.08346923 0.17031564 0.08237687]
 [0.15579166 0.04214275 0.07952685 0.13842778 0.10305606 0.10995723
  0.0247593  0.09736351 0.17304305 0.07593183]
 [0.11823638 0.1382642  0.1391009  0.04201275 0.05116884 0.13402255
  0.11891125 0.12242589 0.07301315 0.06284409]
 [0.1680779  0.03278541 0.15643779 0.04607402 0.0666492  0.06031106
  0.14668186 0.07102054 0.12458575 0.12737646]
 [0.01358482 0.08387085 0.20051137 0.20490498 0.04667375 0.12346097
  0.08103112 0.1356636  0.10950257 0.00079597]
 [0.15123387 0.11455844 0.15484282 0.14717492 0.07143816 0.02018315
  0.10321156 0.05805145 0.1023395  0.07696611]]"
108,"[[0.18479936 0.17910365 0.134226   0.01135047 0.05012946 0.02167083
  0.07339194 0.00382603 0.16300266 0.1784996 ]
 [0.16636953 0.0821885  0.13607777 0.12250961 0.14563903 0.21000847
  0.0023043  0.00953444 0.07252578 0.05284256]
 [0.03697964 0.17382117 0.17609067 0.18296752 0.16979124 0.0850921
  0.04357411 0.02926392 0.04038348 0.06203615]
 [0.08742259 0.12910198 0.18088826 0.08339644 0.07839954 0.16144393
  0.02409419 0.0490886  0.02955914 0.17660534]
 [0.17184509 0.24436802 0.04409336 0.0360107  0.19426098 0.01559997
  0.17007185 0.09076253 0.00819938 0.02478813]
 [0.11228285 0.13299028 0.14060811 0.11211997 0.09420043 0.12516702
  0.00572158 0.03816421 0.11553653 0.12320903]
 [0.18017827 0.11871405 0.00605853 0.16583492 0.06489663 0.16693727
  0.13968175 0.12497861 0.01623364 0.01648632]
 [0.13594141 0.13039818 0.11141001 0.01122407 0.12452195 0.09875528
  0.18154    0.0212829  0.18385379 0.0010724 ]
 [0.14171091 0.12515149 0.15212692 0.09206886 0.0939186  0.09187624
  0.01324237 0.07140539 0.04897358 0.16952565]
 [0.16419678 0.09163517 0.09025095 0.00781199 0.18980837 0.1624077
  0.04037944 0.11970732 0.1330963  0.00070598]]"
109,"[[0.14039788 0.09635017 0.16444901 0.00139784 0.14301935 0.11890277
  0.09205049 0.10595435 0.02575347 0.11172467]
 [0.09341824 0.20561501 0.14193468 0.0018915  0.13508029 0.01780873
  0.21211763 0.05672941 0.02548576 0.10991874]
 [0.19750675 0.16354129 0.18780103 0.10584275 0.06004643 0.0472076
  0.16511188 0.02578184 0.03227129 0.01488915]
 [0.12678289 0.16916591 0.1257539  0.08912737 0.14540625 0.08246044
  0.0934368  0.01661817 0.01268573 0.13856255]
 [0.14181325 0.14654232 0.11375857 0.12637627 0.04863164 0.11019126
  0.11034121 0.07875656 0.10381282 0.0197761 ]
 [0.20964672 0.07187934 0.13593382 0.14746551 0.11888721 0.01010735
  0.11958024 0.09211209 0.05379344 0.04059428]
 [0.1060351  0.12525868 0.1196733  0.11130088 0.05984503 0.07947151
  0.10271343 0.11489416 0.12737104 0.05343689]
 [0.17553147 0.14266862 0.16301231 0.13443027 0.1451693  0.03067535
  0.06445229 0.1147572  0.02143334 0.00786985]
