,0
1,"[[0.26116192 0.25809007 0.23741768 0.13074387 0.11258646]
 [0.2655634  0.26489377 0.21667837 0.18864998 0.06421448]
 [0.47746487 0.26870286 0.11460486 0.0964392  0.0427882 ]
 [0.28013203 0.2727567  0.19493305 0.18500068 0.06717753]
 [0.32565173 0.25607745 0.19190319 0.16755578 0.05881185]]"
2,"[[0.34053517 0.2801845  0.22338479 0.11964996 0.03624559]
 [0.31378627 0.25213083 0.25033641 0.14932221 0.03442429]
 [0.41785018 0.20750877 0.20492702 0.13230909 0.03740494]
 [0.36174583 0.29720154 0.18605791 0.10168183 0.05331289]
 [0.34274224 0.2479957  0.220178   0.10809198 0.08099208]]"
3,"[[0.32285186 0.23639304 0.19768098 0.15350619 0.08956793]
 [0.46184073 0.32858487 0.15905789 0.04749507 0.00302144]
 [0.4572418  0.34726047 0.0934381  0.05635566 0.04570397]
 [0.26523315 0.24875769 0.17248685 0.17016007 0.14336224]
 [0.34578672 0.23953931 0.22063787 0.1261617  0.0678744 ]]"
4,"[[0.30193674 0.29938573 0.17217245 0.15719106 0.06931402]
 [0.25232459 0.24068606 0.19542299 0.16320203 0.14836432]
 [0.37046501 0.26072821 0.19991066 0.16800173 0.00089439]
 [0.36119314 0.28085814 0.16368179 0.10675991 0.08750702]
 [0.30244217 0.30126562 0.14048917 0.13668762 0.11911542]]"
5,"[[0.37460642 0.27432597 0.16227942 0.14451218 0.04427602]
 [0.43283114 0.16638443 0.1432913  0.13064152 0.12685161]
 [0.57792951 0.21695424 0.12347744 0.04533782 0.03630099]
 [0.39689033 0.19263317 0.16666243 0.1454714  0.09834268]
 [0.31381061 0.28717127 0.20096281 0.1381281  0.05992722]]"
6,"[[0.33928714 0.27031414 0.18707725 0.17913222 0.02418925]
 [0.29910845 0.27413569 0.17830109 0.13287373 0.11558104]
 [0.25527966 0.22500166 0.21958789 0.17126928 0.1288615 ]
 [0.30988369 0.30349245 0.1870473  0.16331076 0.0362658 ]
 [0.36915608 0.20064811 0.19177721 0.1632913  0.0751273 ]]"
7,"[[0.28972291 0.27072298 0.21826081 0.17628915 0.04500415]
 [0.32954133 0.30018484 0.23091441 0.11113726 0.02822217]
 [0.34186557 0.25351768 0.23137814 0.09069291 0.0825457 ]
 [0.2840722  0.26759662 0.22632896 0.17402748 0.04797474]
 [0.2941527  0.22615617 0.21997533 0.19440774 0.06530805]]"
8,"[[0.29743369 0.40413428 0.10857006 0.0952172  0.09464476]
 [0.52797787 0.22182496 0.12760568 0.08342809 0.03916339]
 [0.33405939 0.32735067 0.2732324  0.04860198 0.01675556]
 [0.27180543 0.23498036 0.2189968  0.19670231 0.0775151 ]
 [0.25849441 0.24981222 0.20660002 0.15284046 0.13225289]]"
9,"[[0.60307621 0.20583573 0.09114016 0.0788087  0.0211392 ]
 [0.28759084 0.25264641 0.20283287 0.16411569 0.09281419]
 [0.35799182 0.32733965 0.17381038 0.12046261 0.02039554]
 [0.27245345 0.27086555 0.22203807 0.19951867 0.03512426]
 [0.2315     0.22362829 0.22262955 0.17741413 0.14482804]]"
10,"[[0.44629742 0.28687626 0.19438754 0.03699951 0.03543926]
 [0.56236114 0.23566026 0.11400416 0.07724588 0.01072855]
 [0.32841931 0.22704394 0.21905339 0.11971107 0.10577229]
 [0.4227762  0.37567863 0.11879078 0.06507612 0.01767827]
 [0.28397283 0.20073564 0.18843536 0.18657201 0.14028416]]"
11,"[[0.28456033 0.27205213 0.20848372 0.13520904 0.09969478]
 [0.41241298 0.29128922 0.16257012 0.09717206 0.03655562]
 [0.33030433 0.24287535 0.19442406 0.14151832 0.09087794]
 [0.28935596 0.21608568 0.19530841 0.18304666 0.1162033 ]
 [0.37168632 0.3609134  0.22695634 0.03957902 0.00086493]]"
12,"[[0.35614518 0.23010249 0.21785387 0.1117432  0.08415527]
 [0.28399709 0.28130344 0.22940774 0.12208913 0.08320259]
 [0.27574264 0.250268   0.21069273 0.15038237 0.11291425]
 [0.35143598 0.22506493 0.15785031 0.13555795 0.13009084]
 [0.47442647 0.17238563 0.16439555 0.0999296  0.08886274]]"
13,"[[0.47365431 0.26776841 0.13618602 0.09093703 0.03145423]
 [0.31839114 0.29207493 0.19257438 0.17491472 0.02204482]
 [0.38275475 0.34072604 0.11290744 0.09127235 0.07233942]
 [0.35135948 0.31682762 0.26114621 0.06115105 0.00951564]
 [0.31292026 0.29667262 0.20056503 0.14750596 0.04233612]]"
14,"[[0.27578835 0.25822241 0.18578837 0.14143162 0.13876925]
 [0.35630161 0.33964924 0.26071828 0.03468693 0.00864394]
 [0.39795713 0.2334428  0.19774964 0.0991165  0.07173393]
 [0.68995481 0.13060608 0.08601932 0.08235403 0.01106576]
 [0.31593705 0.23246745 0.19949057 0.14303383 0.1090711 ]]"
15,"[[0.59457733 0.20187807 0.11330503 0.06938768 0.02085189]
 [0.26221241 0.26020357 0.20049223 0.15490193 0.12218986]
 [0.27740616 0.22735709 0.21081578 0.16106304 0.12335793]
 [0.24460155 0.21316137 0.20547851 0.18570569 0.15105288]
 [0.39692327 0.22427704 0.20116349 0.15065544 0.02698077]]"
16,"[[0.35147597 0.34305666 0.1574277  0.09609665 0.05194302]
 [0.36228727 0.304113   0.12395835 0.11730441 0.09233698]
 [0.26279315 0.21105798 0.19348831 0.18445135 0.14820921]
 [0.3459606  0.34079915 0.1168894  0.11426832 0.08208253]
 [0.28961316 0.24689799 0.24089589 0.18773103 0.03486192]]"
17,"[[0.35115904 0.34072828 0.23073128 0.04290606 0.03447535]
 [0.37606398 0.31039014 0.20748676 0.10337325 0.00268588]
 [0.44099711 0.37211919 0.10643001 0.05362497 0.02682872]
 [0.28318672 0.2531215  0.19384888 0.16832158 0.10152131]
 [0.24904156 0.23228402 0.22846248 0.20391315 0.08629879]]"
18,"[[0.40786446 0.30642863 0.18845951 0.07558084 0.02166656]
 [0.35919339 0.33848315 0.15983922 0.08566397 0.05682027]
 [0.26079522 0.24952264 0.24536859 0.18833545 0.0559781 ]
 [0.4414493  0.21335979 0.18594637 0.08960957 0.06963496]
 [0.29301944 0.23994774 0.21224535 0.20957692 0.04521055]]"
19,"[[0.3302478  0.30019297 0.21669338 0.14097119 0.01189467]
 [0.37407763 0.24366439 0.16676848 0.14043347 0.07505604]
 [0.30274482 0.22511369 0.20117465 0.16001262 0.11095422]
 [0.40349918 0.27820737 0.17190354 0.14100126 0.00538865]
 [0.30947341 0.22344458 0.18668226 0.18335036 0.0970494 ]]"
20,"[[0.35660727 0.28608042 0.22004511 0.09733286 0.03993434]
 [0.36558825 0.2559855  0.23729648 0.13510242 0.00602734]
 [0.30601015 0.30589521 0.10907957 0.17640192 0.10261314]
 [0.32572606 0.24926061 0.20157441 0.11933593 0.104103  ]
 [0.35011792 0.27936577 0.25578102 0.0929031  0.02183219]]"
21,"[[0.57623496 0.24307158 0.08491446 0.07453446 0.02124454]
 [0.29287183 0.2567023  0.23077492 0.12925363 0.09039733]
 [0.39378528 0.27703801 0.22507569 0.08134066 0.02276037]
 [0.30560735 0.26617335 0.23432282 0.16477493 0.02912155]
 [0.29952398 0.20684858 0.18695904 0.17517043 0.13149797]]"
22,"[[0.31657176 0.28590859 0.17631934 0.11411062 0.10708969]
 [0.22011526 0.22005749 0.2185743  0.19163973 0.14961322]
 [0.29005166 0.21778971 0.17640019 0.17045918 0.14529926]
 [0.34671181 0.23525357 0.18959471 0.14069627 0.08774363]
 [0.36553305 0.26575387 0.19108584 0.16768156 0.00994569]]"
23,"[[0.47461199 0.21986276 0.14169956 0.11180056 0.05202513]
 [0.40159045 0.26629578 0.26339802 0.04274134 0.02597442]
 [0.33429526 0.20810727 0.1945248  0.17226077 0.09081191]
 [0.32314859 0.26476178 0.17801167 0.12910401 0.10497394]
 [0.30087662 0.30000365 0.21849466 0.11108387 0.06954121]]"
24,"[[0.29717001 0.28228972 0.21514349 0.18345325 0.02194354]
 [0.48099929 0.44989716 0.04203199 0.01700084 0.01007071]
 [0.32026926 0.26558    0.19323794 0.19266339 0.02824941]
 [0.37133676 0.35040947 0.15792855 0.08330229 0.03702293]
 [0.24389986 0.23098361 0.21136137 0.20568593 0.10806924]]"
25,"[[0.36077843 0.33124407 0.17604246 0.08414304 0.047792  ]
 [0.34892692 0.30849361 0.20161385 0.13238878 0.00857683]
 [0.44776198 0.26385273 0.17980777 0.05551039 0.05306714]
 [0.24146345 0.2208115  0.20465282 0.16907756 0.16399467]
 [0.31853595 0.20647272 0.19906769 0.14898049 0.12694315]]"
26,"[[0.31554179 0.29755764 0.21850935 0.11877012 0.04962111]
 [0.39287081 0.37739613 0.15318499 0.0463248  0.03022326]
 [0.33239752 0.2146106  0.21122737 0.17463703 0.06712747]
 [0.39538131 0.34707866 0.1146607  0.08951092 0.05336841]
 [0.36601723 0.28060496 0.19409051 0.10926601 0.05002129]]"
27,"[[0.29803585 0.20992346 0.20347096 0.16396559 0.12460414]
 [0.34802256 0.24322071 0.21790791 0.10147317 0.08937565]
 [0.28178897 0.27624124 0.23477571 0.19900949 0.00818459]
 [0.35779161 0.20968491 0.18056669 0.16858729 0.08336949]
 [0.27123842 0.25423964 0.24180029 0.11716423 0.11555741]]"
28,"[[0.26380876 0.26163115 0.21369536 0.15951588 0.10134885]
 [0.29871464 0.29206517 0.26978478 0.09278927 0.04664613]
 [0.23965932 0.22454353 0.18737715 0.18616925 0.16225075]
 [0.40375779 0.35525859 0.16964911 0.04773855 0.02359597]
 [0.27002554 0.25598264 0.2383408  0.21389111 0.02175991]]"
29,"[[0.29125627 0.26271553 0.25156981 0.15819925 0.03625914]
 [0.28440249 0.27209996 0.23533228 0.19478162 0.01338365]
 [0.29882868 0.27110069 0.26772079 0.13206256 0.03028728]
 [0.47855098 0.17326854 0.14789474 0.14525451 0.05503123]
 [0.29325708 0.27207372 0.24094744 0.13879865 0.0549231 ]]"
30,"[[0.33182891 0.30635365 0.24549997 0.07502958 0.04128789]
 [0.38479059 0.36435375 0.13014138 0.08312411 0.03759016]
 [0.27639722 0.30860745 0.16163133 0.13786791 0.11549609]
 [0.41891685 0.2182381  0.2093556  0.1195863  0.03390316]
 [0.36013304 0.18746285 0.1679226  0.16427824 0.12020328]]"
31,"[[0.34990754 0.22989637 0.21112583 0.14291847 0.06615179]
 [0.27450873 0.26505488 0.25178943 0.13604379 0.07260318]
 [0.36636819 0.35453062 0.20363266 0.05042145 0.02504707]
 [0.35749998 0.2936183  0.19245641 0.0931679  0.06325741]
 [0.42186354 0.24272676 0.2060146  0.06742891 0.06196619]]"
32,"[[0.3295548  0.24558577 0.16631457 0.13288512 0.12565974]
 [0.35362105 0.24174192 0.21927051 0.12221869 0.06314784]
 [0.35044999 0.2139685  0.1787307  0.15838352 0.09846728]
 [0.37730296 0.27702136 0.18140218 0.15028612 0.01398738]
 [0.28912002 0.2838489  0.21899228 0.18749096 0.02054783]]"
33,"[[0.33345234 0.27366994 0.15115492 0.15087418 0.09084863]
 [0.36876621 0.24005997 0.22905944 0.08900579 0.07310859]
 [0.36137311 0.27655499 0.22068377 0.09823534 0.04315279]
 [0.39548073 0.31857102 0.2000978  0.0501128  0.03573765]
 [0.25936709 0.20766625 0.18974234 0.17932417 0.16390015]]"
34,"[[0.32324586 0.30961772 0.17025772 0.13193264 0.06494607]
 [0.31972457 0.23459378 0.17398545 0.16662048 0.10507573]
 [0.3949148  0.3178992  0.16830317 0.08349741 0.03538542]
 [0.51301642 0.3066636  0.08563054 0.07101687 0.02367258]
 [0.35872181 0.26161765 0.25832397 0.11869584 0.00264073]]"
35,"[[0.28221473 0.27996644 0.22602277 0.20513832 0.00665774]
 [0.28091417 0.20851295 0.20453129 0.19289269 0.1131489 ]
 [0.27352809 0.2640904  0.22835849 0.17778064 0.05624238]
 [0.302518   0.26486342 0.17353391 0.1438079  0.11527677]
 [0.39512056 0.34695656 0.11968383 0.10608692 0.03215213]]"
36,"[[0.27731786 0.27457947 0.21557448 0.18489077 0.04763743]
 [0.34065333 0.2385865  0.20481791 0.20281103 0.01313122]
 [0.29895707 0.24087027 0.2343705  0.17065373 0.05514842]
 [0.29201189 0.2561491  0.22159863 0.11976838 0.110472  ]
 [0.27366251 0.26732645 0.23931644 0.1839368  0.03575781]]"
37,"[[0.31286188 0.26526995 0.25848041 0.10361155 0.0597762 ]
 [0.55019884 0.19681858 0.13995292 0.07243527 0.04059439]
 [0.49678492 0.31401332 0.14485437 0.00197092 0.04237647]
 [0.28815957 0.27961195 0.22555488 0.17799277 0.02868084]
 [0.38951499 0.25270134 0.23120606 0.09734377 0.02923384]]"
38,"[[0.37775235 0.26765553 0.198362   0.15319658 0.00303354]
 [0.36268175 0.32346395 0.19551128 0.11242961 0.00591341]
 [0.49374576 0.26689354 0.13091394 0.06069069 0.04775606]
 [0.28569078 0.24260349 0.2321802  0.22850135 0.01102418]
 [0.41378012 0.27205559 0.21835302 0.0896451  0.00616617]]"
39,"[[0.463639   0.28847523 0.11044056 0.1058708  0.03157442]
 [0.46628575 0.28511539 0.20627936 0.03358568 0.00873383]
 [0.42702281 0.29619604 0.19393857 0.07461732 0.00822526]
 [0.34245423 0.22057243 0.16941367 0.16343098 0.10412869]
 [0.431204   0.32417983 0.17123763 0.03694306 0.03643548]]"
40,"[[0.31551289 0.23734164 0.21570421 0.21433404 0.01710722]
 [0.44169739 0.30837038 0.17785973 0.0450754  0.02699709]
 [0.41745975 0.27834372 0.25189865 0.03965411 0.01264377]
 [0.29363026 0.27358949 0.21268045 0.1304533  0.0896465 ]
 [0.38339647 0.23672411 0.23120739 0.07926503 0.069407  ]]"
41,"[[0.27623557 0.27593917 0.19770044 0.16291636 0.08720847]
 [0.6620072  0.14843719 0.07269805 0.06854037 0.0483172 ]
 [0.33441095 0.28266045 0.19931359 0.10885011 0.0747649 ]
 [0.36678211 0.27225408 0.18794105 0.09223615 0.08078661]
 [0.33170421 0.30974612 0.17633489 0.09504825 0.08716653]]"
42,"[[0.27233375 0.25620416 0.16650921 0.17973467 0.12521821]
 [0.37761988 0.30677622 0.2003226  0.1088314  0.0064499 ]
 [0.31833865 0.25788131 0.15752833 0.13638123 0.12987047]
 [0.34909138 0.28237125 0.28129318 0.07891618 0.008328  ]
 [0.26358404 0.26278076 0.24926886 0.19318253 0.03118381]]"
43,"[[0.53446198 0.22039693 0.18642358 0.03350511 0.0252124 ]
 [0.35233553 0.2635119  0.17599121 0.14024059 0.06792077]
 [0.27804898 0.23745621 0.22911229 0.20649325 0.04888928]
 [0.38386052 0.30107646 0.1350525  0.09422538 0.08578514]
 [0.25331366 0.24628542 0.23254189 0.13543421 0.13242483]]"
44,"[[0.37367358 0.26948462 0.21248781 0.09859986 0.04575413]
 [0.34462132 0.24352488 0.23004564 0.13332136 0.0484868 ]
 [0.26082577 0.25060121 0.17805436 0.16462596 0.1458927 ]
 [0.29737348 0.26071008 0.17885507 0.14188136 0.12118001]
 [0.26528777 0.24401331 0.18319872 0.16309216 0.14440804]]"
45,"[[0.28144073 0.25593291 0.2246958  0.17824326 0.0596873 ]
 [0.37651875 0.275908   0.23739505 0.09384206 0.01633614]
 [0.35054563 0.21502462 0.17286254 0.15930014 0.10226707]
 [0.33458186 0.27940314 0.2581669  0.10252567 0.02532243]
 [0.3035258  0.28199949 0.24494234 0.09045303 0.07907934]]"
46,"[[0.28342289 0.22742549 0.17170354 0.16116195 0.15628613]
 [0.27330113 0.26153037 0.18485868 0.15648337 0.12382645]
 [0.31922663 0.28473392 0.17930879 0.14239908 0.07433158]
 [0.43392718 0.21368609 0.19591214 0.11178481 0.04468977]
 [0.34726091 0.33135473 0.17302452 0.14375805 0.00460178]]"
47,"[[0.4871234  0.21680676 0.20975186 0.04731227 0.03900571]
 [0.30395537 0.27862639 0.20094032 0.19988592 0.01659201]
 [0.31317973 0.29762089 0.16425012 0.14418396 0.08076531]
 [0.31258864 0.29624001 0.2738097  0.09007576 0.0272859 ]
 [0.36366758 0.23950368 0.23209311 0.14820222 0.01653341]]"
48,"[[0.34425431 0.31886018 0.23670162 0.05146264 0.04872125]
 [0.30440696 0.25939002 0.15107413 0.14303168 0.14209721]
 [0.32094887 0.30412283 0.24786426 0.07655629 0.05050775]
 [0.46232777 0.37860233 0.07168985 0.06114377 0.02623628]
 [0.379186   0.2881642  0.19584414 0.11712862 0.01967704]]"
49,"[[0.45199898 0.32881805 0.16775723 0.04751253 0.00391321]
 [0.39321305 0.21181721 0.18410588 0.18309657 0.02776729]
 [0.33566978 0.30688026 0.16521056 0.1089224  0.08331699]
 [0.32015938 0.28013682 0.16842012 0.13000375 0.10127993]
 [0.35797651 0.35683628 0.19584314 0.06690953 0.02243454]]"
50,"[[0.41819031 0.29091707 0.1497047  0.09077987 0.05040804]
 [0.27021547 0.21518492 0.20713902 0.19767772 0.10978288]
 [0.30023777 0.29372797 0.15902975 0.14197992 0.10502459]
 [0.31168113 0.29504754 0.14367929 0.13852656 0.11106549]
 [0.27526158 0.24421133 0.23899139 0.13078216 0.11075353]]"
51,"[[0.47352165 0.4077997  0.09547894 0.02057394 0.00262577]
 [0.29003027 0.20969634 0.20758346 0.20040463 0.09228531]
 [0.42610998 0.19148789 0.12987407 0.12839023 0.12413783]
 [0.3921391  0.32356967 0.13810616 0.08591073 0.06027434]
 [0.42003309 0.27711898 0.15047859 0.09118247 0.06118688]]"
52,"[[0.46769041 0.28922497 0.08786529 0.07803236 0.07718698]
 [0.44919924 0.32675638 0.21032874 0.01209502 0.00162063]
 [0.39338231 0.37442597 0.15946436 0.06863584 0.00409152]
 [0.29037159 0.25760243 0.23453902 0.172924   0.04456295]
 [0.26527025 0.2588475  0.24978004 0.13677166 0.08933055]]"
53,"[[0.30228497 0.27724953 0.20846441 0.15141148 0.06058962]
 [0.23711897 0.2088238  0.1923527  0.1874162  0.17428832]
 [0.36996793 0.22194812 0.17656212 0.15621345 0.07530837]
 [0.33196515 0.36797762 0.19657414 0.0641444  0.03933868]
 [0.36537947 0.32753068 0.17329659 0.11730133 0.01649193]]"
54,"[[0.31077164 0.26407166 0.1924756  0.14154284 0.09113826]
 [0.49750891 0.32103908 0.15305262 0.02510809 0.0032913 ]
 [0.27703685 0.25604404 0.245979   0.15610606 0.06483404]
 [0.33792747 0.30246587 0.18705905 0.09555508 0.07699253]
 [0.35883095 0.21233937 0.21025955 0.19198162 0.02658851]]"
55,"[[0.38371837 0.26807544 0.22592281 0.07212787 0.05015551]
 [0.35952441 0.20860455 0.19950963 0.17177565 0.06058576]
 [0.29982472 0.26516039 0.24296525 0.10137195 0.09067768]
 [0.40318653 0.24514847 0.19735641 0.08990921 0.06439937]
 [0.3806423  0.32883446 0.13340089 0.08257451 0.07454784]]"
56,"[[0.37572011 0.3726421  0.15798373 0.07830386 0.0153502 ]
 [0.30833159 0.26690278 0.21228473 0.16097204 0.05150885]
 [0.34166412 0.23259706 0.19129083 0.14124429 0.09320369]
 [0.23095559 0.2441582  0.22459518 0.1684786  0.13181242]
 [0.45202178 0.31074795 0.105808   0.06705913 0.06436314]]"
57,"[[0.46877907 0.24812805 0.15602554 0.07986913 0.04719821]
 [0.53109468 0.2431639  0.10613367 0.09584498 0.02376277]
 [0.32032415 0.21782782 0.2162811  0.21399731 0.03156963]
 [0.37179536 0.21170378 0.18816029 0.13244727 0.0958933 ]
 [0.29384737 0.23533334 0.22824196 0.16369323 0.0788841 ]]"
58,"[[0.24057978 0.2257161  0.21717066 0.18920005 0.1273334 ]
 [0.36994778 0.30512044 0.23502211 0.08450731 0.00540236]
 [0.30535326 0.25454017 0.18227543 0.1822052  0.07562593]
 [0.31924271 0.2955637  0.18753884 0.18428906 0.01336569]
 [0.32867712 0.23854735 0.21998338 0.13538362 0.07740854]]"
59,"[[0.34455309 0.32592147 0.20569385 0.07990697 0.04392462]
 [0.36684742 0.31669082 0.16176321 0.07838902 0.07630952]
 [0.27789545 0.26654499 0.20680312 0.18409216 0.06466429]
 [0.35150329 0.29789494 0.21382463 0.11061433 0.0261628 ]
 [0.31692951 0.24845284 0.22068351 0.15884657 0.05508757]]"
60,"[[0.33144474 0.26067397 0.17231058 0.1656006  0.0699701 ]
 [0.32097374 0.24852857 0.21002885 0.132427   0.08804186]
 [0.36171072 0.30108447 0.16139382 0.14238993 0.03342106]
 [0.2543386  0.25384006 0.20062976 0.17510557 0.11608602]
 [0.35279567 0.34508681 0.22279968 0.07269194 0.00662589]]"
61,"[[0.27446582 0.25274706 0.24108059 0.21695739 0.01474915]
 [0.26253738 0.24168628 0.22678054 0.1966564  0.07233939]
 [0.27927297 0.26924803 0.23642379 0.1701663  0.04488891]
 [0.42673679 0.35273729 0.19440499 0.01489313 0.0112278 ]
 [0.31116606 0.2983132  0.18197031 0.15502967 0.05352076]]"
62,"[[0.34999369 0.28551745 0.2126644  0.13994677 0.0118777 ]
 [0.32236233 0.26958824 0.23549618 0.14178932 0.03076393]
 [0.32975189 0.31647962 0.18202859 0.11222332 0.05951658]
 [0.39709365 0.27357372 0.15349663 0.11137303 0.06446297]
 [0.35946606 0.34967885 0.16980499 0.07107945 0.04997064]]"
63,"[[0.32629732 0.28939192 0.2577058  0.12300518 0.00359979]
 [0.40842409 0.27614263 0.18721404 0.09802019 0.03019906]
 [0.42496388 0.34863249 0.10975785 0.03294244 0.08370333]
 [0.2624955  0.26047041 0.25822386 0.21049753 0.0083127 ]
 [0.55853334 0.23981869 0.10065488 0.05930307 0.04169002]]"
64,"[[0.54069347 0.18314297 0.17750404 0.08049649 0.01816304]
 [0.36307322 0.2474787  0.20839142 0.09715808 0.08389858]
 [0.29566317 0.25943854 0.22921846 0.12729909 0.08838073]
 [0.60018023 0.20054894 0.12155267 0.05974567 0.0179725 ]
 [0.40932887 0.33169425 0.16808958 0.08305555 0.00783175]]"
65,"[[0.33765723 0.26573221 0.22933651 0.1542204  0.01305365]
 [0.28208087 0.24422373 0.24193387 0.21286497 0.01889655]
 [0.37869803 0.24471493 0.17817701 0.11417035 0.08423968]
 [0.24733403 0.23825529 0.2158494  0.15372316 0.14483811]
 [0.25943092 0.24743693 0.22045819 0.21691326 0.0557607 ]]"
66,"[[0.389294   0.32466308 0.11762935 0.11647418 0.0519394 ]
 [0.35751316 0.32060324 0.24368353 0.04373534 0.03446474]
 [0.30725182 0.25609475 0.1716616  0.13811266 0.12687918]
 [0.32039057 0.28625655 0.16202006 0.15167628 0.07965654]
 [0.26509565 0.25851094 0.25285547 0.19701073 0.02652721]]"
67,"[[0.28790053 0.26348637 0.24746874 0.19202186 0.00912251]
 [0.43016665 0.37711974 0.11923055 0.0685773  0.00490577]
 [0.3162244  0.26023091 0.25365541 0.1308575  0.03903178]
 [0.24811377 0.22809272 0.22769534 0.22690956 0.0691886 ]
 [0.29969442 0.26149415 0.21128909 0.14009011 0.08743222]]"
68,"[[0.27168779 0.26455853 0.25674091 0.15747922 0.04953354]
 [0.34931231 0.33654035 0.18728789 0.09392326 0.03293619]
 [0.40229992 0.25296704 0.21901128 0.10802677 0.01769499]
 [0.30635092 0.27859484 0.26027052 0.0911772  0.06360651]
 [0.36575158 0.31739746 0.23309832 0.05154257 0.03221007]]"
69,"[[0.2927985  0.27670222 0.20070126 0.12481186 0.10498617]
 [0.45819617 0.25983905 0.12909605 0.09871053 0.0541582 ]
 [0.46438218 0.25366701 0.15573281 0.10273051 0.02348749]
 [0.38367485 0.24217778 0.23131047 0.12161843 0.02121847]
 [0.27641982 0.25854873 0.23794461 0.21492441 0.01216243]]"
70,"[[0.34966794 0.34588052 0.20798677 0.09038991 0.00607486]
 [0.33328033 0.20648596 0.20614687 0.17369746 0.08038939]
 [0.44549634 0.29812218 0.09364326 0.08830119 0.07443702]
 [0.33307431 0.31701105 0.28981307 0.03788384 0.02221773]
 [0.37635766 0.3653218  0.10174555 0.09127882 0.06529617]]"
71,"[[0.35863316 0.19677198 0.18313266 0.1688858  0.0925764 ]
 [0.4558312  0.33048803 0.15656654 0.04677624 0.01033799]
 [0.36173782 0.31363525 0.2480611  0.06937412 0.00719172]
 [0.3489584  0.2381436  0.23010412 0.10704275 0.07575112]
 [0.32204553 0.27451806 0.20318032 0.18626148 0.0139946 ]]"
72,"[[0.2941667  0.26145475 0.16686657 0.16325988 0.1142521 ]
 [0.39458318 0.30416777 0.1720155  0.10937804 0.01985551]
 [0.24156143 0.22273293 0.21291853 0.21224517 0.11054195]
 [0.45567144 0.2267732  0.20337951 0.05842357 0.05575228]
 [0.38181184 0.2541009  0.14533854 0.11072565 0.10802307]]"
73,"[[0.24848556 0.24359776 0.21273668 0.16049761 0.13468239]
 [0.30146868 0.2745364  0.19853786 0.17945594 0.04600113]
 [0.37464904 0.27960343 0.20646799 0.12642404 0.01285551]
 [0.38155533 0.26119457 0.24678495 0.05584502 0.05462013]
 [0.2816698  0.24972642 0.21957765 0.19906692 0.04995921]]"
74,"[[0.37381921 0.27761014 0.22486864 0.07055953 0.05314247]
 [0.23454164 0.23057221 0.20912356 0.16723671 0.15852587]
 [0.35549575 0.27351922 0.15782754 0.12504963 0.08810786]
 [0.43332528 0.24293513 0.13786194 0.09873814 0.08713951]
 [0.31997463 0.30506234 0.2072175  0.14698552 0.02076001]]"
75,"[[0.41014244 0.31207558 0.16876238 0.0809412  0.02807839]
 [0.45100503 0.28218793 0.1398959  0.09802349 0.02888765]
 [0.31706726 0.20483413 0.16541444 0.16048658 0.15219759]
 [0.29146673 0.23471344 0.20341171 0.16038626 0.11002187]
 [0.38997844 0.2113135  0.20457519 0.13341939 0.06071349]]"
76,"[[0.27117909 0.26727112 0.19856767 0.13439799 0.12858413]
 [0.42980471 0.20483266 0.20099494 0.13930869 0.025059  ]
 [0.33874214 0.27393878 0.25323493 0.13096999 0.00311416]
 [0.36858258 0.23359422 0.22790411 0.1480105  0.02190858]
 [0.29827804 0.22142856 0.20251664 0.19730166 0.0804751 ]]"
77,"[[0.2738833  0.27231271 0.18706969 0.17828867 0.08844563]
 [0.5112978  0.28516447 0.12211196 0.06172833 0.01969745]
 [0.29557791 0.22685029 0.21789293 0.17176364 0.08791522]
 [0.36364769 0.36353125 0.11505835 0.10437383 0.05338888]
 [0.50310491 0.25550042 0.11169924 0.07810128 0.05159415]]"
78,"[[0.26160023 0.22754539 0.22648774 0.15624797 0.12811866]
 [0.41714791 0.24563725 0.12693545 0.12502509 0.08525431]
 [0.33603639 0.23452634 0.22196281 0.1359286  0.07154586]
 [0.51053635 0.20105652 0.12100714 0.10008775 0.06731224]
 [0.40206595 0.19627886 0.17453926 0.17014697 0.05696896]]"
79,"[[0.57384177 0.2440712  0.11022498 0.03828456 0.0335775 ]
 [0.49702048 0.34703943 0.07103741 0.04802265 0.03688004]
 [0.36168333 0.32562919 0.11597462 0.10594434 0.09076852]
 [0.39708384 0.23690961 0.20946971 0.13852875 0.0180081 ]
 [0.31974829 0.23048722 0.2214325  0.13765793 0.09067406]]"
80,"[[0.33180481 0.31115025 0.23452366 0.09338814 0.02913314]
 [0.40683518 0.40553244 0.12667583 0.05155847 0.0093981 ]
 [0.2936503  0.23576379 0.21776675 0.14161523 0.11120393]
 [0.36378424 0.25564129 0.24255917 0.12257388 0.01544141]
 [0.31392914 0.34314531 0.26472047 0.06893713 0.00926795]]"
81,"[[0.40013642 0.3139234  0.19067974 0.0713296  0.02393085]
 [0.32996174 0.32827228 0.22575164 0.0693908  0.04662353]
 [0.30390348 0.24812642 0.22940421 0.11563051 0.10293537]
 [0.31233184 0.28117507 0.25951423 0.10732112 0.03965773]
 [0.32532743 0.32055452 0.26783303 0.05271981 0.03356521]]"
82,"[[0.29958068 0.26519711 0.24625465 0.16171496 0.0272526 ]
 [0.3083824  0.24848251 0.19021431 0.13657771 0.11634307]
 [0.42381481 0.40215809 0.11350322 0.03120547 0.02931842]
 [0.32000079 0.24459471 0.22442605 0.19753655 0.0134419 ]
 [0.3393778  0.24674284 0.2070828  0.19321755 0.01357901]]"
83,"[[0.29738018 0.26284117 0.23196462 0.13502994 0.07278408]
 [0.27410127 0.25118812 0.18135453 0.17826646 0.11508962]
 [0.36036556 0.24833342 0.19234131 0.1227087  0.07625102]
 [0.32818357 0.3067665  0.18175894 0.14804477 0.03524622]
 [0.3931304  0.23018567 0.14736132 0.13447194 0.09485067]]"
84,"[[0.31387594 0.31150763 0.23964593 0.09553947 0.03943103]
 [0.48536631 0.28384667 0.15793236 0.04214517 0.03070949]
 [0.28854417 0.27956799 0.2231442  0.19127665 0.017467  ]
 [0.27174311 0.2584981  0.24953145 0.14526089 0.07496644]
 [0.32644568 0.21254037 0.17675853 0.16776237 0.11649306]]"
85,"[[0.29839415 0.26997088 0.21283859 0.16151635 0.05728003]
 [0.33550417 0.28761524 0.14974166 0.1159128  0.11122613]
 [0.45501612 0.32858203 0.191416   0.01422581 0.01076004]
 [0.35515772 0.21546749 0.18909794 0.12774167 0.11253517]
 [0.2761142  0.27599273 0.27293086 0.09405552 0.08090669]]"
86,"[[0.29628777 0.2245687  0.19040087 0.16570899 0.12303366]
 [0.27194617 0.23576098 0.21735594 0.19993029 0.07500662]
 [0.2961155  0.22750748 0.19615156 0.14845482 0.13177064]
 [0.39929131 0.26478753 0.16031421 0.10553155 0.07007539]
 [0.41633587 0.39184275 0.15658732 0.0333611  0.00187296]]"
87,"[[0.28881834 0.24383099 0.22472171 0.14701403 0.09561494]
 [0.42800478 0.26964665 0.19218857 0.06839125 0.04176875]
 [0.32755607 0.24405188 0.21008096 0.17836929 0.0399418 ]
 [0.27577416 0.21170788 0.18473271 0.17853056 0.1492547 ]
 [0.29200556 0.24306177 0.18563009 0.14775794 0.13154463]]"
88,"[[0.43118589 0.22364852 0.1453153  0.12796499 0.0718853 ]
 [0.31387971 0.27103145 0.20633214 0.1704675  0.03828919]
 [0.28551948 0.28141713 0.26326781 0.16658437 0.00321121]
 [0.35309077 0.32989032 0.27277346 0.03927067 0.00497477]
 [0.47403628 0.22204361 0.21118087 0.07459876 0.01814047]]"
89,"[[0.33057004 0.24280537 0.23705882 0.13296311 0.05660265]
 [0.30646223 0.28306703 0.17450917 0.20724171 0.02871987]
 [0.28569451 0.27231362 0.22901741 0.15041354 0.06256093]
 [0.38111109 0.36412035 0.13081189 0.09037476 0.03358192]
 [0.33574355 0.31310025 0.28077586 0.06299417 0.00738617]]"
90,"[[0.37934204 0.19772253 0.18687074 0.13152355 0.10454114]
 [0.29782285 0.25130291 0.15253879 0.15180022 0.14653524]
 [0.32947714 0.29806141 0.23445517 0.08043576 0.05757053]
 [0.37326716 0.24889965 0.16000999 0.1351965  0.0826267 ]
 [0.28499172 0.23235888 0.22281521 0.16489861 0.09493558]]"
91,"[[0.3024473  0.28791227 0.17301147 0.13997004 0.09665892]
 [0.43024394 0.33910162 0.15420346 0.05062287 0.02582812]
 [0.30246746 0.25130032 0.16487889 0.15038063 0.13097271]
 [0.46714844 0.35658808 0.10511596 0.05368403 0.01746349]
 [0.44553065 0.27561276 0.11579915 0.08671448 0.07634296]]"
92,"[[0.39023593 0.30768422 0.15910992 0.07445686 0.06851307]
 [0.47773654 0.37633392 0.13819297 0.00434744 0.00338912]
 [0.47472994 0.25538709 0.14191701 0.09949647 0.02846948]
 [0.35983073 0.24251549 0.20970417 0.17913927 0.00881034]
 [0.28017052 0.25304462 0.20916393 0.15562117 0.10199977]]"
93,"[[0.41796398 0.24792872 0.24512272 0.05564701 0.03333757]
 [0.31341302 0.23717757 0.1858065  0.14768698 0.11591592]
 [0.48792407 0.19837585 0.13405775 0.11076321 0.06887913]
 [0.4473231  0.39861629 0.08994118 0.0464075  0.01771193]
 [0.41648795 0.21402806 0.15619949 0.14171381 0.0715707 ]]"
94,"[[0.33250396 0.31779668 0.15226262 0.14998175 0.04745498]
 [0.32641137 0.26972888 0.1931463  0.15424242 0.05647103]
 [0.25645667 0.25273182 0.20178323 0.16950657 0.1195217 ]
 [0.26953074 0.25659848 0.22987258 0.19541409 0.0485841 ]
 [0.27801324 0.25849923 0.2419533  0.12553919 0.09599504]]"
95,"[[2.46217371e-01 2.35275912e-01 2.22947961e-01 1.76212499e-01
  1.19346257e-01]
 [3.99807720e-01 2.80284524e-01 1.92834084e-01 9.94212664e-02
  2.76524065e-02]
 [3.76060836e-01 3.02596146e-01 1.52348093e-01 1.36946553e-01
  3.20483732e-02]
 [2.36835361e-01 2.34983042e-01 2.02406261e-01 1.71449110e-01
  1.54326226e-01]
 [3.66655261e-01 2.25510951e-01 2.10722965e-01 1.96771279e-01
  3.39543620e-04]]"
96,"[[0.31325746 0.30633629 0.15145052 0.13418658 0.09476915]
 [0.32720774 0.28082056 0.22487736 0.15529028 0.01180406]
 [0.27783136 0.26256731 0.25043831 0.17155195 0.03761106]
 [0.43488918 0.18446207 0.17819062 0.12845001 0.07400812]
 [0.39734899 0.37820092 0.11262441 0.06788112 0.04394456]]"
97,"[[0.31267607 0.27019705 0.19439151 0.1156973  0.10703808]
 [0.41001439 0.2621123  0.16774645 0.1571471  0.00297976]
 [0.35234595 0.29035193 0.21985143 0.10555014 0.03190055]
 [0.26658653 0.24961545 0.21705669 0.17745027 0.08929106]
 [0.39941628 0.22276896 0.18075602 0.12523553 0.07182321]]"
98,"[[0.31318599 0.3107709  0.25877058 0.06198422 0.0552883 ]
 [0.26558347 0.25008616 0.22948339 0.18397204 0.07087494]
 [0.38250247 0.2452638  0.2345212  0.09518508 0.04252745]
 [0.39095895 0.35225083 0.10556158 0.09570812 0.05552051]
 [0.37697427 0.28967552 0.12594858 0.11067106 0.09673056]]"
99,"[[0.50300129 0.24840817 0.18614738 0.05912306 0.00332011]
 [0.52318387 0.16139954 0.13448501 0.12752182 0.05340975]
 [0.31975114 0.30218548 0.14918644 0.14092927 0.08794767]
 [0.33899594 0.31566637 0.18178986 0.14408819 0.01945964]
 [0.34223273 0.22770581 0.21779837 0.11609301 0.09617008]]"
100,"[[0.29498077 0.24589085 0.23910564 0.19801469 0.02200804]
 [0.32650046 0.30800201 0.27349702 0.07347732 0.0185232 ]
 [0.39391761 0.16710001 0.1636024  0.14257706 0.13280292]
 [0.2902483  0.28541878 0.28359132 0.10008465 0.04065694]
 [0.32331938 0.30804517 0.21066374 0.13470174 0.02326997]]"
101,"[[0.16711447 0.16569869 0.14460196 0.14059773 0.13921597 0.13311646
  0.05833128 0.0224625  0.02076032 0.00810062]
 [0.15579693 0.14557101 0.13618124 0.11918466 0.10737938 0.09931445
  0.08994462 0.0586592  0.04930963 0.03865888]
 [0.19092856 0.17271612 0.14488556 0.10561423 0.08847116 0.08703589
  0.06875838 0.05378837 0.05270327 0.03509845]
 [0.15001341 0.13641684 0.1257626  0.12125447 0.1179324  0.10045735
  0.08333177 0.08331408 0.07219041 0.00932666]
 [0.18201481 0.15304129 0.15303736 0.10848173 0.10061201 0.0990073
  0.08478249 0.06195107 0.03392109 0.02315084]
 [0.18000915 0.17843106 0.15738669 0.13630464 0.11494319 0.09412776
  0.07466489 0.05073096 0.01070335 0.00269831]
 [0.18382118 0.14929832 0.126187   0.11389447 0.12544571 0.09747804
  0.09223593 0.04752333 0.04415453 0.0199615 ]
 [0.16795314 0.12965623 0.10926403 0.10841311 0.10677509 0.10094929
  0.10081314 0.07680963 0.02363836 0.07572798]
 [0.18606171 0.14995275 0.1431591  0.1323607  0.09350794 0.08523367
  0.07265435 0.0611123  0.04734593 0.02861155]
 [0.1535764  0.14657566 0.14606089 0.13182825 0.09910276 0.09832984
  0.09003709 0.07483032 0.03037674 0.02928204]]"
102,"[[0.16993559 0.16685113 0.16537984 0.10400763 0.15482139 0.08597367
  0.06611419 0.0386249  0.03113082 0.01716084]
 [0.17459599 0.17323888 0.13182976 0.13013499 0.08405827 0.07377568
  0.06869216 0.05579548 0.05421167 0.05366712]
 [0.18863795 0.16246977 0.13840518 0.1374111  0.10228261 0.09772867
  0.09307098 0.04277859 0.02321815 0.013997  ]
 [0.15776124 0.14154468 0.13440006 0.13252064 0.13241232 0.12520555
  0.12155796 0.03547119 0.01481895 0.00430743]
 [0.22344003 0.14983455 0.14375081 0.12937761 0.11866091 0.10076608
  0.06367551 0.04959627 0.01936361 0.00153462]
 [0.18101848 0.1803245  0.16464717 0.15318789 0.11879843 0.07246715
  0.06886185 0.03881676 0.01984354 0.00203422]
 [0.18555539 0.17191643 0.1535817  0.12299744 0.11193551 0.10102324
  0.07073178 0.04613925 0.01947168 0.0166476 ]
 [0.32591897 0.18120437 0.15575711 0.09818092 0.08000627 0.05779747
  0.03480467 0.02491738 0.02308071 0.01833213]
 [0.16845258 0.14776747 0.12480296 0.11384272 0.1126889  0.09765343
  0.09531336 0.06795989 0.05402822 0.01749047]
 [0.15195327 0.15119089 0.14487642 0.11850046 0.11237409 0.11038526
  0.08352271 0.07074727 0.04553854 0.01091108]]"
103,"[[0.19782631 0.15847842 0.13115445 0.11842216 0.11350172 0.09080099
  0.07269042 0.07020443 0.03286355 0.01405754]
 [0.17867033 0.1689268  0.15803786 0.15692217 0.10759631 0.08804099
  0.07350442 0.06472456 0.00204839 0.00152817]
 [0.16544262 0.15193584 0.14829657 0.13955386 0.09995409 0.08633637
  0.07924797 0.04032503 0.07851359 0.01039406]
 [0.16294131 0.1575599  0.14556143 0.1172999  0.10353006 0.0960125
  0.08636055 0.07513135 0.04716146 0.00844153]
 [0.17120146 0.1570134  0.15094962 0.13227693 0.12989094 0.0967763
  0.0561462  0.0499259  0.03671739 0.01910186]
 [0.17144447 0.15918745 0.14866042 0.13773469 0.12364791 0.08288435
  0.07219777 0.06245638 0.03010766 0.0116789 ]
 [0.17805504 0.17305933 0.15031128 0.13873763 0.10125525 0.07094534
  0.06348479 0.0527692  0.05216849 0.01921365]
 [0.15523071 0.14647623 0.12080543 0.1199192  0.09800379 0.08768255
  0.08320207 0.06467072 0.06443852 0.05957078]
 [0.16339374 0.16264226 0.14023879 0.12480669 0.09547454 0.09526837
  0.09281722 0.07674517 0.02664782 0.0219654 ]
 [0.15291931 0.15013304 0.14844015 0.13590438 0.13271186 0.107797
  0.08455122 0.06530709 0.01135018 0.01088576]]"
104,"[[0.16303617 0.14679281 0.14244316 0.14165415 0.13876184 0.11377615
  0.09417618 0.02573698 0.02136291 0.01225965]
 [0.17386624 0.17031904 0.14940794 0.10869064 0.10812152 0.09769741
  0.09551322 0.0695006  0.02337423 0.00350916]
 [0.14678971 0.14212828 0.14024109 0.13188782 0.11721748 0.11532828
  0.08791753 0.07566176 0.03772812 0.00509991]
 [0.1836469  0.16620546 0.16178945 0.10938721 0.1028238  0.08865025
  0.06798837 0.05414548 0.04255027 0.02281283]
 [0.18419943 0.17793854 0.1631435  0.15779396 0.12970633 0.10523116
  0.05128083 0.02063802 0.00737807 0.00269016]
 [0.18603015 0.17216999 0.15207987 0.11033758 0.10926102 0.07304679
  0.06831727 0.06032484 0.04788321 0.02054928]
 [0.17944932 0.16684799 0.14813373 0.11492262 0.11131161 0.09896927
  0.07879243 0.07015944 0.02135741 0.01005618]
 [0.20305115 0.18687834 0.14286654 0.13240014 0.10012485 0.06380772
  0.06312694 0.04566115 0.03179577 0.0302874 ]
 [0.18918057 0.17605936 0.13898372 0.13859062 0.1197675  0.09869758
  0.08785056 0.0246552  0.01401595 0.01219894]
 [0.21466123 0.20059314 0.11964971 0.10355601 0.09352041 0.08468523
  0.06559687 0.06036649 0.04458773 0.01278318]]"
105,"[[0.17290117 0.15808662 0.15335626 0.13536737 0.12020235 0.09140267
  0.07715544 0.05056989 0.02308747 0.01787076]
 [0.195556   0.16398237 0.13529476 0.11047639 0.07610436 0.08795021
  0.07222366 0.06514818 0.05772928 0.03553479]
 [0.16298548 0.14233303 0.13755331 0.13570608 0.13346077 0.11717009
  0.0878258  0.05240153 0.0256766  0.0048873 ]
 [0.17203763 0.14878143 0.14651858 0.13087164 0.11891047 0.10257532
  0.09330615 0.06579124 0.01261124 0.0085963 ]
 [0.19419369 0.18419564 0.13987108 0.13404594 0.12915277 0.08566941
  0.07346439 0.04385827 0.00998219 0.00556663]
 [0.20379796 0.14524486 0.14276611 0.13646855 0.1361912  0.11450127
  0.03729824 0.03387054 0.03141474 0.01844654]
 [0.22188609 0.15583907 0.13588577 0.13473414 0.12822276 0.09422949
  0.05151559 0.04941494 0.02090019 0.00737197]
 [0.1545453  0.1528844  0.1525112  0.15220886 0.13606555 0.06820502
  0.0671646  0.06548763 0.02949099 0.02143645]
 [0.15002717 0.13827598 0.13141003 0.13112355 0.12979772 0.10164707
  0.08341997 0.07002501 0.06358784 0.00068566]
 [0.20912035 0.18724274 0.13020567 0.11336104 0.08082323 0.07636891
  0.06308279 0.05864671 0.05503357 0.02611499]]"
106,"[[0.22977194 0.22122385 0.11734608 0.11330985 0.0979751  0.08848777
  0.05823908 0.0443673  0.02639012 0.00288892]
 [0.20701864 0.1880501  0.15753668 0.12669032 0.12048344 0.05699563
  0.0407404  0.04046394 0.03287135 0.02914949]
 [0.1780542  0.17065398 0.14847327 0.14792178 0.11119538 0.08985579
  0.04875526 0.0473173  0.03513068 0.02264235]
 [0.17642426 0.15523345 0.13290179 0.12269563 0.11848447 0.11476857
  0.06277094 0.06181834 0.05071644 0.00418611]
 [0.15880831 0.15709821 0.15074755 0.11914993 0.11407827 0.10989647
  0.08907031 0.06180059 0.02965513 0.00969523]
 [0.20845976 0.1999513  0.18084994 0.07928127 0.07542191 0.06946704
  0.05680896 0.05168238 0.04679581 0.03128163]
 [0.18227303 0.15820558 0.14577238 0.13427676 0.11617758 0.08872167
  0.08282701 0.05372124 0.03037724 0.0076475 ]
 [0.1686961  0.16475106 0.1623919  0.10258283 0.09742495 0.08805194
  0.07112978 0.06340345 0.05588468 0.0256833 ]
 [0.14146839 0.13711293 0.12631376 0.11915998 0.0955472  0.09264504
  0.07914099 0.07587419 0.07136669 0.06137082]
 [0.22660136 0.21646098 0.20248491 0.1430786  0.06528195 0.04931066
  0.04489396 0.0272028  0.01337658 0.01130819]]"
107,"[[0.18799087 0.16387943 0.15854161 0.14411522 0.12882059 0.07500645
  0.05755786 0.05384001 0.01941981 0.01082814]
 [0.17858173 0.14895472 0.14863669 0.14272179 0.13958008 0.07611415
  0.04608891 0.04218209 0.04177562 0.03536422]
 [0.19948358 0.1729672  0.15197899 0.13018689 0.12138711 0.06436489
  0.06273767 0.06001083 0.02821481 0.00866804]
 [0.15562581 0.14811466 0.12604906 0.12582987 0.11601245 0.10539016
  0.08973822 0.0620195  0.03109048 0.04012978]
 [0.14599261 0.14483706 0.14035973 0.12771955 0.12635887 0.09074541
  0.07640396 0.05751893 0.04623213 0.04383176]
 [0.18029064 0.15399281 0.1502168  0.14681162 0.13567146 0.11977529
  0.07361412 0.03213867 0.00545332 0.00203527]
 [0.17607909 0.17186789 0.1432722  0.12842888 0.09713419 0.09020768
  0.07088016 0.06647278 0.02932353 0.0263336 ]
 [0.18805849 0.17836574 0.17255717 0.14737301 0.12186807 0.08664037
  0.07766446 0.01474173 0.00868105 0.0040499 ]
 [0.30389422 0.23193264 0.13872988 0.134591   0.05854563 0.05695201
  0.03884921 0.02265791 0.01093305 0.00291444]
 [0.20069358 0.1632238  0.14988966 0.13429136 0.10162877 0.07877616
  0.07679458 0.05152903 0.02653111 0.01664195]]"
108,"[[0.15448481 0.15443777 0.15251447 0.14872529 0.11451605 0.08715695
  0.08064431 0.05176384 0.02932296 0.02643354]
 [0.15185781 0.14709522 0.14377448 0.14115036 0.11924214 0.09317005
  0.08795569 0.07053844 0.03646936 0.00874646]
 [0.1943392  0.1863515  0.17124311 0.11591188 0.15881041 0.06591485
  0.0497789  0.04343836 0.01328583 0.00092596]
 [0.17535049 0.15310682 0.15233096 0.14921108 0.12860673 0.08792097
  0.05930425 0.05292057 0.03876375 0.00248438]
 [0.20878305 0.17481579 0.15944932 0.13573388 0.11071144 0.09400951
  0.05197895 0.02875444 0.02683945 0.00892417]
 [0.20090469 0.18012939 0.16023419 0.13035765 0.11430812 0.10513458
  0.07274573 0.02049171 0.01231126 0.00338267]
 [0.15712704 0.14712358 0.14075749 0.12361616 0.1100279  0.08969942
  0.08704205 0.08689823 0.04225711 0.015451  ]
 [0.15836639 0.15676237 0.14761448 0.14647782 0.12191259 0.11449541
  0.09802488 0.04932129 0.00442437 0.0026004 ]
 [0.20325393 0.19119707 0.18732777 0.08763679 0.07617722 0.06541486
  0.06044616 0.05607355 0.0509155  0.02155716]
 [0.1727661  0.16607908 0.15704303 0.12714356 0.11924619 0.07450912
  0.05892561 0.052491   0.05713755 0.01465876]]"
109,"[[0.15328854 0.1394391  0.12856887 0.12192941 0.11493659 0.10624372
  0.09150445 0.06416054 0.05785325 0.02207553]
 [0.1850675  0.17893641 0.16710084 0.14030063 0.1503879  0.06207731
  0.04643267 0.03724105 0.02454049 0.0079152 ]
 [0.20776337 0.18613311 0.16291431 0.10231568 0.07888503 0.07056579
  0.0656064  0.04514563 0.04355247 0.03711821]
 [0.17333455 0.16729567 0.15714824 0.13898737 0.0970193  0.0908027
  0.06950553 0.0430846  0.03307352 0.02974852]
 [0.22955609 0.18594376 0.16928416 0.14259423 0.14147969 0.07772395
  0.03083019 0.01346827 0.006527   0.00259265]
 [0.16329601 0.14551569 0.14296262 0.13369322 0.13030404 0.11180597
  0.09349393 0.02638984 0.02815861 0.02438006]
 [0.15163508 0.13762668 0.1366286  0.13135009 0.11767264 0.09644858
  0.07920796 0.05833584 0.04800565 0.04308888]
 [0.26286965 0.2118314  0.14337441 0.11320766 0.11160897 0.08986689
  0.03674775 0.01395383 0.01006125 0.00647819]
 [0.18522347 0.17913154 0.11501718 0.11425406 0.11336732 0.10874948
  0.09713032 0.06018629 0.01486692 0.01207343]
