1,"[[0.37706107 0.28902688 0.16539588 0.1261913  0.04232487]
 [0.30304929 0.27268418 0.25645403 0.13688851 0.03092399]
 [0.31017341 0.28202951 0.2211577  0.1028712  0.08376817]
 [0.27185252 0.23094603 0.20583097 0.16424672 0.12712376]
 [0.30587719 0.30303414 0.24993936 0.09010813 0.05104118]]"
2,"[[0.49106088 0.21844285 0.1411027  0.12663266 0.02276091]
 [0.49248469 0.23391119 0.19619109 0.0762777  0.00113533]
 [0.62019552 0.26279097 0.05650056 0.03427096 0.02624199]
 [0.31691111 0.31007973 0.14263112 0.11620182 0.11417623]
 [0.25351742 0.23435182 0.23103634 0.18784364 0.09325078]]"
3,"[[0.29949201 0.28764961 0.28569001 0.1112407  0.01592767]
 [0.2770641  0.25039756 0.22983848 0.20808246 0.0346174 ]
 [0.39519678 0.32128163 0.20021474 0.04921136 0.03409549]
 [0.39429385 0.23687342 0.16807239 0.12682809 0.07393226]
 [0.2527048  0.21174928 0.2033502  0.1961727  0.13602302]]"
4,"[[0.28493764 0.20410213 0.19491111 0.16104544 0.15500367]
 [0.52708728 0.22772155 0.19140365 0.0387399  0.01504762]
 [0.40645729 0.24667881 0.15043499 0.11404714 0.08238177]
 [0.37616263 0.28552852 0.26336302 0.06734657 0.00759926]
 [0.37304865 0.27031974 0.26680218 0.05895033 0.03087909]]"
5,"[[0.28568309 0.20633462 0.20179281 0.18825583 0.11793366]
 [0.34861727 0.34002932 0.16632779 0.0974464  0.04757921]
 [0.29683514 0.29535798 0.2370547  0.13671642 0.03403575]
 [0.25607219 0.21119769 0.20439158 0.19783173 0.1305068 ]
 [0.27689392 0.24523335 0.22648244 0.18579736 0.06559293]]"
6,"[[4.12111679e-01 3.93264475e-01 1.55627239e-01 3.86093400e-02
  3.87267393e-04]
 [3.39019992e-01 2.99733271e-01 2.96968842e-01 3.29252835e-02
  3.13526123e-02]
 [3.24272022e-01 2.45627481e-01 2.36577041e-01 1.43755364e-01
  4.97680934e-02]
 [3.21138253e-01 2.33228575e-01 2.13223069e-01 2.08416425e-01
  2.39936780e-02]
 [2.61327177e-01 2.49385335e-01 2.39012254e-01 1.37173492e-01
  1.13101741e-01]]"
7,"[[0.40758627 0.27352352 0.14937728 0.12627708 0.04323585]
 [0.33917137 0.2457132  0.17231947 0.15382877 0.08896719]
 [0.2437582  0.24196338 0.22917345 0.17134047 0.11376451]
 [0.33437295 0.32390278 0.21255222 0.11579658 0.01337547]
 [0.36928468 0.28728199 0.21167912 0.0802045  0.05154971]]"
8,"[[0.20678584 0.20986826 0.20348385 0.19898108 0.18088095]
 [0.34777445 0.21530047 0.1898356  0.17468462 0.07240487]
 [0.33160259 0.318026   0.30130444 0.03370073 0.01536624]
 [0.45251012 0.22495584 0.19424208 0.09974481 0.02854715]
 [0.27024789 0.21046442 0.20154586 0.19031241 0.12742942]]"
9,"[[0.25066925 0.24119966 0.23051276 0.2017036  0.07591473]
 [0.34037246 0.26310365 0.17624656 0.16165964 0.05861769]
 [0.2806517  0.27029191 0.25749043 0.09614846 0.0954175 ]
 [0.40196852 0.26695439 0.13991402 0.12470538 0.06645768]
 [0.30827251 0.30727269 0.28717042 0.07646564 0.02081874]]"
10,"[[0.32546334 0.28732867 0.24282921 0.10005341 0.04432538]
 [0.35767806 0.28778728 0.19749172 0.13258035 0.02446258]
 [0.4018658  0.36724154 0.18637452 0.04009913 0.004419  ]
 [0.36291414 0.23693944 0.19642792 0.10612005 0.09759844]
 [0.35404254 0.29874689 0.13061275 0.12408621 0.0925116 ]]"
11,"[[0.36690218 0.32702664 0.144111   0.11444768 0.0475125 ]
 [0.35729961 0.22846476 0.17230475 0.13908829 0.10284259]
 [0.2852754  0.27726873 0.19970036 0.18325061 0.0545049 ]
 [0.46536111 0.29890119 0.15445656 0.06473028 0.01655086]
 [0.42656597 0.32899811 0.16233227 0.06197728 0.02012637]]"
12,"[[0.29131958 0.24412143 0.21535312 0.15195043 0.09725543]
 [0.34540158 0.28566983 0.20174323 0.14576951 0.02141584]
 [0.30529868 0.28602291 0.20700401 0.13051399 0.07116041]
 [0.39411227 0.25136023 0.19146233 0.08717749 0.07588769]
 [0.26132431 0.25146415 0.17415139 0.17195357 0.14110658]]"
13,"[[0.39865481 0.26129365 0.20570544 0.07524833 0.05909777]
 [0.31762511 0.25049214 0.24796615 0.18100649 0.0029101 ]
 [0.30408342 0.29949659 0.20834955 0.14432261 0.04374784]
 [0.26884153 0.26105973 0.22498957 0.17222147 0.0728877 ]
 [0.39434093 0.27727675 0.2551722  0.05319608 0.02001405]]"
14,"[[0.31875701 0.20802024 0.19687159 0.15606704 0.12028411]
 [0.32704576 0.30260971 0.24966898 0.10008667 0.02058889]
 [0.44477825 0.20686942 0.20026964 0.08392457 0.06415812]
 [0.40406506 0.20875446 0.20859345 0.15507035 0.02351668]
 [0.27643516 0.24596944 0.20300522 0.14458871 0.13000147]]"
15,"[[0.29449524 0.22714721 0.19393388 0.17214558 0.11227808]
 [0.29766004 0.27385701 0.25494094 0.12539342 0.04814858]
 [0.4122361  0.2910033  0.16022337 0.09925452 0.03728272]
 [0.30747173 0.28223263 0.19149311 0.15676446 0.06203807]
 [0.26782035 0.23307684 0.2244835  0.19891358 0.07570573]]"
16,"[[0.2655078  0.25513082 0.20041401 0.13995541 0.13899196]
 [0.29219573 0.28826729 0.20944638 0.18223984 0.02785075]
 [0.3712205  0.36757609 0.17434483 0.06423074 0.02262784]
 [0.22821686 0.22657167 0.21130755 0.20742668 0.12647724]
 [0.4295799  0.2252696  0.18562034 0.12489515 0.03463501]]"
17,"[[0.3484858  0.30439787 0.20863095 0.10771787 0.0307675 ]
 [0.33750771 0.28449869 0.15107301 0.11380687 0.11311372]
 [0.35529322 0.30394917 0.21372526 0.09929188 0.02774048]
 [0.5118815  0.29027864 0.08691637 0.06770716 0.04321633]
 [0.34190463 0.28392547 0.1589341  0.15556719 0.05966861]]"
18,"[[0.35210919 0.30438727 0.16794264 0.11739579 0.05816511]
 [0.43779314 0.21071548 0.19866771 0.12609714 0.02672653]
 [0.37429346 0.34312301 0.15406179 0.10612495 0.0223968 ]
 [0.32930735 0.25770062 0.2446422  0.13908112 0.02926872]
 [0.33070379 0.31086664 0.21942438 0.0945207  0.04448449]]"
19,"[[0.29771538 0.29213713 0.21305347 0.13201818 0.06507584]
 [0.39349929 0.35855802 0.10230976 0.09391581 0.05171711]
 [0.30668909 0.25920796 0.19596664 0.18009953 0.05803679]
 [0.47677149 0.32008485 0.13056662 0.06709765 0.00547939]
 [0.40469722 0.30745397 0.20268207 0.07576494 0.00940181]]"
20,"[[0.28304897 0.26527042 0.23494481 0.18343073 0.03330506]
 [0.30818416 0.29147901 0.17023727 0.1158001  0.11429947]
 [0.31224337 0.24793158 0.15807944 0.18945856 0.09228705]
 [0.30035562 0.29793482 0.23945521 0.13573784 0.02651651]
 [0.34704903 0.33278195 0.16241799 0.13067692 0.02707412]]"
21,"[[0.40231684 0.35684303 0.20601764 0.02900457 0.00581792]
 [0.40343017 0.33872607 0.13163828 0.07993992 0.04626556]
 [0.25517839 0.21116912 0.19027523 0.17616922 0.16720804]
 [0.28720479 0.2533417  0.2200071  0.20672593 0.03272048]
 [0.35720216 0.25912175 0.18416613 0.11383909 0.08567087]]"
22,"[[0.48979845 0.26014286 0.12988156 0.07728288 0.04289425]
 [0.3314159  0.30177054 0.25956788 0.10367231 0.00357337]
 [0.33011871 0.26289167 0.22706735 0.16303011 0.01689215]
 [0.28772424 0.26350186 0.25367581 0.13911369 0.0559844 ]
 [0.25816637 0.22923332 0.22852715 0.20466093 0.07941222]]"
23,"[[0.35230632 0.27631831 0.24000132 0.10508412 0.02628994]
 [0.48600747 0.22597763 0.16701297 0.10210927 0.01889266]
 [0.38319149 0.27954861 0.21717112 0.07833399 0.04175479]
 [0.28513679 0.24038123 0.18572305 0.17530328 0.11345565]
 [0.45189531 0.24431769 0.19304913 0.06358585 0.04715202]]"
24,"[[0.33496174 0.2867205  0.2738568  0.07520066 0.02926031]
 [0.23324928 0.2158891  0.18919161 0.18660528 0.17506472]
 [0.38955287 0.32416386 0.25792588 0.01621322 0.01214418]
 [0.31106015 0.24335701 0.21611205 0.1834983  0.0459725 ]
 [0.2547534  0.24196286 0.22923072 0.20415326 0.06989977]]"
25,"[[0.34500297 0.3144267  0.14111047 0.11426154 0.08519833]
 [0.40118049 0.33713482 0.11839446 0.09759336 0.04569687]
 [0.31322009 0.23829211 0.22989937 0.20779802 0.01079041]
 [0.34571731 0.28872066 0.2744938  0.07816286 0.01290536]
 [0.26286954 0.25248844 0.20865362 0.14643283 0.12955557]]"
26,"[[0.38395611 0.37082635 0.1314758  0.08931298 0.02442876]
 [0.41520049 0.26337264 0.1154803  0.10524194 0.10070464]
 [0.40016903 0.26828793 0.18236954 0.12165897 0.02751453]
 [0.47011202 0.39910883 0.11180093 0.01845383 0.00052439]
 [0.27700233 0.24586942 0.23350245 0.21722102 0.02640478]]"
27,"[[0.33875921 0.2654247  0.23203979 0.10610756 0.05766873]
 [0.28546869 0.26152331 0.25682835 0.15649721 0.03968244]
 [0.34178046 0.23521104 0.22544275 0.15547596 0.0420898 ]
 [0.3365927  0.22737587 0.21037053 0.16901792 0.05664298]
 [0.42219894 0.38171142 0.09081044 0.05283731 0.05244189]]"
28,"[[0.27112449 0.25223585 0.2513958  0.20368185 0.02156201]
 [0.30439473 0.25422939 0.22828394 0.18953802 0.02355393]
 [0.33685854 0.22401559 0.18214412 0.14873972 0.10824203]
 [0.31796374 0.30268621 0.23021171 0.09030486 0.05883349]
 [0.25560896 0.22449843 0.21987228 0.21487357 0.08514677]]"
29,"[[0.39179976 0.38467116 0.11409883 0.07843214 0.03099811]
 [0.25481135 0.24165616 0.20073916 0.16680425 0.13598909]
 [0.34621433 0.25516419 0.21533911 0.1724375  0.01084488]
 [0.39557612 0.24824461 0.2257666  0.12331704 0.00709564]
 [0.38914565 0.30465376 0.21446945 0.06145744 0.0302737 ]]"
30,"[[0.23637619 0.23356318 0.19560553 0.17867617 0.15577893]
 [0.26783362 0.24448733 0.24030132 0.17602146 0.07135627]
 [0.24451081 0.29588428 0.23875525 0.1146623  0.10618736]
 [0.30384719 0.25841534 0.25181548 0.13650849 0.0494135 ]
 [0.38183528 0.32270924 0.20076635 0.07424267 0.02044646]]"
31,"[[0.43910988 0.2656245  0.1996633  0.09306553 0.00253679]
 [0.35078806 0.33277129 0.19495425 0.07983419 0.04165221]
 [0.38392251 0.29603663 0.20258797 0.09415077 0.02330212]
 [0.30800294 0.2537756  0.19630513 0.15547873 0.0864376 ]
 [0.35010996 0.27087751 0.23311393 0.10400838 0.04189021]]"
32,"[[0.44651748 0.24665908 0.16954613 0.13301951 0.0042578 ]
 [0.25590544 0.20613042 0.19083264 0.18709241 0.16003909]
 [0.29739034 0.25810732 0.19471917 0.1930586  0.05672457]
 [0.28021966 0.2645808  0.26125775 0.12578613 0.06815566]
 [0.35092936 0.33556138 0.15463664 0.07987368 0.07899894]]"
33,"[[0.31829347 0.23828668 0.21080299 0.1757684  0.05684847]
 [0.36139734 0.33776274 0.19356298 0.06047519 0.04680175]
 [0.27185592 0.2617008  0.20982814 0.20444445 0.05217069]
 [0.39212251 0.23213266 0.1328542  0.12692237 0.11596826]
 [0.27471841 0.26939261 0.25703384 0.18750476 0.01135038]]"
34,"[[0.46081874 0.38231898 0.08359688 0.0709974  0.002268  ]
 [0.4411997  0.24006509 0.16921875 0.07770731 0.07180914]
 [0.47346273 0.16801674 0.16599016 0.14888468 0.04364569]
 [0.40154683 0.18401764 0.1556293  0.13021849 0.12858774]
 [0.36763885 0.19240364 0.15661203 0.15314339 0.13020209]]"
35,"[[0.31561227 0.26339193 0.19040325 0.16766773 0.06292483]
 [0.41548909 0.29409093 0.19480845 0.09367874 0.00193279]
 [0.24239097 0.23591468 0.20180996 0.19129602 0.12858837]
 [0.46573815 0.20613129 0.16332753 0.16324056 0.00156247]
 [0.41657764 0.32359199 0.13718093 0.07292121 0.04972822]]"
36,"[[0.33020505 0.29940182 0.19411747 0.15918742 0.01708824]
 [0.51254246 0.26881236 0.08331265 0.07193985 0.06339268]
 [0.42264204 0.28755178 0.15930588 0.10769692 0.02280337]
 [0.28624081 0.2822232  0.24420296 0.12639009 0.06094295]
 [0.38371447 0.34663752 0.21562043 0.03201479 0.02201278]]"
37,"[[0.39735998 0.30866296 0.16980439 0.11706415 0.00710852]
 [0.36934781 0.20925916 0.19200531 0.17580349 0.05358423]
 [0.34492337 0.25823625 0.16591996 0.10592822 0.12499219]
 [0.43012382 0.41695724 0.09240688 0.04427509 0.01623697]
 [0.28863975 0.25385724 0.20242618 0.13278652 0.12229031]]"
38,"[[0.26164476 0.24315152 0.22727372 0.14866033 0.11926967]
 [0.28163751 0.21508603 0.21474987 0.16069549 0.1278311 ]
 [0.32895063 0.31169696 0.16242343 0.1446306  0.05229838]
 [0.25415675 0.21250363 0.21031666 0.20122109 0.12180186]
 [0.43955441 0.23352259 0.22755447 0.06224731 0.03712122]]"
39,"[[0.33688608 0.25357651 0.21426299 0.1671807  0.02809372]
 [0.2949511  0.22358011 0.2026607  0.19834685 0.08046124]
 [0.27602623 0.2503148  0.22919802 0.17024842 0.07421254]
 [0.33901132 0.27810987 0.25335212 0.09734464 0.03218206]
 [0.24358678 0.21633137 0.19383823 0.18688917 0.15935445]]"
40,"[[0.25858458 0.2526364  0.22612332 0.21976983 0.04288587]
 [0.28304906 0.20262373 0.19984294 0.17468971 0.13979455]
 [0.32089382 0.25366302 0.2482718  0.0898691  0.08730226]
 [0.37212474 0.30141022 0.14511251 0.111712   0.06964053]
 [0.37376569 0.36686277 0.12297537 0.08523833 0.05115783]]"
41,"[[0.27478358 0.25927377 0.21557874 0.17976419 0.07059972]
 [0.38537978 0.23937135 0.21194236 0.08584241 0.07746409]
 [0.29651799 0.27051231 0.18962183 0.15276957 0.0905783 ]
 [0.32709631 0.27308293 0.17602221 0.16327822 0.06052034]
 [0.27161202 0.24316582 0.22229327 0.22086015 0.04206873]]"
42,"[[0.32719749 0.27458198 0.15108335 0.17124202 0.07589517]
 [0.4346919  0.38017814 0.09913088 0.04811349 0.03788559]
 [0.30363303 0.30241531 0.27646318 0.06219986 0.05528862]
 [0.38487913 0.30518012 0.25973579 0.04064627 0.00955869]
 [0.33642436 0.19825002 0.18887787 0.17921136 0.0972364 ]]"
43,"[[0.26827859 0.26289688 0.24079949 0.20241693 0.02560812]
 [0.37678738 0.25876098 0.21903629 0.0746519  0.07076345]
 [0.41525054 0.33714493 0.10450365 0.08337888 0.05972199]
 [0.28611782 0.26819394 0.23807512 0.11060799 0.09700513]
 [0.38848246 0.30818365 0.14438335 0.1304187  0.02853184]]"
44,"[[0.28198446 0.23350616 0.23224322 0.20948348 0.04278268]
 [0.34058741 0.25317515 0.19405631 0.15987928 0.05230185]
 [0.27773875 0.27690234 0.19630185 0.19495262 0.05410444]
 [0.28481228 0.27648001 0.23079406 0.16482448 0.04308917]
 [0.64571215 0.12521422 0.08500316 0.07614863 0.06792183]]"
45,"[[0.36206575 0.26244237 0.23431826 0.12659715 0.01457648]
 [0.35201962 0.23897514 0.21056066 0.18679622 0.01164836]
 [0.29902073 0.25139761 0.23308595 0.20600518 0.01049053]
 [0.43009084 0.21841987 0.17546116 0.15728891 0.01873921]
 [0.26018259 0.21815878 0.20431581 0.16253663 0.1548062 ]]"
46,"[[0.28026982 0.262893   0.22241359 0.16428565 0.07013793]
 [0.30655351 0.29417397 0.18918839 0.15134369 0.05874044]
 [0.33085966 0.20799538 0.2066132  0.16935507 0.08517669]
 [0.38449561 0.27443195 0.13414027 0.12663431 0.08029785]
 [0.4999875  0.35441108 0.08964861 0.03254769 0.02340513]]"
47,"[[0.22918272 0.22216892 0.21439803 0.19593757 0.13831276]
 [0.29975072 0.28457435 0.14855887 0.13385542 0.13326065]
 [0.32699208 0.30474794 0.25732769 0.08386915 0.02706314]
 [0.29731234 0.27848952 0.20025479 0.17917291 0.04477045]
 [0.48284842 0.27634076 0.12273981 0.07371961 0.04435139]]"
48,"[[0.38157027 0.27661789 0.14416582 0.12206647 0.07557955]
 [0.2859433  0.27606107 0.24689413 0.14670267 0.04439884]
 [0.23269188 0.22200483 0.21436003 0.18182493 0.14911833]
 [0.31415578 0.2873268  0.24125121 0.07947241 0.07779381]
 [0.31415455 0.28200913 0.1951209  0.11587638 0.09283903]]"
49,"[[0.37768087 0.25366966 0.18973953 0.08960261 0.08930733]
 [0.29619899 0.2052904  0.19048379 0.17094662 0.13708021]
 [0.3068751  0.29122672 0.18404654 0.1564576  0.06139405]
 [0.28890649 0.25776219 0.21990085 0.19567646 0.03775401]
 [0.26461956 0.21123414 0.18784228 0.16958984 0.16671418]]"
50,"[[0.34739436 0.29015384 0.23776162 0.10026419 0.02442599]
 [0.26941145 0.26458822 0.23120868 0.16807278 0.06671887]
 [0.42773366 0.3739304  0.14038115 0.0507406  0.00721418]
 [0.27858087 0.26537474 0.24004807 0.2062655  0.00973082]
 [0.27237208 0.23371801 0.18183586 0.16375308 0.14832096]]"
51,"[[0.30481594 0.27677786 0.20641318 0.20189162 0.0101014 ]
 [0.3114556  0.24604323 0.23238937 0.12245409 0.08765773]
 [0.31062625 0.29882722 0.20905778 0.16004434 0.02144442]
 [0.33388078 0.30040774 0.20187613 0.10826865 0.0555667 ]
 [0.37298701 0.2767599  0.23971995 0.09371761 0.01681552]]"
52,"[[0.31805929 0.30884156 0.16958658 0.10660347 0.0969091 ]
 [0.33535114 0.20957344 0.18383715 0.15829122 0.11294705]
 [0.28381363 0.28137059 0.22707085 0.16155712 0.04618781]
 [0.39658938 0.36029733 0.11979918 0.10243608 0.02087803]
 [0.37322827 0.27066102 0.15250941 0.14886256 0.05473873]]"
53,"[[0.32361055 0.23878159 0.22853948 0.15110453 0.05796385]
 [0.30487591 0.27450668 0.24250087 0.09037209 0.08774445]
 [0.23131159 0.22472839 0.21939421 0.18018471 0.1443811 ]
 [0.32931991 0.35339722 0.18941444 0.0924484  0.03542003]
 [0.31652944 0.24701897 0.19972161 0.14830497 0.08842501]]"
54,"[[0.39461573 0.25786169 0.14831633 0.109669   0.08953725]
 [0.49458669 0.24003685 0.11564957 0.09864612 0.05108077]
 [0.24669556 0.22072398 0.20535836 0.17604688 0.15117522]
 [0.34279822 0.24883949 0.17344326 0.15809053 0.0768285 ]
 [0.33654487 0.27135112 0.20415963 0.14304097 0.04490341]]"
55,"[[0.4470954  0.22984137 0.22415922 0.06145899 0.03744501]
 [0.30740037 0.28511918 0.2448791  0.09430447 0.06829688]
 [0.30498681 0.28668741 0.23611144 0.09547583 0.07673852]
 [0.35653865 0.29997098 0.13756149 0.11280017 0.09312871]
 [0.31917213 0.26263899 0.19588216 0.18117589 0.04113084]]"
56,"[[0.35639552 0.27117744 0.16178028 0.13581222 0.07483454]
 [0.25110207 0.24287246 0.23862489 0.18776541 0.07963518]
 [0.24529914 0.22085    0.20870092 0.1846182  0.14053174]
 [0.26619633 0.3039553  0.16245562 0.14358446 0.12380828]
 [0.36136632 0.18823245 0.1690481  0.14408928 0.13726385]]"
57,"[[0.23013741 0.22422054 0.19176668 0.18476851 0.16910686]
 [0.44251232 0.33073263 0.14509489 0.04553228 0.03612789]
 [0.34472352 0.30099717 0.21180304 0.08043466 0.06204162]
 [0.42795483 0.35171492 0.11882777 0.09970918 0.0017933 ]
 [0.28899528 0.28501456 0.26391172 0.11855061 0.04352783]]"
58,"[[0.37728916 0.28477499 0.1697422  0.09600444 0.07218922]
 [0.25328381 0.20457845 0.18802574 0.18057277 0.17353924]
 [0.30388017 0.25661282 0.23506651 0.12702253 0.07741796]
 [0.30147686 0.25014177 0.21704697 0.12926898 0.10206542]
 [0.6872165  0.10694935 0.07181284 0.06738847 0.06663284]]"
59,"[[0.32037087 0.30350556 0.19814308 0.17323785 0.00474264]
 [0.36541127 0.26739527 0.21749829 0.0926317  0.05706348]
 [0.2748607  0.24859043 0.2367582  0.22025371 0.01953696]
 [0.41933145 0.33812448 0.19601471 0.02854995 0.01797941]
 [0.3513627  0.30991039 0.23636663 0.07168204 0.03067824]]"
60,"[[0.29565285 0.27673473 0.22266171 0.17542096 0.02952974]
 [0.34179177 0.27354392 0.21371956 0.11385182 0.05709293]
 [0.51187711 0.34336958 0.10412816 0.03993979 0.00068537]
 [0.22700397 0.22335527 0.20885619 0.19721571 0.14356886]
 [0.31376479 0.30394759 0.17383654 0.1306337  0.07781738]]"
61,"[[0.33635486 0.24948883 0.18760608 0.17446245 0.05208778]
 [0.29965468 0.28368398 0.23504149 0.17514189 0.00647795]
 [0.28719772 0.26344144 0.23594906 0.13809772 0.07531406]
 [0.27017467 0.25032042 0.23534351 0.20675346 0.03740794]
 [0.28321776 0.26802011 0.21893651 0.18486833 0.0449573 ]]"
62,"[[0.29336269 0.2718862  0.23431453 0.16715794 0.03327863]
 [0.40070965 0.20937275 0.20596128 0.10842921 0.07552712]
 [0.32419462 0.31575371 0.17185303 0.16760612 0.02059251]
 [0.28831286 0.28407501 0.21530919 0.17653584 0.0357671 ]
 [0.45864667 0.27651685 0.14511994 0.1106531  0.00906345]]"
63,"[[0.49399011 0.4130469  0.07842825 0.01014586 0.00438888]
 [0.33490232 0.31975146 0.14369987 0.11943658 0.08220977]
 [0.46591537 0.18804036 0.18136997 0.02516146 0.13951283]
 [0.34805552 0.27602074 0.23931593 0.13322735 0.00338046]
 [0.31264129 0.30171165 0.15589742 0.14919715 0.08055248]]"
64,"[[0.27285501 0.24704192 0.22200665 0.17259411 0.08550231]
 [0.29740306 0.20511217 0.20228935 0.16215058 0.13304485]
 [0.28949587 0.28233755 0.20141717 0.16016164 0.06658777]
 [0.31494768 0.30172069 0.27014938 0.07829621 0.03488604]
 [0.32605239 0.26072027 0.22572217 0.11311437 0.07439079]]"
65,"[[0.28821559 0.25111272 0.22560021 0.12964423 0.10542724]
 [0.29360978 0.24933474 0.21006056 0.14060006 0.10639486]
 [0.32594542 0.26382854 0.24260095 0.14327676 0.02434833]
 [0.40023497 0.34989642 0.14599918 0.05771385 0.04615558]
 [0.3205964  0.29999862 0.25060872 0.08343612 0.04536014]]"
66,"[[0.32776959 0.25674682 0.20410864 0.15355136 0.05782359]
 [0.30547643 0.27212414 0.17138755 0.13852043 0.11249145]
 [0.26113786 0.20648892 0.20511855 0.18963032 0.13762436]
 [0.40485341 0.28829264 0.24173623 0.06403906 0.00107866]
 [0.30577153 0.24265818 0.23411332 0.1929037  0.02455327]]"
67,"[[0.33021925 0.25143483 0.18018593 0.12153865 0.11662134]
 [0.28120832 0.26687979 0.25954358 0.16791307 0.02445524]
 [0.29214162 0.28317434 0.18552333 0.13311786 0.10604284]
 [0.35923356 0.24579078 0.2091456  0.15544671 0.03038336]
 [0.29771784 0.28392959 0.25572892 0.12666164 0.03596201]]"
68,"[[0.35239258 0.28287774 0.1695184  0.15894367 0.03626761]
 [0.31238552 0.23858392 0.21394869 0.17614157 0.0589403 ]
 [0.27764383 0.25866504 0.23773771 0.16930279 0.05665062]
 [0.27006272 0.26409015 0.23179274 0.15407619 0.07997819]
 [0.30550763 0.30546521 0.24621588 0.11823711 0.02457417]]"
69,"[[0.28008713 0.21490002 0.17570453 0.17093632 0.15837201]
 [0.34317027 0.30921708 0.21231919 0.09600587 0.03928759]
 [0.35371622 0.29266021 0.28758838 0.06512275 0.00091244]
 [0.25835521 0.2507877  0.2460409  0.18268638 0.06212982]
 [0.33503838 0.21835239 0.18261796 0.17729837 0.0866929 ]]"
70,"[[0.41386074 0.21528363 0.16551495 0.1043183  0.10102238]
 [0.51560587 0.27823131 0.17864927 0.01425854 0.013255  ]
 [0.48401988 0.43420096 0.04860501 0.0236634  0.00951076]
 [0.53729969 0.40034498 0.04847832 0.0088593  0.00501771]
 [0.4086264  0.27621122 0.15692747 0.10236083 0.05587408]]"
71,"[[0.36010716 0.20619386 0.19584834 0.15725579 0.08059486]
 [0.26538598 0.26274616 0.22615638 0.20235296 0.0433585 ]
 [0.39916538 0.32254901 0.15035643 0.11294718 0.014982  ]
 [0.50430586 0.28343046 0.12049668 0.06061748 0.03114952]
 [0.31968619 0.26681468 0.23973501 0.1287566  0.04500753]]"
72,"[[0.26601395 0.24651092 0.23910877 0.22644402 0.02192234]
 [0.31297419 0.26180925 0.25857733 0.14004026 0.02659898]
 [0.46323976 0.38783096 0.09190997 0.03339955 0.02361976]
 [0.28714499 0.2084679  0.18965937 0.1870784  0.12764935]
 [0.26357648 0.24470161 0.22207887 0.16311369 0.10652935]]"
73,"[[0.32699566 0.32312856 0.24281311 0.06165888 0.04540379]
 [0.26517139 0.2433287  0.19438768 0.18820731 0.10890492]
 [0.28343883 0.25582884 0.2514169  0.11571097 0.09360446]
 [0.29248607 0.26314911 0.15910629 0.15732198 0.12793656]
 [0.37917681 0.29078074 0.13436446 0.10230382 0.09337416]]"
74,"[[0.26832844 0.2666974  0.23534657 0.18684637 0.04278122]
 [0.41241821 0.24173075 0.16173682 0.10102317 0.08309104]
 [0.30455252 0.29462408 0.22270839 0.09012087 0.08799414]
 [0.31040509 0.2095313  0.20332567 0.15499379 0.12174415]
 [0.45010045 0.41952243 0.06294888 0.05544166 0.01198659]]"
75,"[[0.27422923 0.25555457 0.25507197 0.16849595 0.04664828]
 [0.29648346 0.25524121 0.24626893 0.20104538 0.00096102]
 [0.261689   0.2439725  0.2185354  0.19561785 0.08018525]
 [0.26818753 0.24659391 0.24619764 0.23142376 0.00759716]
 [0.27894775 0.25739433 0.2112457  0.14006028 0.11235194]]"
76,"[[0.26146466 0.25438111 0.22926925 0.21541127 0.03947372]
 [0.43736451 0.39146641 0.08733809 0.06705296 0.01677803]
 [0.29001599 0.27820942 0.22755414 0.14894793 0.05527252]
 [0.3008582  0.29293592 0.26363875 0.07163143 0.0709357 ]
 [0.38854361 0.30574524 0.17283026 0.11697436 0.01590653]]"
77,"[[0.31365829 0.30811721 0.27254843 0.10272779 0.00294828]
 [0.29277153 0.26248812 0.24970621 0.11277721 0.08225693]
 [0.42864809 0.36603244 0.16366628 0.03218957 0.00946362]
 [0.30944884 0.28203488 0.18821552 0.15619216 0.06410859]
 [0.28044769 0.22309052 0.19476111 0.19054298 0.1111577 ]]"
78,"[[0.3670639  0.33730607 0.27394837 0.01926857 0.00241309]
 [0.46061859 0.27838369 0.12869375 0.08277929 0.04952467]
 [0.43608707 0.19007018 0.1697524  0.16151248 0.04257787]
 [0.28374464 0.25194399 0.18333235 0.14174889 0.13923013]
 [0.33570491 0.27241671 0.17942324 0.11533961 0.09711553]]"
79,"[[0.33941621 0.30781065 0.25846663 0.07052952 0.02377699]
 [0.32414076 0.2939503  0.19505084 0.11962947 0.06722864]
 [0.43077011 0.40372327 0.08597626 0.04117288 0.03835749]
 [0.36319985 0.32412482 0.22174106 0.04602019 0.04491408]
 [0.35637347 0.30627576 0.15169415 0.12095256 0.06470405]]"
80,"[[0.2677226  0.26209293 0.25534076 0.19842716 0.01641655]
 [0.30770415 0.29960344 0.21575044 0.13134332 0.04559865]
 [0.29151245 0.28219572 0.16186148 0.14272935 0.121701  ]
 [0.32262544 0.28949023 0.20361932 0.17356298 0.01070203]
 [0.20863029 0.51526898 0.14996634 0.10674232 0.01939208]]"
81,"[[0.27953345 0.25875979 0.21122753 0.13281557 0.11766367]
 [0.47830319 0.15551944 0.139382   0.13335542 0.09343996]
 [0.3611761  0.26917869 0.21177295 0.11443898 0.04343327]
 [0.52232493 0.20685438 0.13690772 0.09183005 0.04208292]
 [0.30554506 0.30034288 0.19881091 0.14837916 0.04692199]]"
82,"[[0.40172834 0.22314658 0.16261322 0.15756696 0.0549449 ]
 [0.34409634 0.27200587 0.2709364  0.08124634 0.03171506]
 [0.31179079 0.26658983 0.21582809 0.10484321 0.10094809]
 [0.31039895 0.29654145 0.19578848 0.11771191 0.07955921]
 [0.33208319 0.32508273 0.31452221 0.02769182 0.00062005]]"
83,"[[0.45140467 0.2078744  0.19738692 0.08457857 0.05875544]
 [0.40245126 0.28325978 0.23244557 0.07094402 0.01089937]
 [0.25833324 0.19728927 0.19623142 0.18174192 0.16640415]
 [0.26674297 0.23676491 0.209018   0.16436154 0.12311258]
 [0.28584861 0.27933735 0.25231283 0.10483801 0.0776632 ]]"
84,"[[0.31962487 0.21835156 0.19565205 0.16057478 0.10579673]
 [0.30113988 0.25193007 0.19262007 0.16881298 0.085497  ]
 [0.35310395 0.27407546 0.17333379 0.15551678 0.04397002]
 [0.55822359 0.26072422 0.15806049 0.02118256 0.00180914]
 [0.34467277 0.31501878 0.15848164 0.11129086 0.07053594]]"
85,"[[0.38586302 0.31008749 0.13448207 0.09772595 0.07184147]
 [0.28967656 0.25448891 0.17754167 0.17315138 0.10514148]
 [0.30739118 0.29385729 0.19890883 0.1867809  0.0130618 ]
 [0.35134081 0.34183926 0.19788761 0.09666161 0.01227071]
 [0.41422    0.25026163 0.16309358 0.09088241 0.08154238]]"
86,"[[0.40805121 0.37327501 0.17883874 0.03470202 0.00513302]
 [0.2763712  0.26624812 0.20205521 0.17851441 0.07681106]
 [0.46271615 0.20458283 0.14900025 0.14773699 0.03596379]
 [0.28933966 0.24378899 0.18629714 0.18136187 0.09921234]
 [0.45101392 0.26810831 0.16413557 0.11263325 0.00410895]]"
87,"[[0.40281339 0.227333   0.19725582 0.13416408 0.0384337 ]
 [0.33081618 0.2530434  0.23750014 0.14216807 0.03647222]
 [0.43192569 0.28758641 0.14079807 0.13079166 0.00889817]
 [0.25239216 0.24918051 0.19245798 0.15400981 0.15195954]
 [0.4517932  0.19898891 0.19153641 0.10222064 0.05546084]]"
88,"[[0.42883531 0.29331545 0.22482165 0.03284638 0.02018121]
 [0.2621323  0.2596357  0.23758514 0.132258   0.10838885]
 [0.42662205 0.37247799 0.11524005 0.0574624  0.0281975 ]
 [0.44452385 0.23237248 0.18354719 0.13515208 0.0044044 ]
 [0.33845322 0.25599877 0.23127867 0.14048254 0.0337868 ]]"
89,"[[0.25497684 0.20806876 0.18874498 0.18709749 0.16111194]
 [0.36583905 0.2946413  0.09160304 0.21718183 0.03073479]
 [0.33838884 0.29817269 0.20564396 0.11172139 0.04607312]
 [0.29754277 0.24399852 0.22852776 0.20689535 0.0230356 ]
 [0.31154723 0.23146491 0.21345748 0.15702245 0.08650793]]"
90,"[[0.30734268 0.28851698 0.28457901 0.07764563 0.04191571]
 [0.33562601 0.28883054 0.15823098 0.13456185 0.08275063]
 [0.30736824 0.29053273 0.28006284 0.10354459 0.0184916 ]
 [0.48273784 0.28602521 0.19937549 0.02619943 0.00566203]
 [0.31458093 0.23718312 0.20818269 0.14353105 0.09652221]]"
91,"[[0.30888221 0.26653435 0.20451569 0.19576038 0.02430738]
 [0.35940199 0.21737249 0.17811631 0.15712088 0.08798834]
 [0.44901796 0.24661481 0.19775078 0.08184842 0.02476802]
 [0.32048464 0.3039032  0.1443279  0.13421827 0.09706599]
 [0.31798511 0.29826333 0.29449848 0.05833085 0.03092223]]"
92,"[[0.2397343  0.22209625 0.19871029 0.17633162 0.16312754]
 [0.40046015 0.2984375  0.16261372 0.08991565 0.04857298]
 [0.3193259  0.3164026  0.15617387 0.14578345 0.06231417]
 [0.28725373 0.26894474 0.18761281 0.152457   0.10373173]
 [0.3020581  0.23171689 0.19954542 0.15039906 0.11628052]]"
93,"[[0.30233422 0.29393537 0.18441073 0.1330347  0.08628499]
 [0.31157134 0.2459321  0.21869993 0.21347558 0.01032105]
 [0.28325426 0.24510393 0.23215483 0.15629252 0.08319445]
 [0.28721109 0.25655077 0.22316378 0.15696851 0.07610585]
 [0.31711227 0.30539113 0.15819743 0.15212891 0.06717026]]"
94,"[[0.31918351 0.26707029 0.21254847 0.17572995 0.02546777]
 [0.31566633 0.31402977 0.2798749  0.07448661 0.01594238]
 [0.33374102 0.28044644 0.22137287 0.11416653 0.05027314]
 [0.28972521 0.25864855 0.24841832 0.12000278 0.08320514]
 [0.31717639 0.31022928 0.15324791 0.15183457 0.06751184]]"
95,"[[0.27983167 0.24455946 0.23384649 0.1244762  0.11728619]
 [0.3743673  0.34139027 0.24082591 0.02687519 0.01654133]
 [0.28484097 0.27495932 0.18245602 0.16819067 0.08955302]
 [0.33066297 0.28532118 0.23344474 0.1077424  0.04282872]
 [0.37329742 0.35880846 0.22394827 0.03372465 0.01022121]]"
96,"[[0.52911064 0.34543273 0.07699034 0.03377126 0.01469504]
 [0.26553465 0.24446783 0.21667171 0.19928287 0.07404294]
 [0.33409712 0.25464521 0.23522666 0.16626167 0.00976934]
 [0.3198899  0.22933346 0.18504672 0.14574513 0.1199848 ]
 [0.33948758 0.27887126 0.23760697 0.12667241 0.01736179]]"
97,"[[0.30439257 0.20925912 0.1973131  0.1708321  0.1182031 ]
 [0.24516922 0.24455281 0.22162199 0.21485307 0.0738029 ]
 [0.59019125 0.28859308 0.07611351 0.03400416 0.011098  ]
 [0.21698808 0.21097758 0.21078076 0.19016587 0.1710877 ]
 [0.37250108 0.35958532 0.21143358 0.05452075 0.00195927]]"
98,"[[0.31685829 0.31072527 0.27531463 0.08392107 0.01318073]
 [0.35882711 0.31122058 0.20516385 0.07949469 0.04529378]
 [0.3403109  0.26216324 0.2407713  0.08244376 0.0743108 ]
 [0.36890718 0.3650931  0.11413281 0.11174376 0.04012315]
 [0.34023169 0.25990967 0.19408263 0.17605027 0.02972574]]"
99,"[[0.35031403 0.32799507 0.18013001 0.09744197 0.04411892]
 [0.4953665  0.22775762 0.21930941 0.02974866 0.02781781]
 [0.37850101 0.36940478 0.13336429 0.09801144 0.02071848]
 [0.2777451  0.25806593 0.25001551 0.11777859 0.09639487]
 [0.22056144 0.21588269 0.20477732 0.19096791 0.16781065]]"
100,"[[0.26714173 0.25967749 0.2518373  0.1285157  0.09282778]
 [0.40419023 0.23336067 0.16657697 0.1001526  0.09571953]
 [0.27379011 0.24819609 0.2449794  0.12842852 0.10460588]
 [0.32807824 0.23611892 0.21140148 0.17298255 0.05141881]
 [0.3173563  0.23570601 0.21745421 0.15191487 0.0775686 ]]"
101,"[[0.20053701 0.16384305 0.14008435 0.11608957 0.10942876 0.07222436
  0.06021139 0.05263726 0.04902727 0.03591698]
 [0.2053269  0.1798047  0.17593779 0.1541406  0.11031593 0.06707969
  0.05705515 0.03272629 0.01520083 0.00241213]
 [0.27255856 0.24119136 0.1400165  0.11876082 0.06828683 0.06666958
  0.06222882 0.01572129 0.01269944 0.0018668 ]
 [0.24423285 0.17039315 0.15003232 0.14387231 0.08721093 0.07792594
  0.06887867 0.04722582 0.0078313  0.0023967 ]
 [0.18814344 0.17477186 0.17236614 0.13379576 0.1244668  0.09213432
  0.04246616 0.0370467  0.01873444 0.01607437]
 [0.18523483 0.16919086 0.14259265 0.12091858 0.11490568 0.07578932
  0.05856581 0.05536938 0.04103853 0.03639436]
 [0.17246643 0.15967148 0.15872953 0.09213358 0.13835252 0.08745667
  0.07499717 0.04707287 0.03969723 0.02942252]
 [0.16308034 0.16185904 0.13708734 0.12384153 0.12345431 0.09380442
  0.07928844 0.06829974 0.01594624 0.03333861]
 [0.14686197 0.13671009 0.1204641  0.11967654 0.11900524 0.10978206
  0.10689451 0.10017034 0.02784772 0.01258743]
 [0.20123365 0.15583227 0.1357392  0.13499378 0.09092016 0.09069704
  0.06124422 0.05383923 0.04414627 0.03135418]]"
102,"[[0.16403718 0.16191511 0.15441385 0.12545354 0.15384951 0.1121521
  0.07963554 0.03519761 0.00677765 0.00656791]
 [0.2409126  0.14919745 0.14231799 0.12354973 0.09880925 0.07606226
  0.07422315 0.05153277 0.03199339 0.0114014 ]
 [0.17631225 0.16426444 0.15865838 0.12670521 0.09790505 0.06846435
  0.06743834 0.05783836 0.04377061 0.03864302]
 [0.19235702 0.15888394 0.13134193 0.11971315 0.10319442 0.09543275
  0.0569351  0.05387158 0.0445216  0.0437485 ]
 [0.1662449  0.14967257 0.14487105 0.13421011 0.12483862 0.10566716
  0.07323881 0.04520968 0.03879691 0.01725019]
 [0.18242659 0.17033837 0.16939313 0.13946042 0.11518216 0.10684671
  0.08270407 0.01762144 0.01543321 0.00059392]
 [0.17664922 0.17155149 0.1595331  0.14500317 0.1138946  0.10358279
  0.0611411  0.03670808 0.02510283 0.00683362]
 [0.17963108 0.15985339 0.14995063 0.13961319 0.07916662 0.07746414
  0.07316916 0.06658274 0.05476886 0.01980017]
 [0.25195281 0.16688245 0.13761423 0.12502551 0.10163453 0.09706701
  0.05099635 0.02918186 0.02880359 0.01084167]
 [0.18645496 0.18270746 0.1781417  0.17514762 0.10691107 0.06763862
  0.03578191 0.02474988 0.02130597 0.02116082]]"
103,"[[0.18003722 0.17016859 0.16968125 0.153725   0.08624422 0.08091041
  0.06702822 0.04699789 0.03640554 0.00880165]
 [0.17278171 0.16514437 0.16247789 0.11482151 0.10426014 0.10241762
  0.07439199 0.04491714 0.03194341 0.02684421]
 [0.23027748 0.18179079 0.12560952 0.11445393 0.10768225 0.10570121
  0.055303   0.02786018 0.03965099 0.01167064]
 [0.18961523 0.17883939 0.17357832 0.11929509 0.11767981 0.06470594
  0.05769022 0.0499023  0.04129815 0.00739555]
 [0.19164165 0.18987288 0.15013912 0.14171288 0.10803434 0.09009475
  0.05114309 0.04280478 0.02405611 0.0105004 ]
 [0.19447348 0.17806555 0.17422526 0.12045708 0.11997385 0.10131724
  0.06696122 0.03856403 0.0052449  0.00071738]
 [0.20949247 0.20175647 0.17740282 0.12929096 0.07942275 0.05002
  0.04455375 0.04394975 0.03669742 0.02741361]
 [0.20054818 0.17124065 0.17027541 0.12109759 0.11749555 0.10043926
  0.04679218 0.04298011 0.01545967 0.01367141]
 [0.25590706 0.14126596 0.12673718 0.12171872 0.11619149 0.07171012
  0.0680929  0.06743529 0.02393662 0.00700465]
 [0.16034514 0.15850759 0.14429885 0.1276258  0.12331675 0.09318405
  0.06863352 0.04948195 0.03942809 0.03517827]]"
104,"[[0.18882172 0.18344648 0.16524734 0.13196377 0.08703423 0.06539666
  0.05873965 0.05816838 0.05752813 0.00365364]
 [0.18289928 0.16444956 0.14721693 0.12983472 0.09844563 0.07006345
  0.0546086  0.0527595  0.05226502 0.0474573 ]
 [0.15846986 0.13858113 0.1352599  0.12279848 0.10559288 0.10039597
  0.08583514 0.06729216 0.04816322 0.03761125]
 [0.15772192 0.15681024 0.12531117 0.11421585 0.11198994 0.10878697
  0.10687979 0.06465706 0.03758112 0.01604593]
 [0.13905714 0.13759268 0.12938569 0.12665693 0.11854393 0.10382838
  0.08874915 0.06805329 0.05873441 0.0293984 ]
 [0.19740499 0.16955029 0.16642131 0.11949238 0.11398376 0.10899536
  0.07478951 0.0297599  0.01829775 0.00130476]
 [0.22853661 0.163417   0.14490105 0.11675986 0.11160425 0.09597133
  0.04805735 0.04584809 0.02719311 0.01771135]
 [0.21383084 0.15585418 0.11229789 0.10761115 0.10051973 0.09996275
  0.0932074  0.09052402 0.02210113 0.0040909 ]
 [0.16634096 0.15303026 0.14704829 0.12559165 0.12476128 0.09608726
  0.07304761 0.06270948 0.04751405 0.00386917]
 [0.1868954  0.16247006 0.15318573 0.13140976 0.1082587  0.09849617
  0.07177381 0.03316912 0.03193432 0.02240694]]"
105,"[[0.14381515 0.14108671 0.12831432 0.12571309 0.12361921 0.11369046
  0.08346    0.07020519 0.06761763 0.00247824]
 [0.20876682 0.16174754 0.1553221  0.10496287 0.07109876 0.0919148
  0.07105828 0.05338717 0.04139004 0.04035163]
 [0.14771957 0.14625151 0.14078387 0.1353934  0.1126218  0.09869639
  0.09045648 0.06296334 0.06143254 0.00368109]
 [0.18170844 0.16413528 0.1361761  0.12784741 0.12109118 0.12022383
  0.07656931 0.03074764 0.0224565  0.01904431]
 [0.22014984 0.21558601 0.11507318 0.11059889 0.09508248 0.09375938
  0.08064693 0.03805808 0.03008973 0.00095548]
 [0.18191575 0.15604635 0.15089543 0.14661313 0.12475044 0.11053837
  0.05105159 0.04299356 0.03442102 0.00077437]
 [0.2300895  0.19370485 0.14406809 0.13392328 0.09346561 0.08074352
  0.05632051 0.03364248 0.01717087 0.01687129]
 [0.18871079 0.17790475 0.14250867 0.12642653 0.07751727 0.06904878
  0.06899097 0.06856313 0.05884217 0.02148693]
 [0.21824821 0.21787684 0.13294387 0.11311091 0.11188775 0.0726656
  0.04204977 0.03633963 0.03497787 0.01989956]
 [0.20221482 0.18105352 0.17868173 0.17605353 0.11954207 0.03550556
  0.03141906 0.0311139  0.03030393 0.01411189]]"
106,"[[0.21502555 0.19677501 0.15227942 0.13019514 0.12215453 0.10151338
  0.03812713 0.02408638 0.01174088 0.00810258]
 [0.19618465 0.18698382 0.17614211 0.16696134 0.15269462 0.07073956
  0.01986101 0.01704077 0.00892545 0.00446669]
 [0.19666098 0.19659387 0.16780198 0.15019368 0.10435016 0.07612443
  0.05396836 0.02809346 0.01862358 0.00758948]
 [0.19150072 0.18596528 0.1752295  0.12291022 0.11923158 0.08476758
  0.05370653 0.03184715 0.01972132 0.01512013]
 [0.18394157 0.16226218 0.14300732 0.1384448  0.13084117 0.1172733
  0.06937676 0.03056144 0.02009206 0.00419942]
 [0.26269458 0.21398843 0.17080335 0.10825869 0.10661732 0.08403953
  0.03134897 0.01595679 0.00402721 0.00226514]
 [0.17685906 0.14997224 0.13336727 0.11451788 0.11296831 0.10758325
  0.05972993 0.05302648 0.04771953 0.04425606]
 [0.25011651 0.22655    0.18173227 0.08734098 0.08516811 0.06382477
  0.0539285  0.02979591 0.01798773 0.00355523]
 [0.17372775 0.16259674 0.16101789 0.1459018  0.13589658 0.09129949
  0.0432185  0.03982939 0.02684309 0.01966878]
 [0.17783542 0.17223201 0.12401783 0.1177458  0.10609298 0.09270595
  0.0857009  0.0452402  0.03969782 0.03873109]]"
107,"[[0.1375845  0.13639416 0.13531679 0.11863145 0.10736061 0.10711511
  0.08024506 0.06611658 0.06292596 0.04830976]
 [0.15184117 0.15172037 0.12756437 0.12229199 0.12218231 0.09268249
  0.08944812 0.07179034 0.04420165 0.02627719]
 [0.1545884  0.13654925 0.12454561 0.12038799 0.11379768 0.11175315
  0.10946779 0.0628844  0.0433819  0.02264383]
 [0.18954234 0.17331421 0.16838895 0.10923466 0.09414765 0.09318492
  0.06241506 0.04843272 0.02528761 0.03605188]
 [0.17964065 0.15871951 0.15601737 0.13856576 0.0970315  0.0903875
  0.07661159 0.05248721 0.03731831 0.0132206 ]
 [0.25957216 0.25039747 0.16661696 0.09934129 0.07705356 0.0729583
  0.03257155 0.02513245 0.00998917 0.00636708]
 [0.24658739 0.21863599 0.19572827 0.12108714 0.08818378 0.06156399
  0.02958707 0.02725378 0.00657251 0.00480009]
 [0.20387727 0.17887203 0.16278807 0.15010204 0.13962034 0.07187944
  0.05272782 0.02277359 0.01087014 0.00648925]
 [0.14785399 0.1472135  0.14181252 0.12688624 0.10595742 0.08862356
  0.08808986 0.07268352 0.05122875 0.02965064]
 [0.21106078 0.17379664 0.13306723 0.09560339 0.09181923 0.0845715
  0.07417613 0.05947223 0.03959137 0.0368415 ]]"
108,"[[0.15161761 0.14636282 0.13114625 0.120638   0.09641123 0.08789879
  0.07985955 0.07393368 0.06974442 0.04238766]
 [0.24850138 0.22847008 0.12107715 0.10963973 0.08745797 0.07100336
  0.05749094 0.04028534 0.02357033 0.01250372]
 [0.17722411 0.15021719 0.14593017 0.12752503 0.14025126 0.08574643
  0.08570425 0.05541218 0.02821006 0.00377932]
 [0.16626411 0.16102984 0.15329548 0.12975082 0.10613473 0.09583695
  0.07801875 0.06587446 0.04146251 0.00233233]
 [0.19529704 0.18306095 0.1502873  0.11983053 0.0891116  0.08695019
  0.08086594 0.05228271 0.03252467 0.00978906]
 [0.20703059 0.20510642 0.14454303 0.1159177  0.10163946 0.09252044
  0.05800087 0.03919967 0.02818436 0.00785745]
 [0.2162151  0.15670237 0.14484029 0.14375064 0.08618451 0.0712219
  0.0676154  0.05403372 0.03050219 0.02893389]
 [0.15512107 0.14857108 0.14683072 0.11321617 0.1104504  0.09116727
  0.08387736 0.06646571 0.05735858 0.02694164]
 [0.20528186 0.16472289 0.16271304 0.15887976 0.09833001 0.07640595
  0.05472955 0.03665961 0.03333339 0.00894395]
 [0.21350427 0.20502491 0.16234366 0.12932809 0.08835175 0.08099512
  0.05659652 0.02029242 0.03868273 0.00488054]]"
109,"[[0.22975539 0.20894446 0.13349796 0.12189313 0.09712093 0.09473038
  0.07776575 0.02043632 0.01508228 0.00077339]
 [0.18370443 0.17956922 0.16530701 0.10042186 0.13272125 0.09005113
  0.07935263 0.03555943 0.03284424 0.00046882]
 [0.16022718 0.15188525 0.12852112 0.12423237 0.10890795 0.08558133
  0.08351934 0.07243561 0.06348442 0.02120544]
 [0.22104911 0.15484998 0.14415993 0.1330353  0.12040644 0.09348211
  0.06531651 0.03790026 0.01752754 0.01227282]
 [0.16992857 0.1580454  0.1431047  0.13193925 0.09921493 0.09556833
  0.06836647 0.06588201 0.0339798  0.03397054]
 [0.2625157  0.19897995 0.17053748 0.16741445 0.09348617 0.05809593
  0.02710123 0.0077312  0.01271574 0.00142215]
 [0.15120818 0.14822961 0.12786774 0.12626718 0.11096534 0.10150758
  0.09242769 0.06932064 0.03979594 0.03241008]
 [0.14614941 0.12649244 0.11620156 0.10998619 0.10758637 0.10707137
  0.10462367 0.09773948 0.07571126 0.00843824]
 [0.27137037 0.17859202 0.1219743  0.11376263 0.07682304 0.07556989
  0.06710409 0.05955122 0.01927403 0.0159784 ]
