1,"[[0.18185403 0.07248334 0.42397215 0.0420896  0.27960086]
 [0.22143072 0.35034759 0.130071   0.20576798 0.0923827 ]
 [0.29901252 0.19934749 0.31151615 0.11482462 0.07529922]
 [0.23340805 0.35824729 0.23713916 0.02199679 0.14920871]
 [0.14931663 0.32618018 0.23087816 0.18839666 0.10522836]]"
2,"[[0.24868968 0.28489468 0.0454144  0.14486708 0.27613417]
 [0.39703477 0.31072418 0.18151158 0.0527318  0.05799768]
 [0.40168379 0.14366836 0.06151957 0.04891806 0.34421022]
 [0.34682071 0.22230074 0.26171115 0.0484006  0.1207668 ]
 [0.33669273 0.22290529 0.16863516 0.17629956 0.09546726]]"
3,"[[0.28216982 0.23955339 0.16503249 0.15528897 0.15795533]
 [0.31567545 0.13465679 0.15296743 0.26694993 0.1297504 ]
 [0.0805598  0.37579345 0.25465712 0.22086542 0.0681242 ]
 [0.31517823 0.15022433 0.27539524 0.12803068 0.13117152]
 [0.22449812 0.24863267 0.18477306 0.18286862 0.15922753]]"
4,"[[0.27424103 0.0034811  0.20727901 0.31498914 0.20000972]
 [0.24329595 0.25673872 0.23741215 0.1289089  0.13364428]
 [0.27482464 0.48340663 0.20734419 0.02695122 0.00747332]
 [0.32046167 0.31097206 0.19769407 0.10136476 0.06950744]
 [0.32699096 0.24950319 0.22137524 0.14141036 0.06072025]]"
5,"[[0.23806009 0.21891253 0.21260666 0.19575084 0.13466987]
 [0.30139609 0.32714067 0.20953598 0.08298064 0.07894662]
 [0.45557026 0.319786   0.05284652 0.12363651 0.04816071]
 [0.254729   0.1606482  0.09276937 0.24035426 0.25149917]
 [0.32316334 0.29148567 0.11838332 0.22586478 0.0411029 ]]"
6,"[[0.29333406 0.22849965 0.21697942 0.15151745 0.10966942]
 [0.23290709 0.13372562 0.25575821 0.11405291 0.26355617]
 [0.2685064  0.24148699 0.23950165 0.03407949 0.21642547]
 [0.22916719 0.4585344  0.16955702 0.10094914 0.04179225]
 [0.36017909 0.32793466 0.13388882 0.04767358 0.13032385]]"
7,"[[0.47696054 0.20959189 0.13015284 0.12316109 0.06013363]
 [0.22698343 0.32328058 0.07435262 0.1542003  0.22118307]
 [0.38124309 0.16972085 0.04435559 0.36540382 0.03927665]
 [0.24596462 0.21393095 0.23357903 0.23629831 0.07022709]
 [0.28970573 0.31684495 0.08211408 0.27383309 0.03750215]]"
8,"[[0.30082933 0.29104802 0.19444619 0.06009847 0.15357799]
 [0.25219427 0.15768541 0.38332597 0.06265073 0.14414361]
 [0.29366572 0.19292627 0.16715318 0.19229418 0.15396065]
 [0.26666835 0.2668311  0.20309748 0.02411798 0.23928509]
 [0.36703242 0.29223435 0.21350824 0.0671317  0.06009329]]"
9,"[[0.2197467  0.38415409 0.22613302 0.15518078 0.01478542]
 [0.40373121 0.21400672 0.18203882 0.17576385 0.02445941]
 [0.28390142 0.25700258 0.1492353  0.22885328 0.08100742]
 [0.24751753 0.20436216 0.20284506 0.17697312 0.16830214]
 [0.28680143 0.41481966 0.08887779 0.01788807 0.19161305]]"
10,"[[0.27405665 0.2871788  0.29016477 0.10999834 0.03860144]
 [0.27452455 0.21528849 0.07567815 0.1326082  0.30190061]
 [0.27388388 0.25052225 0.20607622 0.06605987 0.20345779]
 [0.57223543 0.16876861 0.15031965 0.06712264 0.04155368]
 [0.33316103 0.30621371 0.07204251 0.00972378 0.27885898]]"
11,"[[0.14253299 0.39851579 0.11293811 0.24725553 0.09875758]
 [0.33912616 0.27130619 0.10564145 0.16593622 0.11798999]
 [0.42536925 0.3032987  0.14985912 0.11151467 0.00995825]
 [0.28433897 0.25029014 0.24350119 0.07631942 0.14555029]
 [0.34683141 0.27743774 0.15980145 0.06789818 0.14803122]]"
12,"[[0.30526646 0.23600076 0.20497862 0.11606843 0.13768573]
 [0.29886077 0.19981677 0.27400171 0.18737548 0.03994527]
 [0.33924996 0.32036477 0.26584272 0.07301608 0.00152646]
 [0.30976781 0.26657919 0.06948516 0.13577494 0.21839289]
 [0.28100432 0.20743713 0.22622937 0.15951195 0.12581723]]"
13,"[[0.33012949 0.26287976 0.2293277  0.16712149 0.01054156]
 [0.52030534 0.25286656 0.11407798 0.05941321 0.05333691]
 [0.34356929 0.11096517 0.28075255 0.25863105 0.00608195]
 [0.39028021 0.22652182 0.17077747 0.08154093 0.13087957]
 [0.24683749 0.23804998 0.21554229 0.2149508  0.08461944]]"
14,"[[0.24185307 0.3135445  0.22524984 0.07812082 0.14123177]
 [0.35036245 0.33946283 0.12720511 0.17431839 0.00865122]
 [0.25886911 0.06704455 0.34022805 0.02094465 0.31291364]
 [0.29638051 0.24655546 0.14385639 0.1892155  0.12399215]
 [0.48663991 0.26557364 0.15075149 0.08543521 0.01159975]]"
15,"[[0.48176274 0.27772221 0.12273168 0.0524423  0.06534107]
 [0.33041725 0.25550015 0.2409669  0.15941479 0.01370091]
 [0.29159959 0.28835246 0.17611225 0.01883319 0.22510251]
 [0.3097643  0.26228027 0.20351654 0.19814844 0.02629044]
 [0.22933883 0.35683855 0.22419688 0.10023472 0.08939101]]"
16,"[[0.32947593 0.26948586 0.15629085 0.14845635 0.09629101]
 [0.10832716 0.08988385 0.46146732 0.25712649 0.08319518]
 [0.25474495 0.24681753 0.19255831 0.12673437 0.17914484]
 [0.52064704 0.16615311 0.14172083 0.07062751 0.1008515 ]
 [0.32940663 0.19002027 0.17480873 0.01472993 0.29103444]]"
17,"[[0.36563139 0.29107907 0.28214372 0.03383005 0.02731578]
 [0.32372377 0.15055001 0.2244038  0.11934022 0.18198219]
 [0.29432922 0.17563796 0.05520139 0.41297575 0.06185569]
 [0.43097484 0.32878844 0.07753654 0.14008279 0.02261739]
 [0.33793217 0.25536046 0.13347365 0.22392028 0.04931344]]"
18,"[[0.33764384 0.32508813 0.11082761 0.18735808 0.03908234]
 [0.35688813 0.26920949 0.02664377 0.20820956 0.13904905]
 [0.28526787 0.09863259 0.44098128 0.14213465 0.03298362]
 [0.27848674 0.2637273  0.15764473 0.21692469 0.08321655]
 [0.43106965 0.0456986  0.43310398 0.05305911 0.03706867]]"
19,"[[0.33184846 0.1922484  0.27362951 0.08476795 0.11750567]
 [0.34018927 0.37666814 0.13755023 0.01315742 0.13243494]
 [0.24904147 0.22823653 0.2093222  0.15695926 0.15644054]
 [0.31710542 0.33960413 0.11030222 0.00610966 0.22687857]
 [0.47752141 0.35029902 0.09367106 0.00579106 0.07271745]]"
20,"[[0.44618549 0.29762578 0.18076625 0.04000715 0.03541534]
 [0.34809603 0.18448127 0.27097127 0.02808642 0.168365  ]
 [0.34630758 0.30149573 0.12062881 0.19063656 0.04093132]
 [0.28056538 0.31597984 0.17533205 0.20908889 0.01903383]
 [0.11125042 0.12144863 0.50167261 0.24593966 0.01968868]]"
21,"[[0.28439525 0.24107583 0.20584098 0.19186506 0.07682288]
 [0.05850659 0.45749939 0.0030254  0.45023187 0.03073675]
 [0.37656065 0.29869703 0.19987496 0.11718538 0.00768198]
 [0.2631431  0.18368553 0.25689358 0.18207491 0.11420288]
 [0.37767668 0.26996495 0.30736697 0.03250999 0.0124814 ]]"
22,"[[0.4576297  0.25997584 0.00303375 0.06178462 0.2175761 ]
 [0.36147949 0.22163977 0.17690745 0.17212707 0.06784623]
 [0.23843396 0.29706345 0.20810444 0.17867923 0.07771893]
 [0.41389616 0.30897378 0.03838087 0.12403239 0.1147168 ]
 [0.25324027 0.23716464 0.23347198 0.22707412 0.04904899]]"
23,"[[0.2770079  0.14630768 0.32849485 0.05555227 0.19263731]
 [0.32827294 0.27718544 0.21701553 0.0084411  0.16908498]
 [0.32139184 0.34799511 0.22589791 0.09220691 0.01250824]
 [0.28277272 0.25206317 0.29569716 0.16262106 0.0068459 ]
 [0.55249955 0.15942945 0.0760737  0.03646249 0.17553482]]"
24,"[[0.26871592 0.2598271  0.20353672 0.20665652 0.06126374]
 [0.37616872 0.35854211 0.13753333 0.11386106 0.01389478]
 [0.2867335  0.18480434 0.19185454 0.17742905 0.15917857]
 [0.20600403 0.07834116 0.44014546 0.2544701  0.02103925]
 [0.30723239 0.13108617 0.25443645 0.05397181 0.25327318]]"
25,"[[0.2546885  0.2392871  0.19528423 0.21028277 0.1004574 ]
 [0.23656868 0.30681544 0.13188871 0.30655511 0.01817206]
 [0.3391048  0.33168602 0.0607178  0.17323566 0.09525572]
 [0.27081509 0.3019422  0.22919053 0.14118616 0.05686603]
 [0.26186962 0.47286952 0.18522362 0.07904292 0.00099432]]"
26,"[[0.40727738 0.27424276 0.26263043 0.02012833 0.03572111]
 [0.39714405 0.10339606 0.38955125 0.10712598 0.00278266]
 [0.21416065 0.30462434 0.22706322 0.12246912 0.13168267]
 [0.29998533 0.24681526 0.23031108 0.19382116 0.02906717]
 [0.34039614 0.26842122 0.17251473 0.14463653 0.07403138]]"
27,"[[0.27332904 0.14417892 0.1664454  0.27865657 0.13739007]
 [0.22282856 0.22282526 0.23218665 0.12475985 0.19739969]
 [0.29300461 0.27832648 0.10222172 0.27156107 0.05488611]
 [0.25689816 0.23978617 0.30420438 0.19172631 0.00738498]
 [0.26438963 0.2333556  0.20353843 0.19238494 0.1063314 ]]"
28,"[[0.34253368 0.01544965 0.36004795 0.28063929 0.00132943]
 [0.40179826 0.14269397 0.09426352 0.29713604 0.06410822]
 [0.22386824 0.22207798 0.1737939  0.21821285 0.16204703]
 [0.32561874 0.3326139  0.12803592 0.11834202 0.09538943]
 [0.26352479 0.30090076 0.11705386 0.04101826 0.27750233]]"
29,"[[0.29300411 0.33505562 0.24336726 0.06502793 0.06354507]
 [0.28182281 0.25090711 0.18809293 0.24336715 0.03581   ]
 [0.4564095  0.09252091 0.29850499 0.08827952 0.06428509]
 [0.14726219 0.318236   0.22463728 0.15547592 0.1543886 ]
 [0.32988725 0.32239407 0.30167293 0.04539554 0.00065022]]"
30,"[[0.28663985 0.14202793 0.22014403 0.22516363 0.12602456]
 [0.28384877 0.25217522 0.12778317 0.1461958  0.18999705]
 [0.29950033 0.25895758 0.29178248 0.02606814 0.12369146]
 [0.27455182 0.01668121 0.24674646 0.2671592  0.1948613 ]
 [0.37679866 0.21652373 0.21597269 0.11412399 0.07658093]]"
31,"[[0.29710187 0.23585935 0.20047707 0.23134003 0.03522169]
 [0.46868657 0.21537759 0.10423903 0.16619803 0.04549878]
 [0.37524779 0.36175411 0.14073032 0.10000088 0.0222669 ]
 [0.2477058  0.25153085 0.16378951 0.11784695 0.2191269 ]
 [0.37945873 0.33456253 0.20896037 0.05820563 0.01881274]]"
32,"[[0.45716033 0.24490031 0.21328702 0.01576754 0.0688848 ]
 [0.32264699 0.230693   0.2708669  0.1568966  0.0188965 ]
 [0.21557245 0.28289204 0.21132568 0.20125335 0.08895648]
 [0.34946753 0.32194098 0.21785967 0.07011706 0.04061475]
 [0.23985769 0.23882559 0.16333851 0.20109812 0.15688009]]"
33,"[[0.3349865  0.27715118 0.22669989 0.00936782 0.15179461]
 [0.2529435  0.17912136 0.25235779 0.17784123 0.13773612]
 [0.03807056 0.25466394 0.35058349 0.019774   0.33690801]
 [0.18435889 0.30812626 0.33230348 0.15399749 0.02121388]
 [0.32870583 0.19212431 0.16244406 0.15890585 0.15781994]]"
34,"[[0.31394525 0.07853078 0.47106331 0.05518778 0.08127288]
 [0.32312263 0.28276385 0.32066885 0.04707836 0.02636631]
 [0.29136719 0.43501719 0.22745999 0.01640173 0.0297539 ]
 [0.36272034 0.32447208 0.19028998 0.06794668 0.05457091]
 [0.33041584 0.29496646 0.2351024  0.11360554 0.02590977]]"
35,"[[0.36369352 0.29977937 0.0168939  0.00995167 0.30968155]
 [0.242321   0.1887875  0.228519   0.18513646 0.15523604]
 [0.25495333 0.26479671 0.21170606 0.17373942 0.09480448]
 [0.2525663  0.31379994 0.34286398 0.06250684 0.02826294]
 [0.27417645 0.16324723 0.15339245 0.23257729 0.17660657]]"
36,"[[0.3058721  0.40908411 0.14816973 0.11893015 0.0179439 ]
 [0.23690343 0.22054618 0.37047998 0.1396362  0.03243421]
 [0.28339392 0.23336059 0.21491358 0.0478475  0.2204844 ]
 [0.49753253 0.13493854 0.09116415 0.2627546  0.01361018]
 [0.38412933 0.2889323  0.24240066 0.07201299 0.01252472]]"
37,"[[0.47040548 0.21045409 0.15936354 0.10023706 0.05953983]
 [0.26686279 0.19896096 0.21721883 0.19538763 0.1215698 ]
 [0.21780127 0.20303252 0.20253644 0.18747713 0.18915264]
 [0.10254034 0.18540501 0.38508309 0.25046996 0.07650161]
 [0.33885733 0.22227981 0.27991273 0.02400502 0.13494511]]"
38,"[[0.12020573 0.49702554 0.22862468 0.07200397 0.08214008]
 [0.12435578 0.42536935 0.28869453 0.04098795 0.12059239]
 [0.1988405  0.24763443 0.23073129 0.19529717 0.1274966 ]
 [0.76965346 0.11840772 0.07707869 0.02615773 0.0087024 ]
 [0.39434865 0.34005331 0.01879766 0.09276188 0.15403851]]"
39,"[[0.1583544  0.23964374 0.24861819 0.17708072 0.17630295]
 [0.33322374 0.2206866  0.03077152 0.37066108 0.04465706]
 [0.29508992 0.26099221 0.22320789 0.15625399 0.064456  ]
 [0.39136153 0.32245155 0.07928624 0.18692686 0.01997382]
 [0.17125502 0.16626461 0.2421846  0.1334885  0.28680727]]"
40,"[[0.32021719 0.23107085 0.28794323 0.15352833 0.0072404 ]
 [0.26178538 0.3931864  0.26006039 0.04913773 0.0358301 ]
 [0.34420924 0.26000427 0.14323004 0.2152999  0.03725655]
 [0.27306476 0.32556865 0.18623922 0.12465098 0.09047638]
 [0.24178484 0.23600698 0.22296776 0.2319608  0.06727962]]"
41,"[[0.18600697 0.10875662 0.34516348 0.30442491 0.05564802]
 [0.24517962 0.24495943 0.18954576 0.18875926 0.13155593]
 [0.31862164 0.26318827 0.26211013 0.04304161 0.11303834]
 [0.36245651 0.32712303 0.06908213 0.22490582 0.01643251]
 [0.17986451 0.25279561 0.22158302 0.17585545 0.16990142]]"
42,"[[0.27766033 0.19011682 0.25082164 0.17466462 0.10673658]
 [0.2807558  0.12230928 0.27676853 0.19791648 0.12224991]
 [0.35736574 0.30043097 0.25442007 0.05902813 0.02875509]
 [0.2846835  0.25089254 0.19409032 0.16866086 0.10167278]
 [0.27928568 0.23863135 0.0181699  0.26272181 0.20119127]]"
43,"[[0.33892457 0.22908188 0.40475256 0.02019143 0.00704957]
 [0.25366664 0.20752513 0.1951465  0.19118554 0.15247619]
 [0.39404442 0.40580386 0.09509383 0.01897512 0.08608277]
 [0.35493175 0.30550174 0.10926245 0.18368164 0.04662242]
 [0.30441531 0.16543321 0.27120216 0.00311171 0.25583761]]"
44,"[[0.10634869 0.23544711 0.41833521 0.1869435  0.05292549]
 [0.32492658 0.22620643 0.27160141 0.13661104 0.04065453]
 [0.44001058 0.34294851 0.03917178 0.02182305 0.15604608]
 [0.30609343 0.28461302 0.29726287 0.07028995 0.04174073]
 [0.47388494 0.18951716 0.10222947 0.11820629 0.11616213]]"
45,"[[0.10499355 0.38260222 0.48414089 0.01383775 0.01442559]
 [0.20134104 0.31857582 0.21328583 0.13678606 0.13001126]
 [0.26683374 0.210706   0.31888842 0.19932808 0.00424375]
 [0.38746425 0.30220405 0.17567078 0.00641945 0.12824146]
 [0.43997446 0.24501632 0.07024599 0.23787647 0.00688676]]"
46,"[[0.37147781 0.27627782 0.18317058 0.10316356 0.06591024]
 [0.31847268 0.11813766 0.25417597 0.20558393 0.10362976]
 [0.27338989 0.26653094 0.22896028 0.16151953 0.06959936]
 [0.18215339 0.16631419 0.2729737  0.07890339 0.29965532]
 [0.08413744 0.3160718  0.21574393 0.19504911 0.18899771]]"
47,"[[0.17010864 0.04751536 0.08444299 0.54638856 0.15154445]
 [0.25280186 0.22041334 0.23280215 0.15013458 0.14384807]
 [0.44759752 0.22547481 0.17467962 0.06306634 0.08918171]
 [0.19781501 0.18550598 0.21392604 0.38655866 0.01619431]
 [0.38068984 0.32054391 0.24136665 0.02048008 0.03691953]]"
48,"[[0.2871025  0.25953952 0.22612876 0.14895506 0.07827415]
 [0.2762349  0.30046255 0.19815858 0.1390641  0.08607987]
 [0.31135654 0.27331079 0.19452852 0.16544802 0.05535613]
 [0.27376708 0.21539657 0.22308513 0.20647411 0.08127712]
 [0.36214127 0.23033993 0.30738131 0.07179149 0.02834599]]"
49,"[[0.39339027 0.13566544 0.32168627 0.02644743 0.12281059]
 [0.32679581 0.11161756 0.32370869 0.14083864 0.09703931]
 [0.20540758 0.53206433 0.09983301 0.08801173 0.07468335]
 [0.30823352 0.27753424 0.20079688 0.18183433 0.03160103]
 [0.32414436 0.23863265 0.14946537 0.18919002 0.0985676 ]]"
50,"[[0.46414408 0.34852575 0.11953293 0.03321261 0.03458463]
 [0.34191031 0.32442349 0.08262118 0.20992204 0.04112298]
 [0.34159465 0.10503775 0.12783495 0.32327577 0.10225687]
 [0.2281436  0.2139556  0.28584376 0.20610599 0.06595105]
 [0.26555676 0.25553119 0.25295196 0.11755235 0.10840774]]"
51,"[[0.33038577 0.46518303 0.06534475 0.08347444 0.05561202]
 [0.31208787 0.25381648 0.21465318 0.12810357 0.09133889]
 [0.33554084 0.24292079 0.3238642  0.08725936 0.01041481]
 [0.37536198 0.33968389 0.18248446 0.0134311  0.08903856]
 [0.40011307 0.22000094 0.1438533  0.17925915 0.05677354]]"
52,"[[0.24999627 0.28638656 0.18105446 0.17807261 0.1044901 ]
 [0.43735445 0.24651519 0.1206413  0.11641273 0.07907634]
 [0.10650358 0.12779911 0.02452287 0.57639678 0.16477766]
 [0.38962724 0.26178068 0.22420146 0.06993447 0.05445615]
 [0.08396038 0.62551833 0.21558375 0.06457918 0.01035836]]"
53,"[[0.20635546 0.35441088 0.2220995  0.11092298 0.10621119]
 [0.25607653 0.28341219 0.20176876 0.05978976 0.19895275]
 [0.04145437 0.39590336 0.16019504 0.3032179  0.09922933]
 [0.32214182 0.23143869 0.30538266 0.04702505 0.09401179]
 [0.23030593 0.29481159 0.22990968 0.18425792 0.06071488]]"
54,"[[0.32872283 0.07254983 0.30015864 0.27195463 0.02661406]
 [0.38586078 0.18993036 0.12382795 0.29125064 0.00913028]
 [0.27970233 0.23881796 0.22830349 0.1419805  0.11119572]
 [0.35860458 0.10135989 0.28075384 0.24989231 0.00938938]
 [0.19650681 0.31737672 0.21534044 0.15584576 0.11493027]]"
55,"[[0.31808165 0.08275434 0.2377566  0.20038246 0.16102495]
 [0.29631918 0.32966219 0.01845897 0.21385106 0.1417086 ]
 [0.25076405 0.28031664 0.05896    0.21462719 0.19533213]
 [0.40746269 0.5116326  0.07752773 0.00189975 0.00147723]
 [0.45702895 0.33877107 0.01150877 0.10487032 0.08782089]]"
56,"[[0.33326431 0.20928293 0.31704998 0.12582591 0.01457687]
 [0.24113581 0.2237085  0.16843057 0.20482254 0.16190257]
 [0.36230318 0.20148086 0.37094215 0.04993731 0.0153365 ]
 [0.20691297 0.25602907 0.31475101 0.11369174 0.1086152 ]
 [0.18191071 0.15522191 0.55204341 0.03984017 0.07098381]]"
57,"[[0.28320113 0.11105965 0.30432719 0.23520492 0.06620711]
 [0.35401287 0.18263533 0.39855668 0.00146771 0.06332741]
 [0.37187938 0.31106267 0.1916999  0.02697092 0.09838713]
 [0.23377347 0.35678822 0.23199288 0.08891644 0.088529  ]
 [0.32384055 0.24883822 0.15346518 0.14809466 0.12576139]]"
58,"[[0.3483914  0.11214063 0.32468224 0.15110014 0.06368559]
 [0.30138442 0.28548382 0.26342873 0.13253916 0.01716387]
 [0.30401168 0.23668186 0.1824959  0.22600506 0.05080549]
 [0.14500188 0.23661684 0.34053655 0.0830148  0.19482992]
 [0.39427586 0.28304889 0.06590275 0.21529203 0.04148048]]"
59,"[[0.27520759 0.25377877 0.17161349 0.153109   0.14629115]
 [0.41482482 0.25389031 0.17746636 0.09752583 0.05629268]
 [0.3260643  0.33884145 0.26423454 0.06771185 0.00314787]
 [0.24006628 0.22991167 0.24609517 0.21578134 0.06814554]
 [0.35350226 0.09310585 0.28916099 0.10776827 0.15646263]]"
60,"[[0.35633067 0.2723465  0.26179301 0.09803492 0.01149491]
 [0.23597211 0.21572692 0.28600742 0.15362857 0.10866498]
 [0.40624454 0.0584293  0.3505281  0.17409646 0.0107016 ]
 [0.28894164 0.2646998  0.11029808 0.22571502 0.11034546]
 [0.3910166  0.24617862 0.07285443 0.24494281 0.04500753]]"
61,"[[0.34308563 0.26844144 0.2021362  0.1099418  0.07639493]
 [0.23607161 0.17711327 0.21807498 0.35364129 0.01509884]
 [0.25962813 0.21715123 0.08387994 0.18097214 0.25836856]
 [0.3476668  0.34097914 0.13682479 0.14394644 0.03058282]
 [0.35561701 0.23459722 0.23394621 0.04876988 0.12706967]]"
62,"[[0.42491157 0.17906329 0.21505093 0.11706694 0.06390728]
 [0.16582289 0.22854948 0.26603544 0.20646835 0.13312384]
 [0.13069405 0.36088144 0.10574231 0.31961301 0.08306919]
 [0.29141207 0.20262475 0.18676099 0.28383139 0.03537081]
 [0.2756053  0.32887853 0.23707268 0.134735   0.02370848]]"
63,"[[0.28381156 0.29779997 0.1453206  0.02480486 0.24826301]
 [0.45421854 0.19174407 0.28188556 0.0156247  0.05652713]
 [0.37495975 0.16419121 0.10570527 0.01613557 0.33900819]
 [0.41445521 0.24746002 0.08080948 0.20164973 0.05562555]
 [0.27924418 0.28626004 0.19257151 0.11586368 0.12606059]]"
64,"[[0.24755918 0.19321485 0.15815331 0.26717986 0.1338928 ]
 [0.36574599 0.28388375 0.10918349 0.15128613 0.08990064]
 [0.17795431 0.28395941 0.27099561 0.13812485 0.12896583]
 [0.33696478 0.27599215 0.11820155 0.24552272 0.0233188 ]
 [0.27599086 0.20517744 0.23503396 0.14674296 0.13705478]]"
65,"[[0.24638531 0.39027643 0.1934573  0.11456131 0.05531966]
 [0.29955318 0.19672371 0.15295054 0.21383327 0.1369393 ]
 [0.35651087 0.34396723 0.16616367 0.07147222 0.06188601]
 [0.49653523 0.12439545 0.08998685 0.28006572 0.00901675]
 [0.37854297 0.30901137 0.10426002 0.20715387 0.00103177]]"
66,"[[0.27963382 0.10776285 0.28704253 0.16469884 0.16086196]
 [0.27690891 0.18436161 0.21121423 0.06985654 0.25765871]
 [0.18988728 0.29848299 0.2543231  0.14073723 0.1165694 ]
 [0.32386284 0.31784949 0.19911289 0.08231075 0.07686403]
 [0.32730342 0.26017727 0.1272615  0.23219415 0.05306366]]"
67,"[[0.37413117 0.24493539 0.0834675  0.05704346 0.24042248]
 [0.37156364 0.22224155 0.11223047 0.06891681 0.22504753]
 [0.21301319 0.29329593 0.26215854 0.19198097 0.03955137]
 [0.34689321 0.08746682 0.34735762 0.18702187 0.03126049]
 [0.39699379 0.34115984 0.16995577 0.06859505 0.02329555]]"
68,"[[0.21177159 0.24846796 0.18686089 0.19953247 0.15336708]
 [0.35163319 0.20821769 0.21486582 0.18887804 0.03640527]
 [0.17186444 0.38650441 0.15559968 0.1517682  0.13426327]
 [0.34312282 0.23321977 0.15481946 0.22556345 0.0432745 ]
 [0.4755533  0.205837   0.14180785 0.13564916 0.0411527 ]]"
69,"[[0.58723858 0.11299266 0.2412864  0.04445012 0.01403223]
 [0.26076001 0.31396748 0.29492067 0.07579537 0.05455648]
 [0.18657955 0.3363478  0.29393712 0.11071679 0.07241874]
 [0.25932305 0.23548979 0.21577982 0.17859764 0.11080971]
 [0.31295967 0.24431981 0.20286705 0.04177351 0.19807996]]"
70,"[[0.36249391 0.17562053 0.21912009 0.17139617 0.07136931]
 [0.24569329 0.26560517 0.19972282 0.14813202 0.1408467 ]
 [0.31689677 0.28608101 0.19201552 0.05004134 0.15496536]
 [0.44561321 0.36391143 0.07244276 0.07191684 0.04611577]
 [0.3029563  0.28019189 0.21157177 0.19695989 0.00832015]]"
71,"[[0.53267847 0.17700876 0.15568211 0.10755553 0.02707512]
 [0.27436248 0.24858966 0.24082565 0.18762039 0.04860182]
 [0.46663106 0.21813621 0.19423165 0.0881897  0.03281138]
 [0.29940135 0.26655235 0.26069396 0.12257724 0.0507751 ]
 [0.2804617  0.3594965  0.19081601 0.06123781 0.10798799]]"
72,"[[0.62101276 0.21899644 0.02970949 0.03859844 0.09168286]
 [0.4097173  0.01348834 0.24709175 0.19898423 0.13071838]
 [0.29470871 0.25388786 0.29819704 0.06222168 0.0909847 ]
 [0.20669247 0.21931505 0.25834602 0.20485586 0.1107906 ]
 [0.36393299 0.17855572 0.26339252 0.18963712 0.00448165]]"
73,"[[0.32588622 0.31991566 0.04122109 0.25488911 0.05808793]
 [0.25967214 0.22972828 0.22717075 0.13506224 0.14836658]
 [0.37992752 0.28265559 0.0123394  0.29097626 0.03410122]
 [0.34439868 0.3545454  0.21806092 0.02854916 0.05444584]
 [0.47747712 0.42199835 0.06021297 0.02326248 0.01704907]]"
74,"[[0.38839346 0.1637652  0.38666085 0.05020291 0.01097759]
 [0.25259727 0.30409371 0.24134147 0.17877094 0.02319662]
 [0.28376502 0.2276526  0.1862722  0.19543554 0.10687463]
 [0.34750804 0.20382124 0.28367028 0.15338978 0.01161066]
 [0.271097   0.29342329 0.21781515 0.09263683 0.12502773]]"
75,"[[0.32495032 0.00770077 0.08485717 0.31572038 0.26677135]
 [0.25654747 0.25155713 0.22758477 0.09189416 0.17241646]
 [0.30327616 0.26677944 0.12213007 0.21016683 0.09764749]
 [0.23190545 0.20871666 0.19897763 0.18319219 0.17720807]
 [0.29779726 0.26218703 0.26468891 0.12485573 0.05047107]]"
76,"[[0.42820871 0.13348582 0.23034158 0.02843415 0.17952974]
 [0.32385272 0.14131459 0.32014617 0.107562   0.10712452]
 [0.32744993 0.26531925 0.22727897 0.09235724 0.0875946 ]
 [0.34960979 0.39475812 0.0998528  0.11284811 0.04293118]
 [0.25397065 0.24834848 0.22575393 0.10916421 0.16276273]]"
77,"[[0.39133064 0.44740928 0.08862504 0.04293791 0.02969713]
 [0.51042633 0.28610535 0.09712277 0.03959114 0.06675441]
 [0.35515983 0.12493724 0.42727723 0.04059667 0.05202903]
 [0.35126039 0.12824564 0.34014487 0.07415794 0.10619116]
 [0.5106093  0.22287478 0.17225251 0.00779167 0.08647175]]"
78,"[[0.21094085 0.29225665 0.31714665 0.09774292 0.08191293]
 [0.44946069 0.13432205 0.18292755 0.13252147 0.10076824]
 [0.25783655 0.22488024 0.2598069  0.11466966 0.14280666]
 [0.32378684 0.28534933 0.20779381 0.04449226 0.13857776]
 [0.42567463 0.32457895 0.1512202  0.09431339 0.00421284]]"
79,"[[0.30319714 0.05702068 0.23845254 0.2911641  0.11016555]
 [0.36683309 0.21370102 0.2805786  0.0363935  0.10249378]
 [0.22653529 0.35146839 0.1606735  0.10279301 0.15852981]
 [0.31273461 0.25425171 0.20567822 0.17211197 0.0552235 ]
 [0.34914223 0.30822935 0.0680121  0.1647456  0.10987072]]"
80,"[[0.2927673  0.25604657 0.23229852 0.18428474 0.03460287]
 [0.25103829 0.27837344 0.23348631 0.21672415 0.02037782]
 [0.30215857 0.24830957 0.21978999 0.01470646 0.21503542]
 [0.33452459 0.29725348 0.2221985  0.07852644 0.06749699]
 [0.31774568 0.24653674 0.19323189 0.15841713 0.08406856]]"
81,"[[0.34704118 0.11065236 0.01403645 0.52086145 0.00740856]
 [0.29764184 0.23398811 0.2867403  0.05328159 0.12834815]
 [0.29936851 0.29631856 0.25749947 0.13446365 0.01234979]
 [0.29427004 0.12109153 0.19498576 0.13795745 0.25169523]
 [0.25469599 0.28389766 0.0888932  0.05607619 0.31643696]]"
82,"[[0.39350995 0.07248254 0.02342911 0.35361625 0.15696214]
 [0.30957602 0.1411294  0.50419304 0.02917173 0.01592981]
 [0.26675646 0.2011396  0.20088334 0.18471211 0.14650848]
 [0.38201526 0.31942772 0.13077717 0.03700102 0.13077882]
 [0.33472033 0.30378503 0.00257529 0.06735192 0.29156744]]"
83,"[[0.3264293  0.24011465 0.24367475 0.10174196 0.08803934]
 [0.2715186  0.20640577 0.19061849 0.15653025 0.17492689]
 [0.34945575 0.32331537 0.03924522 0.27843524 0.00954842]
 [0.34526534 0.07625028 0.25532883 0.24578067 0.07737488]
 [0.34768596 0.27883847 0.15809622 0.0783452  0.13703415]]"
84,"[[0.36594147 0.01354236 0.13468512 0.36518494 0.12064611]
 [0.3817494  0.22390785 0.10892785 0.20015776 0.08525714]
 [0.31970486 0.22301761 0.21694012 0.134409   0.10592841]
 [0.34309252 0.33427835 0.20734818 0.06894053 0.04634042]
 [0.25230076 0.26922894 0.18118029 0.13442071 0.1628693 ]]"
85,"[[0.22022853 0.21242647 0.28220097 0.20615547 0.07898856]
 [0.41227021 0.26889096 0.14544017 0.12674616 0.04665251]
 [0.33736877 0.21075178 0.23950172 0.13597134 0.0764064 ]
 [0.31972232 0.12438295 0.28626175 0.02274515 0.24688783]
 [0.28971888 0.37285253 0.04485604 0.27852718 0.01404537]]"
86,"[[0.28299427 0.22195066 0.1856723  0.19995488 0.1094279 ]
 [0.34417512 0.22326473 0.2110901  0.14750749 0.07396257]
 [0.27835948 0.25422589 0.31511612 0.01015517 0.14214334]
 [0.26045242 0.25762924 0.30966779 0.08928231 0.08296825]
 [0.19535266 0.31841641 0.27755953 0.01491714 0.19375426]]"
87,"[[0.32888925 0.17983359 0.26511253 0.16222442 0.06394021]
 [0.30892254 0.27426284 0.20116904 0.08852123 0.12712435]
 [0.37036913 0.28326565 0.16361065 0.15308114 0.02967344]
 [0.19650005 0.3034804  0.19233506 0.25212769 0.0555568 ]
 [0.31106255 0.24021805 0.04673741 0.28609624 0.11588575]]"
88,"[[0.28456576 0.27994172 0.18790478 0.16225515 0.08533259]
 [0.39301919 0.3881169  0.19153482 0.02146017 0.00586892]
 [0.27582938 0.25921128 0.16365398 0.15868658 0.14261877]
 [0.38071489 0.30062952 0.00142389 0.21868372 0.09854798]
 [0.28360609 0.32848429 0.18420005 0.16681886 0.03689072]]"
89,"[[0.33755816 0.20400003 0.11052761 0.18799925 0.15991495]
 [0.03587853 0.05983468 0.54520083 0.32988321 0.02920275]
 [0.36860367 0.20769332 0.03272301 0.35306464 0.03791536]
 [0.33108273 0.1818071  0.29935638 0.10594717 0.08180662]
 [0.39985355 0.26257852 0.07573167 0.17219056 0.0896457 ]]"
90,"[[0.31899155 0.27449897 0.0803806  0.20702971 0.11909916]
 [0.34681497 0.28846792 0.13086417 0.2223069  0.01154604]
 [0.45127233 0.21098929 0.13229557 0.1019705  0.10347231]
 [0.25588605 0.26957567 0.29557628 0.10582453 0.07313747]
 [0.15613015 0.32972477 0.10399514 0.27004311 0.14010683]]"
91,"[[0.21155277 0.31240542 0.20988543 0.06674121 0.19941517]
 [0.59107168 0.28848027 0.08862163 0.02757484 0.00425157]
 [0.05633551 0.30354566 0.3200699  0.26782648 0.05222244]
 [0.36798902 0.36102745 0.22180861 0.03803162 0.01114331]
 [0.34487565 0.32523112 0.21507796 0.05432713 0.06048813]]"
92,"[[0.32299833 0.20278575 0.26388152 0.11217387 0.09816054]
 [0.25191599 0.30521465 0.08234175 0.29642218 0.06410543]
 [0.29958159 0.28830665 0.34567959 0.01080086 0.05563132]
 [0.38123043 0.30114194 0.18758955 0.11234105 0.01769702]
 [0.25848713 0.22879371 0.24617344 0.12334109 0.14320463]]"
93,"[[0.18918525 0.2016263  0.29335577 0.1354429  0.18038978]
 [0.30644921 0.27734343 0.26696339 0.06762573 0.08161824]
 [0.24124835 0.23212516 0.20312543 0.24903822 0.07446284]
 [0.28640251 0.0317929  0.26991216 0.18057187 0.23132056]
 [0.28315295 0.14698398 0.20110674 0.22219811 0.14655821]]"
94,"[[0.30019826 0.18128464 0.19285825 0.27083276 0.05482608]
 [0.20661277 0.19353244 0.33088428 0.15287533 0.11609518]
 [0.33324586 0.09486409 0.32521251 0.23179282 0.01488473]
 [0.25292838 0.27991892 0.16568397 0.21989052 0.08157821]
 [0.42259384 0.32815432 0.13181724 0.058897   0.0585376 ]]"
95,"[[0.26620784 0.19674333 0.22849085 0.18204797 0.12651001]
 [0.24874814 0.26368243 0.26994563 0.12442822 0.09319558]
 [0.29014324 0.20973294 0.18804539 0.07551248 0.23656594]
 [0.41580643 0.18471277 0.16151009 0.12798116 0.10998954]
 [0.2414068  0.33412454 0.18717785 0.1668169  0.07047392]]"
96,"[[0.14731083 0.34540112 0.06293519 0.35119644 0.09315641]
 [0.36707499 0.12838743 0.21991965 0.18750938 0.09710855]
 [0.29407722 0.08827676 0.23829912 0.24507697 0.13426993]
 [0.33825974 0.36312386 0.10078933 0.12165431 0.07617276]
 [0.14354408 0.02756874 0.21576612 0.60994205 0.00317901]]"
97,"[[0.19157181 0.07246803 0.50919042 0.16065131 0.06611844]
 [0.38971036 0.10663435 0.27251259 0.06737929 0.16376341]
 [0.26834874 0.36212218 0.00281687 0.20594576 0.16076644]
 [0.14922139 0.24395872 0.44776215 0.12647158 0.03258617]
 [0.42196657 0.19018683 0.11483423 0.14759088 0.1254215 ]]"
98,"[[0.27547121 0.22340734 0.20155583 0.19958408 0.09998154]
 [0.27125738 0.33276764 0.0433097  0.24655359 0.1061117 ]
 [0.13944773 0.31937622 0.21223382 0.23982508 0.08911715]
 [0.2998518  0.20391065 0.1167751  0.31363176 0.06583069]
 [0.33551984 0.18950178 0.32020626 0.13880222 0.0159699 ]]"
99,"[[0.23742667 0.34963626 0.22880842 0.1684511  0.01567756]
 [0.29901719 0.37195939 0.21590466 0.08978111 0.02333765]
 [0.33929731 0.30630999 0.10380094 0.19253697 0.0580548 ]
 [0.35715843 0.236209   0.00950672 0.21382022 0.18330562]
 [0.22712149 0.2460564  0.17501082 0.17956222 0.17224907]]"
100,"[[0.21654364 0.42282992 0.13974385 0.12625451 0.09462808]
 [0.34634099 0.34135423 0.10263524 0.04124762 0.16842192]
 [0.37074931 0.09090558 0.08222624 0.02114428 0.43497458]
 [0.26182381 0.22862201 0.11857922 0.24187171 0.14910324]
 [0.30638955 0.27635891 0.21790067 0.04308082 0.15627004]]"
101,"[[0.09791335 0.19597217 0.1908226  0.06406853 0.12892302 0.0487697
  0.04861616 0.01831594 0.19488454 0.01171399]
 [0.16042534 0.16007656 0.15036195 0.13583397 0.10378914 0.11719603
  0.03192421 0.09659174 0.03118062 0.01262044]
 [0.21540646 0.05377285 0.23397345 0.17591308 0.13295858 0.04976524
  0.04026682 0.02638898 0.04619951 0.02535504]
 [0.1556112  0.13334225 0.13050153 0.14640432 0.11348119 0.10807254
  0.10534161 0.06603102 0.02774301 0.01347133]
 [0.18635794 0.18160468 0.18031438 0.12388984 0.04815168 0.12217492
  0.07430059 0.0276937  0.01227689 0.04323539]
 [0.19538914 0.08709086 0.20698406 0.13508599 0.09616728 0.06339325
  0.06299327 0.08162428 0.01135077 0.0599211 ]
 [0.15482546 0.14427593 0.1965974  0.11666531 0.13573556 0.11222527
  0.06200923 0.05556443 0.0217291  0.00037231]
 [0.17362194 0.16184324 0.13995021 0.15232151 0.13111349 0.0901592
  0.04843508 0.06024583 0.02902331 0.01328619]
 [0.1842492  0.19279559 0.18475091 0.14195392 0.13796138 0.01789271
  0.05557293 0.0453797  0.03643662 0.00300704]
 [0.20659639 0.14883894 0.13303945 0.14549822 0.1231175  0.09534446
  0.07172595 0.02879647 0.04029346 0.00674916]]"
102,"[[1.57907949e-01 2.04170901e-01 1.17509099e-01 1.16770425e-01
  1.12959490e-01 8.50934801e-02 1.03974412e-01 7.89223402e-02
  2.26188855e-02 7.30171505e-05]
 [1.81316503e-01 1.74867106e-01 1.72636888e-01 1.03617368e-01
  1.56965344e-01 4.88505977e-02 4.63226604e-02 3.85142237e-02
  3.77016591e-02 3.92076499e-02]
 [1.44688503e-01 1.45517521e-01 1.38853395e-01 9.88231368e-02
  1.31801822e-01 5.02550451e-03 7.48704288e-02 9.97241613e-02
  1.40551999e-01 2.01435300e-02]
 [1.93947993e-01 1.18220217e-01 1.82581133e-01 1.47810521e-01
  9.19079662e-02 6.87827444e-02 4.49426534e-02 6.87500331e-02
  1.79314953e-02 6.51252429e-02]
 [1.74260651e-01 1.70341323e-01 1.63312493e-01 1.40093930e-01
  1.30101196e-01 7.66911288e-02 4.05202755e-02 3.39469637e-02
  3.75267249e-02 3.32053147e-02]
 [1.26420871e-01 1.24072576e-01 1.15822498e-01 1.33167821e-01
  1.22410595e-01 8.32427602e-02 1.10676575e-01 9.23312793e-02
  7.37782373e-02 1.80767856e-02]
 [1.49635143e-01 1.32835704e-01 1.47971180e-01 1.20379986e-01
  1.26736770e-01 1.22274764e-01 5.36290217e-02 1.00088163e-01
  3.68922408e-02 9.55702756e-03]
 [2.44477860e-01 2.41324330e-01 1.15485043e-01 2.00133945e-01
  6.30736476e-02 5.49521563e-02 7.57751758e-03 2.55985227e-02
  2.21249621e-02 2.52520158e-02]
 [1.55565263e-01 1.35867933e-01 1.37007996e-01 1.05919060e-01
  9.98861275e-02 9.07669989e-02 9.90667045e-02 6.32280564e-02
  5.63687019e-02 5.63231592e-02]
 [2.14157322e-01 2.10717276e-01 1.69751466e-01 1.44889007e-01
  1.04738688e-01 9.47123612e-02 3.03656075e-02 8.42615122e-03
  2.18222054e-02 4.19916042e-04]]"
103,"[[0.17043759 0.12683816 0.13954648 0.10770832 0.13701627 0.09091422
  0.10490481 0.08118533 0.02549792 0.01595091]
 [0.16586163 0.19807851 0.20725804 0.05865193 0.05160856 0.14756991
  0.10538746 0.03568113 0.02781848 0.00208433]
 [0.06406455 0.20415115 0.20257018 0.13465271 0.17607821 0.12873805
  0.03418592 0.02395011 0.02999931 0.00160981]
 [0.20579537 0.13493011 0.13765119 0.11715053 0.13481471 0.10465376
  0.10372779 0.04048947 0.01056921 0.01021786]
 [0.13332908 0.15336662 0.11921599 0.13480453 0.10572098 0.08830972
  0.06618934 0.08097581 0.06236358 0.05572436]
 [0.17196197 0.1430019  0.15654627 0.12935236 0.12536778 0.10757442
  0.04632032 0.04334934 0.05563522 0.02089042]
 [0.16964281 0.1169105  0.15546515 0.16245362 0.03434137 0.08827897
  0.15151752 0.11446119 0.00214347 0.0047854 ]
 [0.19635729 0.09562488 0.18761823 0.17652102 0.09071221 0.07699662
  0.06631754 0.06574529 0.02707353 0.01703338]
 [0.22112627 0.18484772 0.16839514 0.2101332  0.07627304 0.02892252
  0.0626436  0.0198561  0.01802961 0.00977283]
 [0.15282744 0.18297046 0.17904363 0.13008322 0.0760748  0.05021357
  0.09558802 0.05511808 0.02958478 0.048496  ]]"
104,"[[0.13188968 0.12345428 0.11804448 0.12014343 0.11151174 0.11719855
  0.1020151  0.09866774 0.06369909 0.01337591]
 [0.16760228 0.17414276 0.1532983  0.12224266 0.09159228 0.06824917
  0.0040484  0.0399811  0.01208044 0.16676261]
 [0.17630058 0.17146295 0.15790253 0.15763261 0.15164953 0.12919439
  0.04380392 0.00235428 0.0015928  0.00810641]
 [0.16468838 0.14566323 0.13587762 0.12666543 0.08262993 0.07633817
  0.08767127 0.06660793 0.07608105 0.03777698]
 [0.19607208 0.11597613 0.02278276 0.09321647 0.20272108 0.05157812
  0.01295335 0.01296361 0.16453613 0.12720028]
 [0.21668505 0.18716205 0.17655891 0.11995939 0.01501854 0.08085191
  0.0572104  0.08609665 0.0095263  0.05093081]
 [0.19561763 0.14688511 0.07861294 0.16556543 0.08080365 0.05324649
  0.17330451 0.053662   0.04902676 0.00327546]
 [0.16323101 0.1477456  0.14416648 0.13851207 0.12074922 0.07235677
  0.11657937 0.03985472 0.00117029 0.05563447]
 [0.17695099 0.15451903 0.14261405 0.12521177 0.13159966 0.01860297
  0.11017432 0.07367286 0.0637493  0.00290505]
 [0.18733296 0.17955664 0.22427431 0.03928584 0.04314342 0.15875022
  0.03459836 0.02025011 0.09111935 0.02168879]]"
105,"[[0.17608764 0.19233258 0.12440621 0.10434613 0.10415482 0.08860427
  0.07100439 0.06325259 0.05374862 0.02206274]
 [0.16262086 0.16709047 0.16339413 0.13444248 0.11878916 0.10540073
  0.07814448 0.04986866 0.010485   0.00976402]
 [0.16436302 0.15776174 0.10987978 0.10748712 0.10236569 0.09933223
  0.06868663 0.00787796 0.05834174 0.12390409]
 [0.14501092 0.13886724 0.11565167 0.09776778 0.12581317 0.10107017
  0.06658718 0.08990865 0.06642105 0.05290216]
 [0.20074081 0.11971568 0.12990961 0.11534432 0.21332281 0.06198477
  0.05871636 0.02365997 0.05666027 0.01994541]
 [0.13221516 0.1399294  0.16228983 0.10250631 0.0837236  0.0778831
  0.13806298 0.06503269 0.05821271 0.04014421]
 [0.13142396 0.16558534 0.13539311 0.12013662 0.16864565 0.11809311
  0.09780892 0.03552792 0.00692314 0.02046223]
 [0.17155062 0.19246218 0.15604727 0.12534852 0.04646632 0.12856056
  0.10924968 0.04206265 0.00024813 0.02800407]
 [0.10238273 0.20191646 0.19112962 0.13574042 0.09562412 0.0516993
  0.06344698 0.10344578 0.03222063 0.02239396]
 [0.11349968 0.13182468 0.15874838 0.12319508 0.10806136 0.08972641
  0.10782642 0.09632925 0.06891433 0.00187441]]"
106,"[[1.80871819e-01 1.56159802e-01 1.57208944e-01 1.17146056e-01
  1.05482160e-01 9.88591342e-02 5.54525314e-02 5.54452889e-02
  1.44760230e-02 5.88982415e-02]
 [1.84203891e-01 1.52684424e-01 1.44858905e-01 1.33644708e-01
  1.09909012e-01 6.16724546e-02 9.96763380e-02 4.52146256e-02
  5.67812226e-02 1.13544182e-02]
 [1.81988285e-01 1.36702642e-01 1.17421065e-01 1.18760124e-01
  1.72815739e-01 8.73785407e-02 1.03040840e-01 5.02549860e-02
  3.00005237e-02 1.63725499e-03]
 [1.79013703e-01 1.63155978e-01 1.29919135e-01 1.11174216e-01
  1.09819468e-01 1.41446266e-01 6.75014523e-02 5.78761154e-02
  2.29294356e-02 1.71642305e-02]
 [1.51269992e-01 1.49182990e-01 1.38553332e-01 1.10337848e-01
  8.72897903e-02 9.44806897e-02 8.63679641e-02 1.75961310e-02
  6.50648072e-02 9.98564550e-02]
 [1.69426394e-01 1.64948656e-01 1.53595760e-01 1.40629400e-01
  7.81096947e-02 1.02905659e-01 4.49508619e-02 6.53059609e-02
  5.01336718e-02 2.99939415e-02]
 [1.12839384e-01 1.55953695e-01 1.51926991e-01 1.50713723e-01
  1.07343029e-01 6.13750298e-02 1.01124964e-01 5.18762545e-02
  3.19418630e-02 7.49050665e-02]
 [2.19264571e-01 1.75134533e-01 1.66221551e-01 1.22190895e-01
  1.14049215e-01 7.06071797e-02 9.20183564e-02 1.96610106e-04
  3.14499955e-02 8.86709384e-03]
 [1.77454258e-01 1.62071441e-01 1.12172613e-01 1.33724943e-01
  1.30116390e-01 1.09081302e-01 7.66786889e-02 5.91056219e-02
  2.74823284e-02 1.21124141e-02]
 [2.78965181e-01 1.59046285e-01 1.37705526e-01 1.24282182e-01
  9.26201966e-02 8.30891986e-02 2.55977716e-03 3.32860753e-02
  7.09932554e-02 1.74523231e-02]]"
107,"[[1.84384770e-01 1.45038228e-01 1.39811996e-01 1.34473881e-01
  1.23979579e-01 7.75843020e-02 7.32266399e-02 1.96510705e-02
  5.82006221e-02 4.36489110e-02]
 [1.81263363e-01 2.09511388e-01 1.68947118e-01 1.95068112e-01
  8.83469657e-02 3.32751418e-02 6.44113610e-02 5.56100201e-02
  3.52465193e-03 4.18784818e-05]
 [1.57753368e-01 1.16506856e-01 1.60010906e-01 1.15364943e-01
  1.09482561e-01 1.04037307e-01 8.83456037e-02 8.38794755e-02
  4.55377594e-02 1.90812216e-02]
 [1.54151122e-01 1.70351661e-01 1.47844654e-01 1.32353906e-01
  1.27204421e-01 3.57022451e-02 7.19972511e-02 9.70751014e-02
  6.22118191e-02 1.10781902e-03]
 [1.35594739e-01 1.48503515e-01 1.48083153e-01 1.28757872e-01
  8.98550943e-02 9.10893719e-02 1.02490128e-01 8.30919603e-02
  6.89398433e-02 3.59432342e-03]
 [1.56074413e-01 1.67113950e-01 1.43835952e-01 1.44783332e-01
  6.31293875e-02 1.27992563e-01 3.73667583e-02 1.44209470e-01
  1.45650496e-02 9.29124823e-04]
 [1.61760535e-01 1.71746385e-01 1.66811164e-01 1.20846806e-01
  7.91666734e-02 5.22873098e-02 9.25852920e-02 6.95981805e-02
  4.76937466e-02 3.75039073e-02]
 [1.91219922e-01 1.29806561e-01 1.31264914e-01 1.26756119e-01
  1.29779190e-01 8.04264596e-02 5.89167959e-02 7.78877739e-02
  4.75369938e-02 2.64052704e-02]
 [1.75907186e-01 8.01673740e-02 3.01649132e-01 1.07977584e-01
  1.29752292e-01 7.66078890e-02 5.96266802e-02 2.78550920e-02
  1.96006656e-02 2.08561056e-02]
 [2.59576552e-01 1.19471503e-01 1.97077073e-01 9.97334251e-02
  1.02681575e-01 7.27656178e-02 5.00486968e-02 6.93910452e-02
  2.78270697e-02 1.42744267e-03]]"
108,"[[0.21103893 0.20339372 0.16713894 0.0769151  0.1289549  0.0097319
  0.01912164 0.00101911 0.15777304 0.02491271]
 [0.13514937 0.14218985 0.1293181  0.10027834 0.12527523 0.11659799
  0.10271247 0.04583903 0.01250367 0.09013597]
 [0.16961118 0.15988175 0.15222114 0.12645475 0.11836674 0.04752946
  0.07333206 0.00350736 0.10891737 0.0401782 ]
 [0.25803225 0.15943931 0.07666965 0.09354011 0.20020749 0.10970395
  0.03420432 0.05037018 0.01638285 0.00144988]
 [0.15235901 0.18534191 0.13508937 0.11002321 0.10386194 0.09328872
  0.08637844 0.07366086 0.0435513  0.01644524]
 [0.15958321 0.13706178 0.1405859  0.13253267 0.09814226 0.12140487
  0.03980423 0.03064403 0.12088102 0.01936003]
 [0.19834403 0.15399134 0.16936108 0.12569464 0.10958168 0.01990772
  0.12562732 0.06489659 0.03219467 0.00040093]
 [0.17860291 0.16764188 0.16130613 0.1393166  0.15669514 0.07599623
  0.00786673 0.04326781 0.04187757 0.02742899]
 [0.19433495 0.18988138 0.18644285 0.09320317 0.18822227 0.08068436
  0.02441621 0.00799861 0.03351675 0.00129945]
