,0
1,"[[0.292014   0.27264586 0.22319415 0.11025952 0.10188646]
 [0.40594149 0.30943576 0.15628463 0.08276353 0.04557459]
 [0.29910719 0.28303541 0.2044995  0.15879082 0.05456708]
 [0.31927524 0.23890138 0.18554518 0.14524824 0.11102997]
 [0.31030476 0.30729505 0.20296075 0.09051876 0.08892067]]"
2,"[[0.37156296 0.31078317 0.2439329  0.05609654 0.01762443]
 [0.24728731 0.22833184 0.2244966  0.17293745 0.1269468 ]
 [0.40742395 0.27669381 0.16869036 0.07630671 0.07088517]
 [0.3198503  0.23778006 0.18979858 0.1653285  0.08724255]
 [0.36871442 0.33256021 0.13358018 0.12689885 0.03824635]]"
3,"[[0.34431057 0.26713547 0.18062705 0.11263698 0.09528992]
 [0.32203912 0.28044428 0.16761063 0.11548401 0.11442195]
 [0.49006932 0.21636548 0.14184675 0.13749758 0.01422087]
 [0.42599159 0.31190743 0.14986292 0.08531836 0.02691969]
 [0.23014293 0.21911179 0.20812669 0.20633153 0.13628706]]"
4,"[[0.36214107 0.27879078 0.22608927 0.11048612 0.02249275]
 [0.35914007 0.26040015 0.18356621 0.1285729  0.06832068]
 [0.34832679 0.29259016 0.18283725 0.15105746 0.02518835]
 [0.31576934 0.2917287  0.22181809 0.16688906 0.00379481]
 [0.3211593  0.30246234 0.2106751  0.08316541 0.08253785]]"
5,"[[0.28392019 0.27559519 0.27235832 0.13989933 0.02822698]
 [0.33905386 0.32175664 0.2478734  0.07988145 0.01143466]
 [0.33946551 0.22450034 0.21103434 0.15639601 0.06860379]
 [0.31909276 0.31275675 0.20726915 0.08184908 0.07903225]
 [0.30226686 0.23192841 0.22232592 0.14184871 0.1016301 ]]"
6,"[[0.34498898 0.24498974 0.23714757 0.09833468 0.07453903]
 [0.27581914 0.24101983 0.19087259 0.16204317 0.13024527]
 [0.22916334 0.22788225 0.21779862 0.16552235 0.15963343]
 [0.40894572 0.36400945 0.14325015 0.06876913 0.01502555]
 [0.32097807 0.31935121 0.15243508 0.1211297  0.08610594]]"
7,"[[4.34170553e-01 2.75143953e-01 2.57891749e-01 3.27110997e-02
  8.26447758e-05]
 [2.90672339e-01 2.82313892e-01 2.27232393e-01 1.92072121e-01
  7.70925569e-03]
 [3.32153828e-01 2.61275380e-01 2.48506997e-01 1.37552485e-01
  2.05113093e-02]
 [2.56385755e-01 2.53642034e-01 2.10986260e-01 1.43468667e-01
  1.35517284e-01]
 [2.79456360e-01 2.49733592e-01 2.00983052e-01 1.53228293e-01
  1.16598704e-01]]"
8,"[[0.23119159 0.45958457 0.18111342 0.0817794  0.04633102]
 [0.33215716 0.23627996 0.22874961 0.12155491 0.08125837]
 [0.32444345 0.26370414 0.20884756 0.1866462  0.01635865]
 [0.3008483  0.30031616 0.18069918 0.16979341 0.04834293]
 [0.33833882 0.23117001 0.18624543 0.13237786 0.11186787]]"
9,"[[0.28902163 0.26507061 0.21914538 0.19277332 0.03398905]
 [0.36555615 0.21970957 0.1564841  0.13021785 0.12803232]
 [0.46905881 0.24969062 0.15230684 0.10581201 0.02313172]
 [0.28228882 0.2772923  0.21260109 0.11995022 0.10786756]
 [0.24152227 0.23248469 0.22615735 0.17082951 0.12900618]]"
10,"[[0.30976156 0.29571269 0.24268307 0.10291005 0.04893264]
 [0.37383068 0.22980773 0.14638245 0.12649287 0.12348627]
 [0.3206249  0.26846611 0.23478323 0.16078939 0.01533638]
 [0.31603282 0.30797383 0.16696746 0.14943792 0.05958796]
 [0.31088003 0.22607399 0.18572732 0.15563734 0.12168132]]"
11,"[[0.38049723 0.329703   0.13807125 0.1082836  0.04344492]
 [0.34400269 0.21973951 0.20718974 0.17792428 0.05114378]
 [0.32553048 0.21642945 0.1709359  0.17002568 0.11707849]
 [0.40833938 0.25016554 0.20266306 0.07340494 0.06542708]
 [0.39357937 0.28694674 0.13965589 0.10745735 0.07236065]]"
12,"[[0.37319413 0.29490596 0.22719631 0.07954987 0.02515373]
 [0.38026529 0.36683603 0.17826713 0.05475955 0.01987201]
 [0.24458111 0.23696573 0.23235661 0.16846452 0.11763203]
 [0.31994759 0.27585566 0.23821309 0.11745133 0.04853233]
 [0.3469499  0.21796455 0.18852888 0.18083514 0.06572152]]"
13,"[[0.38321845 0.20852105 0.19389669 0.1608894  0.05347441]
 [0.39091094 0.29828194 0.17126608 0.13359145 0.00594959]
 [0.3485734  0.2181062  0.2170179  0.13002281 0.08627969]
 [0.44920047 0.22756879 0.19169941 0.11770067 0.01383066]
 [0.27290346 0.2476691  0.22527245 0.14259605 0.11155894]]"
14,"[[0.29273382 0.26578745 0.17248375 0.13850771 0.13048728]
 [0.29419584 0.244258   0.17815258 0.17327545 0.11011813]
 [0.28538969 0.2726154  0.20267688 0.19359594 0.04572208]
 [0.29400478 0.28857477 0.23336227 0.10465171 0.07940647]
 [0.33797496 0.20099961 0.19331534 0.17498235 0.09272774]]"
15,"[[0.35561098 0.23460271 0.22041438 0.11416261 0.07520933]
 [0.42051294 0.32942879 0.12137112 0.08471709 0.04397006]
 [0.39656714 0.27962512 0.1521126  0.13494651 0.03674863]
 [0.32396095 0.32314654 0.21916003 0.10584291 0.02788957]
 [0.33016367 0.2681591  0.21008227 0.14217578 0.04941918]]"
16,"[[0.40115469 0.24733057 0.18325802 0.09003864 0.07821808]
 [0.36763359 0.30562351 0.16756562 0.10472873 0.05444855]
 [0.60104587 0.19072607 0.10483472 0.07649881 0.02689453]
 [0.35197432 0.31865292 0.18870329 0.08319894 0.05747054]
 [0.45540333 0.24034121 0.18104951 0.11657347 0.00663248]]"
17,"[[0.32323376 0.21074614 0.20776294 0.13070685 0.12755031]
 [0.28574759 0.26930341 0.20455074 0.16907358 0.07132468]
 [0.32463665 0.30127867 0.18915478 0.0992823  0.0856476 ]
 [0.30888012 0.22452542 0.20970099 0.19087591 0.06601756]
 [0.25386152 0.23890037 0.18792689 0.18216864 0.13714259]]"
18,"[[0.36292943 0.34725701 0.19501856 0.08198309 0.01281192]
 [0.29883089 0.25441975 0.19529603 0.14227534 0.10917798]
 [0.27135488 0.26131096 0.23581407 0.22114784 0.01037225]
 [0.35778478 0.28327358 0.18407252 0.09529021 0.0795789 ]
 [0.30582079 0.28699305 0.24550767 0.12252971 0.03914878]]"
19,"[[0.42269529 0.22682536 0.18153201 0.15683168 0.01211566]
 [0.3159677  0.30166447 0.18931968 0.13443337 0.05861478]
 [0.36791304 0.35049772 0.2516285  0.02748358 0.00247716]
 [0.45498166 0.2315835  0.23084529 0.06697923 0.01561032]
 [0.344277   0.25883029 0.22663507 0.11185092 0.05840672]]"
20,"[[0.47262827 0.43694985 0.03672327 0.03412458 0.01957402]
 [0.39417359 0.28359388 0.17022824 0.15015585 0.00184844]
 [0.31577931 0.22405366 0.15402248 0.1906114  0.11553315]
 [0.43315272 0.32765566 0.18304544 0.03750984 0.01863633]
 [0.56172447 0.25390435 0.13701032 0.02984497 0.01751589]]"
21,"[[0.30856219 0.26385992 0.2388137  0.16169058 0.02707361]
 [0.35747056 0.28937508 0.20157158 0.13302267 0.01856011]
 [0.25965127 0.25704816 0.24854206 0.18680934 0.04794917]
 [0.29009232 0.26434741 0.21709155 0.15117527 0.07729345]
 [0.31671725 0.28590881 0.18334288 0.13662638 0.07740468]]"
22,"[[0.31979988 0.19383495 0.17974461 0.16625068 0.14036988]
 [0.36998591 0.3240312  0.1238663  0.09406343 0.08805316]
 [0.33407221 0.30799498 0.20862351 0.08623439 0.06307491]
 [0.30313513 0.27152554 0.21251673 0.14954561 0.06327699]
 [0.2682485  0.26621609 0.2246525  0.21811782 0.0227651 ]]"
23,"[[0.27813528 0.23901579 0.23584403 0.19260677 0.05439813]
 [0.24544195 0.22020864 0.21339394 0.18386629 0.13708918]
 [0.4848036  0.19825774 0.17514638 0.10066273 0.04112956]
 [0.27411684 0.26541338 0.21403156 0.12871165 0.11772657]
 [0.2840508  0.278168   0.19889491 0.17366367 0.06522262]]"
24,"[[0.26203877 0.24395404 0.21192844 0.16193079 0.12014796]
 [0.37838668 0.26541004 0.19047643 0.15546788 0.01025897]
 [0.2705028  0.25179888 0.22800665 0.12505238 0.12463927]
 [0.39332425 0.27010639 0.23555365 0.07836321 0.02265251]
 [0.27939986 0.23965081 0.18163265 0.16317147 0.13614521]]"
25,"[[0.40733005 0.31174618 0.14833734 0.07576817 0.05681826]
 [0.29937599 0.2978129  0.23482913 0.11524404 0.05273794]
 [0.3211944  0.21559364 0.17426337 0.15520503 0.13374356]
 [0.28512001 0.27695948 0.21384586 0.18410246 0.03997219]
 [0.28680656 0.27022552 0.18956944 0.18260365 0.07079483]]"
26,"[[0.36556344 0.29651161 0.12859477 0.12344407 0.08588612]
 [0.45599321 0.33504525 0.14695213 0.04607365 0.01593575]
 [0.34631626 0.26621595 0.21064836 0.10803691 0.06878252]
 [0.34007652 0.2325995  0.2128985  0.18684481 0.02758067]
 [0.25851009 0.23640507 0.19014811 0.16294341 0.15199332]]"
27,"[[0.2847937  0.2761886  0.18735212 0.12661474 0.12505085]
 [0.44132197 0.28228978 0.14070062 0.09020385 0.04548379]
 [0.38240548 0.24952931 0.16299794 0.11341227 0.091655  ]
 [0.29068195 0.27618145 0.24253944 0.17054867 0.0200485 ]
 [0.2384703  0.20407789 0.19234066 0.18848125 0.17662989]]"
28,"[[0.25521393 0.23880256 0.21322556 0.15896893 0.13378902]
 [0.52639663 0.31132382 0.09726184 0.04389925 0.02111846]
 [0.34710485 0.28072582 0.25428081 0.10128158 0.01660694]
 [0.41408688 0.26778142 0.19562201 0.10651742 0.01599227]
 [0.37209547 0.27885191 0.20560486 0.0765056  0.06694216]]"
29,"[[0.384393   0.25300089 0.23953624 0.10628783 0.01678203]
 [0.32787121 0.24999087 0.22504965 0.17158559 0.02550268]
 [0.39284233 0.26637825 0.22224679 0.10308089 0.01545174]
 [0.39220594 0.27653529 0.25154732 0.04484408 0.03486737]
 [0.26515708 0.25152315 0.21690942 0.17819839 0.08821196]]"
30,"[[0.49650262 0.23789882 0.18521709 0.04494475 0.03543672]
 [0.27977642 0.26986891 0.24525981 0.1361999  0.06889497]
 [0.27357388 0.28516913 0.22004898 0.12845005 0.09275796]
 [0.29685032 0.28685103 0.19608628 0.13371597 0.0864964 ]
 [0.35856107 0.29048426 0.24672949 0.05801111 0.04621407]]"
31,"[[0.45130667 0.21755516 0.20624695 0.12424139 0.00064983]
 [0.33440717 0.19458322 0.16472397 0.15588604 0.15039961]
 [0.30506353 0.28310971 0.26679367 0.11764958 0.02738352]
 [0.29520553 0.24881273 0.23451443 0.18967371 0.03179359]
 [0.30468218 0.27478391 0.25350156 0.11348777 0.05354457]]"
32,"[[0.31518724 0.31145238 0.21191009 0.15507508 0.00637522]
 [0.35366201 0.29822521 0.26280324 0.07648148 0.00882807]
 [0.33717189 0.3199795  0.23963091 0.07464364 0.02857406]
 [0.26402986 0.25471321 0.22711285 0.14500599 0.10913809]
 [0.31799538 0.27257513 0.15439808 0.1372191  0.11781232]]"
33,"[[0.38742456 0.27058432 0.26454372 0.04763655 0.02981084]
 [0.60638179 0.23176032 0.07963848 0.06148765 0.02073176]
 [0.45943042 0.43851336 0.07916538 0.02218826 0.00070259]
 [0.28502161 0.24502737 0.17284796 0.165805   0.13129807]
 [0.29003185 0.27186579 0.23466241 0.19134255 0.0120974 ]]"
34,"[[0.30102779 0.24257671 0.23919233 0.11167691 0.10552625]
 [0.43265456 0.27113287 0.18087673 0.07495215 0.04038369]
 [0.33960436 0.263795   0.17873047 0.12392518 0.093945  ]
 [0.42919629 0.25676245 0.1672681  0.14431702 0.00245615]
 [0.45075965 0.36795177 0.09433092 0.07232027 0.01463738]]"
35,"[[0.35493075 0.30831121 0.22634227 0.10543823 0.00497755]
 [0.3407235  0.30329495 0.12794995 0.12105342 0.10697819]
 [0.3243417  0.23425504 0.23138338 0.11977806 0.09024182]
 [0.34600057 0.29748691 0.20394697 0.08515776 0.0674078 ]
 [0.34460674 0.29465315 0.18959854 0.16302204 0.00811952]]"
36,"[[4.59471070e-01 2.49990958e-01 1.73285451e-01 1.16971162e-01
  2.81358468e-04]
 [3.67354621e-01 2.95077460e-01 2.04295394e-01 9.16309681e-02
  4.16415569e-02]
 [3.49417741e-01 2.33444458e-01 1.74380902e-01 1.62722645e-01
  8.00342547e-02]
 [4.51215481e-01 4.10433691e-01 6.93546345e-02 4.30976317e-02
  2.58985616e-02]
 [3.74632970e-01 2.99122927e-01 2.54125167e-01 6.42582265e-02
  7.86070956e-03]]"
37,"[[0.32671838 0.31552045 0.28336805 0.03898008 0.03541304]
 [0.35466769 0.31235895 0.18926999 0.08523302 0.05847036]
 [0.28671289 0.26547281 0.19046234 0.12433816 0.1330138 ]
 [0.30466765 0.30286065 0.26939039 0.09338379 0.02969753]
 [0.40588785 0.39584635 0.15895495 0.02712592 0.01218492]]"
38,"[[0.31949728 0.24656697 0.15868502 0.1406366  0.13461413]
 [0.37965438 0.24254816 0.18231804 0.14998447 0.04549495]
 [0.34920914 0.17793747 0.17602756 0.15508287 0.14174296]
 [0.27909145 0.27328717 0.27215828 0.14939437 0.02606873]
 [0.29868726 0.28534213 0.21362763 0.16956372 0.03277925]]"
39,"[[0.26453371 0.2576832  0.25274725 0.14578757 0.07924826]
 [0.35045488 0.262911   0.22677056 0.0910741  0.06878946]
 [0.49572796 0.2035068  0.14814354 0.08553439 0.06708731]
 [0.30820884 0.30225461 0.20764987 0.13640423 0.04548246]
 [0.41118739 0.28402526 0.16530527 0.11929476 0.02018731]]"
40,"[[0.28444397 0.22836497 0.19579083 0.19478909 0.09661114]
 [0.50950587 0.29908476 0.09321298 0.06624288 0.03195352]
 [0.39036846 0.34740706 0.14737753 0.06920889 0.04563805]
 [0.27333114 0.24375807 0.22257381 0.21461626 0.04572071]
 [0.32994712 0.31989742 0.20436513 0.08442832 0.061362  ]]"
41,"[[0.31412618 0.22204864 0.20706141 0.19448278 0.06228099]
 [0.37063295 0.27587222 0.17883361 0.17015912 0.00450211]
 [0.33708882 0.28643609 0.22525904 0.14943284 0.00178321]
 [0.28152421 0.24563969 0.22800263 0.21975954 0.02507393]
 [0.38533861 0.32457694 0.15682924 0.08420606 0.04904914]]"
42,"[[0.39970004 0.22080307 0.15805074 0.20452549 0.01692066]
 [0.32182707 0.27155664 0.15663063 0.15269737 0.09728828]
 [0.31875964 0.27367878 0.26170187 0.07639143 0.06946828]
 [0.29215413 0.29089387 0.26849968 0.08988622 0.05856609]
 [0.47968952 0.35561907 0.10602621 0.03934128 0.01932391]]"
43,"[[0.32706611 0.22554801 0.19399741 0.14948158 0.10390689]
 [0.36298016 0.27276813 0.1834135  0.16385695 0.01698126]
 [0.2937311  0.2594081  0.23964389 0.12991421 0.0773027 ]
 [0.33577587 0.33482215 0.17696685 0.09591691 0.05651822]
 [0.24722363 0.24374237 0.243217   0.17483649 0.09098051]]"
44,"[[0.44000476 0.3672895  0.15797767 0.02248983 0.01223824]
 [0.31627649 0.26554462 0.20211168 0.11412533 0.10194188]
 [0.25493819 0.21434008 0.21151189 0.20050621 0.11870363]
 [0.57594456 0.18940821 0.13861293 0.09044249 0.00559181]
 [0.36205049 0.25033519 0.22588386 0.08398262 0.07774784]]"
45,"[[0.34794373 0.27454872 0.22425641 0.08288349 0.07036765]
 [0.45158294 0.195445   0.17794591 0.11959825 0.05542791]
 [0.46587099 0.35364121 0.1175435  0.05585612 0.00708819]
 [0.24505042 0.22894808 0.18517484 0.17835573 0.16247093]
 [0.28710035 0.26672368 0.25530134 0.14879095 0.04208368]]"
46,"[[0.26166031 0.25561851 0.24494841 0.1879863  0.04978647]
 [0.37081643 0.36471539 0.15626317 0.10611904 0.00208597]
 [0.30046843 0.26854532 0.26211076 0.12800244 0.04087306]
 [0.26949592 0.25223154 0.23383644 0.18214924 0.06228686]
 [0.41218649 0.26992132 0.18406874 0.12714941 0.00667405]]"
47,"[[0.34593576 0.31484095 0.1475705  0.10970666 0.08194613]
 [0.43593724 0.22779244 0.20773817 0.10203151 0.02650064]
 [0.30229601 0.26814761 0.21872092 0.19984612 0.01098934]
 [0.33275913 0.29389324 0.23398718 0.07414785 0.06521262]
 [0.30876067 0.26869828 0.23229706 0.12986256 0.06038144]]"
48,"[[0.34139644 0.19149563 0.16061043 0.15792167 0.14857582]
 [0.2437628  0.23182745 0.22495106 0.21370884 0.08574985]
 [0.24439407 0.21366572 0.18596869 0.18577835 0.17019317]
 [0.30031705 0.29235184 0.22467441 0.12694839 0.0557083 ]
 [0.30737796 0.30521232 0.2099442  0.16621367 0.01125185]]"
49,"[[0.32728435 0.31930602 0.25870147 0.05293293 0.04177524]
 [0.44853696 0.2322592  0.21582361 0.08460425 0.01877599]
 [0.27502474 0.24450653 0.22753233 0.12722642 0.12570998]
 [0.40764657 0.32314154 0.13478064 0.12820817 0.00622307]
 [0.27515587 0.24209006 0.21658789 0.20231784 0.06384836]]"
50,"[[0.40956161 0.17875797 0.16481455 0.13619959 0.11066628]
 [0.26547457 0.26499554 0.18302631 0.1575852  0.12891838]
 [0.30559749 0.24112668 0.22745084 0.13463675 0.09118823]
 [0.32736302 0.25318262 0.21581899 0.12533699 0.07829837]
 [0.27812984 0.2397768  0.23153812 0.15631301 0.09424224]]"
51,"[[0.35674794 0.24007562 0.2089282  0.15238799 0.04186026]
 [0.32171676 0.26803013 0.21768104 0.16002705 0.03254502]
 [0.65393283 0.11707217 0.09488382 0.08964751 0.04446367]
 [0.33504474 0.21317654 0.19469015 0.1353086  0.12177997]
 [0.32361251 0.29409155 0.15573994 0.11755589 0.10900011]]"
52,"[[0.27741713 0.22648732 0.21026731 0.20459999 0.08122825]
 [0.24971902 0.20718198 0.19717838 0.18811553 0.15780508]
 [0.45486907 0.20071169 0.17510801 0.13830065 0.03101059]
 [0.43512643 0.19508599 0.1674906  0.13027742 0.07201955]
 [0.31856782 0.23531475 0.18993503 0.18238432 0.07379809]]"
53,"[[0.42282934 0.2523526  0.18547209 0.13441955 0.00492642]
 [0.33206549 0.33018885 0.18313164 0.11944869 0.03516534]
 [0.28558809 0.24995861 0.21924108 0.14229293 0.1029193 ]
 [0.31227976 0.3348557  0.18139406 0.12312229 0.0483482 ]
 [0.30511664 0.1888669  0.18810258 0.16364843 0.15426545]]"
54,"[[0.27599651 0.26307463 0.23200261 0.18583493 0.04309132]
 [0.31730908 0.2845761  0.16597911 0.15892567 0.07321003]
 [0.25889817 0.23535237 0.20182992 0.20054232 0.10337722]
 [0.33766623 0.29339127 0.20436643 0.12543627 0.0391398 ]
 [0.45739292 0.24193593 0.15239749 0.11747847 0.03079518]]"
55,"[[0.30181772 0.28719089 0.17369928 0.15376939 0.08352272]
 [0.31757649 0.2826312  0.18001853 0.14281222 0.07696156]
 [0.32153666 0.25018497 0.20513466 0.13295005 0.09019366]
 [0.29040354 0.28067827 0.19192824 0.16197554 0.07501441]
 [0.24641233 0.22462583 0.19567726 0.17994014 0.15334444]]"
56,"[[0.31385807 0.26405676 0.23798793 0.10351319 0.08058405]
 [0.43012709 0.24920329 0.18361196 0.11463138 0.02242628]
 [0.28424792 0.24323058 0.21742161 0.20223877 0.05286113]
 [0.26349549 0.34779085 0.22644613 0.08191235 0.08035517]
 [0.35653603 0.29713094 0.15041556 0.13828088 0.05763659]]"
57,"[[0.24576493 0.24303648 0.23034912 0.204785   0.07606447]
 [0.44461586 0.28442825 0.09390232 0.09207016 0.0849834 ]
 [0.28580598 0.27345734 0.21074737 0.14239628 0.08759302]
 [0.40269079 0.40053954 0.11688275 0.07211328 0.00777364]
 [0.26630675 0.24719724 0.22723427 0.20934651 0.04991523]]"
58,"[[0.36072625 0.25498516 0.1733363  0.14803643 0.06291586]
 [0.40451246 0.28052509 0.18585297 0.0853338  0.04377568]
 [0.24106529 0.21929752 0.18671721 0.18408268 0.1688373 ]
 [0.35814855 0.25270445 0.14836512 0.12773411 0.11304777]
 [0.45915083 0.33357603 0.17444555 0.01659343 0.01623416]]"
59,"[[0.46155835 0.26451599 0.20265494 0.05216939 0.01910133]
 [0.58876451 0.17880795 0.11751485 0.11374728 0.0011654 ]
 [0.27974865 0.24029245 0.21463254 0.19086499 0.07446138]
 [0.23753011 0.21622901 0.20273313 0.19692602 0.14658172]
 [0.46949728 0.20363135 0.16211083 0.10849789 0.05626266]]"
60,"[[0.3783764  0.2142141  0.16877244 0.14172592 0.09691114]
 [0.57026028 0.20003876 0.18533772 0.02530677 0.01905647]
 [0.29888501 0.28045735 0.23014554 0.17016445 0.02034765]
 [0.27464484 0.22395686 0.21202258 0.21130916 0.07806656]
 [0.36670026 0.33980582 0.14641169 0.10556642 0.04151581]]"
61,"[[0.39585162 0.24597219 0.21169762 0.10117361 0.04530495]
 [0.34398575 0.25979917 0.20594322 0.10280065 0.08747121]
 [0.27895444 0.2639462  0.17843469 0.14438614 0.13427852]
 [0.33730037 0.25462872 0.20724841 0.10552387 0.09529864]
 [0.31121827 0.30508918 0.23217861 0.09846788 0.05304605]]"
62,"[[0.28469642 0.24154594 0.2306568  0.20290748 0.04019336]
 [0.29327163 0.2372229  0.21962737 0.15094496 0.09893314]
 [0.26800853 0.23764979 0.21955975 0.16090632 0.11387561]
 [0.34824994 0.28503474 0.14539363 0.1361905  0.08513119]
 [0.245194   0.23352316 0.18792029 0.18086313 0.15249942]]"
63,"[[0.34221776 0.28056432 0.17938471 0.10541277 0.09242045]
 [0.30396853 0.30337571 0.19170232 0.15994936 0.04100408]
 [0.29891228 0.27211395 0.21695164 0.02392146 0.18810067]
 [0.24144908 0.22848867 0.22727135 0.20451654 0.09827436]
 [0.23290763 0.21881102 0.21857888 0.21823075 0.11147172]]"
64,"[[0.43552015 0.28280697 0.14189982 0.08562448 0.05414859]
 [0.29338488 0.20734042 0.20398086 0.18840575 0.10688808]
 [0.32176939 0.31458219 0.29264878 0.0535933  0.01740634]
 [0.32440936 0.29274852 0.20045795 0.10975607 0.07262811]
 [0.26230078 0.21283997 0.1862305  0.17579235 0.1628364 ]]"
65,"[[0.47194913 0.31569575 0.13384291 0.04584683 0.03266539]
 [0.28446055 0.24926787 0.21072374 0.18325396 0.07229388]
 [0.26926092 0.26738685 0.26706644 0.17637524 0.01991055]
 [0.3609701  0.28910253 0.22911306 0.10419314 0.01662117]
 [0.28414378 0.25616376 0.20036493 0.1346025  0.12472503]]"
66,"[[0.28564336 0.24238543 0.19964584 0.1843297  0.08799567]
 [0.3339517  0.26771774 0.26722377 0.1186046  0.01250219]
 [0.30006361 0.26943156 0.196404   0.16012331 0.07397753]
 [0.26487545 0.24765596 0.22899419 0.14065703 0.11781737]
 [0.38601268 0.2202377  0.18945161 0.14840325 0.05589476]]"
67,"[[0.27384199 0.26735931 0.19380498 0.18359854 0.08139518]
 [0.28179468 0.21861051 0.21061463 0.16222315 0.12675702]
 [0.37592258 0.34405477 0.17135322 0.1054051  0.00326433]
 [0.38043482 0.35105115 0.14568953 0.10506396 0.01776055]
 [0.35136332 0.34922476 0.13582277 0.09627462 0.06731453]]"
68,"[[0.29608218 0.1991065  0.17935379 0.16837606 0.15708146]
 [0.37322515 0.18783652 0.16722056 0.15927057 0.1124472 ]
 [0.32261353 0.27370048 0.25026243 0.08043221 0.07299135]
 [0.3187222  0.25392348 0.21159588 0.14948509 0.06627335]
 [0.35236884 0.25990237 0.16685692 0.12072733 0.10014455]]"
69,"[[0.34444681 0.27457439 0.16617887 0.12442823 0.09037171]
 [0.30449561 0.27625305 0.19650298 0.13187804 0.09087033]
 [0.32625596 0.23462311 0.20697827 0.19458101 0.03756164]
 [0.23085774 0.21419199 0.20595082 0.18688357 0.16211588]
 [0.33204079 0.23703176 0.22156715 0.10740425 0.10195605]]"
70,"[[0.2871201  0.25457794 0.21914406 0.1412171  0.0979408 ]
 [0.29380151 0.27714765 0.17432249 0.15759342 0.09713493]
 [0.38201541 0.27335517 0.25246881 0.06825288 0.02390774]
 [0.55922816 0.19776317 0.1234541  0.07877758 0.04077699]
 [0.33166084 0.30359431 0.25626345 0.07271007 0.03577134]]"
71,"[[0.33337058 0.32539034 0.22916945 0.07414822 0.03792141]
 [0.25928416 0.24120935 0.18730076 0.1771436  0.13506214]
 [0.34890001 0.22205705 0.15033239 0.14703829 0.13167225]
 [0.25661492 0.25252966 0.21916425 0.19985377 0.0718374 ]
 [0.32476948 0.32384532 0.15053417 0.10580419 0.09504684]]"
72,"[[0.29916988 0.28880294 0.18554492 0.11346694 0.11301532]
 [0.39286684 0.25130294 0.2269099  0.09437601 0.03454431]
 [0.34720662 0.30410422 0.26893644 0.07850162 0.0012511 ]
 [0.35538174 0.21897666 0.20472157 0.18523699 0.03568304]
 [0.32375332 0.31127292 0.16336071 0.10843888 0.09317418]]"
73,"[[0.23866569 0.21478504 0.19457068 0.18751097 0.16446761]
 [0.32573574 0.27180771 0.18538276 0.11649104 0.10058275]
 [0.32009143 0.3138611  0.16856733 0.13013422 0.06734592]
 [0.45922783 0.26359994 0.13506969 0.09377518 0.04832736]
 [0.38086735 0.3352519  0.18347215 0.06518885 0.03521975]]"
74,"[[0.27213742 0.20261927 0.20057464 0.16881526 0.15585342]
 [0.56539304 0.26729062 0.11150982 0.04287803 0.0129285 ]
 [0.3151324  0.313011   0.18752292 0.13284173 0.05149195]
 [0.3451812  0.30411429 0.18156565 0.1683354  0.00080347]
 [0.4419178  0.37343697 0.07575869 0.07523266 0.03365388]]"
75,"[[0.33348504 0.33061822 0.16155597 0.09780506 0.0765357 ]
 [0.3860691  0.31784092 0.18935032 0.05905509 0.04768458]
 [0.43998447 0.30652764 0.21428826 0.02465067 0.01454896]
 [0.33960488 0.33266058 0.15856621 0.15313572 0.0160326 ]
 [0.32136386 0.28694275 0.27075681 0.08508206 0.03585451]]"
76,"[[0.29950483 0.29109637 0.22085254 0.15023837 0.03830789]
 [0.33744393 0.25092343 0.196136   0.17126827 0.04422837]
 [0.31991112 0.24226011 0.19637216 0.18639628 0.05506034]
 [0.46446721 0.38567337 0.0825114  0.03990937 0.02743865]
 [0.39561123 0.37908384 0.1355303  0.05078488 0.03898975]]"
77,"[[0.38104412 0.30226754 0.23860376 0.04327873 0.03480585]
 [0.26212006 0.20210318 0.18823154 0.18580756 0.16173765]
 [0.27471607 0.25934432 0.24588376 0.20237168 0.01768416]
 [0.27055046 0.23104719 0.20583548 0.14750034 0.14506653]
 [0.36108353 0.22259436 0.18289074 0.14902674 0.08440462]]"
78,"[[0.27006824 0.23675768 0.19939064 0.15916512 0.13461832]
 [0.30578166 0.18503899 0.17935747 0.17262157 0.15720031]
 [0.43693969 0.20263229 0.19663517 0.15370641 0.01008643]
 [0.30185395 0.26816586 0.18029898 0.16349237 0.08618884]
 [0.36776576 0.31574767 0.23451819 0.0491607  0.03280769]]"
79,"[[0.40465728 0.22734851 0.18555405 0.11524443 0.06719572]
 [0.31838493 0.21381849 0.21135189 0.20719777 0.04924691]
 [0.30529894 0.28077619 0.22360291 0.18753069 0.00279127]
 [0.33293848 0.30335105 0.26787536 0.05998382 0.03585129]
 [0.45535335 0.27053228 0.10802486 0.08469603 0.08139348]]"
80,"[[0.38554628 0.37787302 0.16423466 0.04080583 0.03154022]
 [0.5100526  0.18875075 0.1380269  0.10507292 0.05809683]
 [0.44518226 0.199144   0.14359104 0.12814064 0.08394205]
 [0.30573037 0.3010049  0.15029958 0.1313214  0.11164375]
 [0.21897006 0.41263947 0.1777681  0.12086759 0.06975478]]"
81,"[[0.27615016 0.25904565 0.18666146 0.17915107 0.09899166]
 [0.42804163 0.37327505 0.12020442 0.0656982  0.01278069]
 [0.35170806 0.29289185 0.18247064 0.16283908 0.01009037]
 [0.43528332 0.27566932 0.13644814 0.13498309 0.01761613]
 [0.31178015 0.27397013 0.24063185 0.13029236 0.04332551]]"
82,"[[0.44875089 0.29227342 0.12699135 0.10741067 0.02457366]
 [0.29775589 0.27417846 0.20460377 0.15701254 0.06644935]
 [0.36473932 0.32629951 0.24655417 0.03699779 0.02540921]
 [0.37447614 0.31941257 0.23572873 0.05139885 0.01898371]
 [0.30456739 0.23850283 0.18875076 0.16964988 0.09852913]]"
83,"[[0.33702051 0.33038722 0.19565987 0.10540593 0.03152648]
 [0.36279843 0.30159719 0.18237299 0.11823855 0.03499284]
 [0.37198436 0.2737081  0.21154507 0.09556094 0.04720153]
 [0.30828232 0.26488184 0.24499704 0.12945651 0.05238229]
 [0.38117831 0.25543106 0.16648911 0.15410289 0.04279863]]"
84,"[[0.50211498 0.47107314 0.01197057 0.00962225 0.00521906]
 [0.35315869 0.20563958 0.18397756 0.13087649 0.12634767]
 [0.33910801 0.32712902 0.22998962 0.06235463 0.04141873]
 [0.31851042 0.31616106 0.14056998 0.12830763 0.09645091]
 [0.36691843 0.34007479 0.14275654 0.09811418 0.05213606]]"
85,"[[0.26542845 0.22587009 0.2113959  0.20328726 0.09401831]
 [0.2911934  0.29106328 0.20009765 0.12154952 0.09609616]
 [0.29394121 0.28920295 0.18460983 0.18047257 0.05177344]
 [0.31310881 0.26861667 0.2528957  0.11085599 0.05452284]
 [0.31535479 0.24895774 0.18253071 0.14189364 0.11126313]]"
86,"[[0.36414443 0.21355849 0.20333422 0.16296935 0.05599352]
 [0.33915464 0.31509568 0.1403915  0.11233628 0.0930219 ]
 [0.50409603 0.27049674 0.12488861 0.08252945 0.01798916]
 [0.42372839 0.42301259 0.08691878 0.06171654 0.0046237 ]
 [0.29806752 0.25056042 0.21332921 0.1725247  0.06551815]]"
87,"[[0.30448752 0.24127211 0.20482236 0.19454831 0.0548697 ]
 [0.23413801 0.22401352 0.18717843 0.17818048 0.17648956]
 [0.45962087 0.29307204 0.14745906 0.08131924 0.01852879]
 [0.25246554 0.23529791 0.195436   0.18476533 0.13203523]
 [0.33081472 0.27824074 0.24286205 0.11869947 0.02938302]]"
88,"[[0.32563541 0.30694028 0.18049784 0.16969371 0.01723276]
 [0.65601175 0.184848   0.0756114  0.07044104 0.01308781]
 [0.38939324 0.28747044 0.18143937 0.07261903 0.06907792]
 [0.29038105 0.22890017 0.22140426 0.16879029 0.09052424]
 [0.44757765 0.24057614 0.21444991 0.06441595 0.03298034]]"
89,"[[0.32624627 0.31411721 0.1778859  0.15684633 0.02490428]
 [0.34802321 0.31826875 0.07314229 0.20323642 0.05732933]
 [0.43146059 0.37162014 0.17333574 0.02083386 0.00274967]
 [0.34223186 0.25993072 0.25888872 0.10954429 0.0294044 ]
 [0.32596599 0.253725   0.2380709  0.14339701 0.0388411 ]]"
90,"[[0.36717652 0.23803305 0.19670741 0.17105055 0.02703247]
 [0.2902029  0.28876181 0.17654945 0.14002983 0.10445602]
 [0.32887801 0.24286463 0.1863486  0.16699595 0.07491281]
 [0.28789414 0.28738522 0.2487906  0.13669219 0.03923786]
 [0.30722682 0.25552782 0.23366709 0.20261388 0.00096439]]"
91,"[[0.39400632 0.30705873 0.22370758 0.05545954 0.01976782]
 [0.32937695 0.25598384 0.18215311 0.13165725 0.10082884]
 [0.29179805 0.28060997 0.21704779 0.14138042 0.06916377]
 [0.32160689 0.26304401 0.24168126 0.17173801 0.00192983]
 [0.25350966 0.24121305 0.23078947 0.20624262 0.0682452 ]]"
92,"[[0.27458667 0.234577   0.20823743 0.18737265 0.09522625]
 [0.33330879 0.32906462 0.19058683 0.13067863 0.01636114]
 [0.34611553 0.30190075 0.15782495 0.12579136 0.06836741]
 [0.26891415 0.22476627 0.19485065 0.15578672 0.15568221]
 [0.41905581 0.35200129 0.10971328 0.09712785 0.02210177]]"
93,"[[0.2523076  0.22388389 0.2059347  0.18065688 0.13721694]
 [0.33669288 0.27523791 0.20367257 0.12536464 0.05903201]
 [0.40883344 0.35914829 0.11304502 0.07602418 0.04294907]
 [0.37818249 0.31301472 0.15273987 0.10275261 0.05331031]
 [0.40602202 0.26993166 0.21402389 0.09806773 0.01195468]]"
94,"[[0.2704125  0.24533082 0.23897198 0.1706443  0.0746404 ]
 [0.27183376 0.24852319 0.21271147 0.21270392 0.05422765]
 [0.30071012 0.29319554 0.26945457 0.11289686 0.02374291]
 [0.48404579 0.16723376 0.15705167 0.11278651 0.07888227]
 [0.41914981 0.3326585  0.16609598 0.04523511 0.0368606 ]]"
95,"[[0.46730037 0.24148975 0.12773919 0.1252178  0.0382529 ]
 [0.25937653 0.24494395 0.23667964 0.20154283 0.05745704]
 [0.28819007 0.28280987 0.23368996 0.14589239 0.04941771]
 [0.32856898 0.24619847 0.18968613 0.12549907 0.11004735]
 [0.23625878 0.23446225 0.21572864 0.18746926 0.12608106]]"
96,"[[0.37933273 0.3586077  0.14281465 0.06348534 0.0557596 ]
 [0.2588679  0.24026715 0.21047965 0.16278594 0.12759936]
 [0.28671417 0.23797183 0.16635427 0.16095076 0.14800896]
 [0.27519966 0.21973483 0.21270366 0.19442814 0.09793372]
 [0.2861271  0.24208752 0.22506894 0.16909565 0.07762079]]"
97,"[[0.45079936 0.34498013 0.14323815 0.04980993 0.01117243]
 [0.24587755 0.24181499 0.20201564 0.18192875 0.12836307]
 [0.35703056 0.34454196 0.13229994 0.09851866 0.06760888]
 [0.28266979 0.26215676 0.21836343 0.17099653 0.06581349]
 [0.41656882 0.33925584 0.17119728 0.05491483 0.01806323]]"
98,"[[0.37021359 0.3514481  0.18785433 0.05954918 0.0309348 ]
 [0.57679092 0.22745156 0.08470077 0.082644   0.02841274]
 [0.42235678 0.24326438 0.18774651 0.13042911 0.01620322]
 [0.26187161 0.25116485 0.23900953 0.15459647 0.09335755]
 [0.3448681  0.31835217 0.25422869 0.06234566 0.02020537]]"
99,"[[0.27439156 0.25766973 0.17955938 0.17364936 0.11472997]
 [0.32644692 0.32160884 0.16764721 0.14285092 0.04144612]
 [0.26134619 0.22710587 0.2208176  0.18411044 0.1066199 ]
 [0.24467366 0.20855242 0.19937334 0.17922711 0.16817348]
 [0.36848577 0.31173477 0.25386068 0.05252677 0.01339202]]"
100,"[[0.30550404 0.29395211 0.18807987 0.11857466 0.09388932]
 [0.47140684 0.22151814 0.19032492 0.0811356  0.0356145 ]
 [0.37894925 0.27036102 0.22648281 0.08893879 0.03526813]
 [0.37791426 0.3384627  0.12113689 0.1203054  0.04218076]
 [0.330242   0.30382871 0.15751155 0.15021998 0.05819777]]"
101,"[[1.79642028e-01 1.76749216e-01 1.71049406e-01 1.35895845e-01
  1.26314649e-01 8.17257867e-02 6.40289580e-02 3.17236073e-02
  2.31007036e-02 9.76980151e-03]
 [1.69653922e-01 1.68854984e-01 1.62481785e-01 1.40119079e-01
  1.08397537e-01 1.00372033e-01 6.66641624e-02 4.45759778e-02
  3.88596535e-02 2.08662053e-05]
 [1.68709619e-01 1.45525792e-01 1.28225779e-01 1.27566645e-01
  1.20190483e-01 9.40378941e-02 7.96244287e-02 6.92545317e-02
  5.01859710e-02 1.66788567e-02]
 [1.93421885e-01 1.76258162e-01 1.39154806e-01 1.28345983e-01
  1.13421691e-01 1.12473658e-01 5.30424512e-02 4.18589119e-02
  3.67129189e-02 5.30953293e-03]
 [1.96348450e-01 1.89128244e-01 1.60450494e-01 1.58995568e-01
  1.00720298e-01 8.00257465e-02 4.84029671e-02 4.73365249e-02
  1.44494453e-02 4.14226239e-03]
 [1.83161128e-01 1.60392069e-01 1.46878013e-01 1.44195373e-01
  8.23866804e-02 7.70595109e-02 6.95443197e-02 6.65509126e-02
  3.85668106e-02 3.12651828e-02]
 [1.56006724e-01 1.52968447e-01 1.42911352e-01 1.21760279e-01
  1.37168052e-01 9.03148127e-02 8.56880559e-02 5.03071107e-02
  3.15841491e-02 3.12910177e-02]
 [1.67547495e-01 1.36335242e-01 1.19553000e-01 1.17499262e-01
  1.07123345e-01 9.16896629e-02 8.91575994e-02 7.62771575e-02
  2.93235554e-02 6.54936812e-02]
 [1.45799539e-01 1.45547629e-01 1.43709768e-01 1.29993520e-01
  1.04685110e-01 1.02774072e-01 8.80850107e-02 5.19209046e-02
  4.68721355e-02 4.06123115e-02]
 [1.53871311e-01 1.42798866e-01 1.42670277e-01 1.36835904e-01
  9.56441156e-02 9.36460074e-02 7.79651599e-02 6.15640878e-02
  5.61594158e-02 3.88448558e-02]]"
102,"[[0.19717812 0.17457776 0.15785316 0.10816631 0.14107601 0.10693642
  0.05422139 0.04020695 0.01884067 0.0009432 ]
 [0.22269728 0.14808069 0.13409041 0.09963667 0.08155743 0.07545029
  0.07254345 0.07063284 0.05372518 0.04158576]
 [0.18119894 0.17714044 0.15607154 0.13029549 0.11430901 0.11400598
  0.05876033 0.04092177 0.01633265 0.01096384]
 [0.25818029 0.18498854 0.18452566 0.14646643 0.05809542 0.05193349
  0.04965411 0.03143575 0.0278413  0.00687901]
 [0.20973758 0.19069115 0.15948366 0.1171265  0.09814991 0.0624286
  0.06109663 0.04569382 0.03427762 0.02131452]
 [0.23549099 0.19327225 0.14602215 0.1297351  0.12004462 0.06014681
  0.04200918 0.03998231 0.02417323 0.00912337]
 [0.14148068 0.13529285 0.12973888 0.11797891 0.11630545 0.09950045
  0.09457278 0.0666561  0.05776227 0.04071164]
 [0.17973202 0.17445236 0.16370251 0.13952755 0.12178028 0.09461123
  0.06524391 0.03512819 0.0202676  0.00555436]
 [0.23057274 0.21256649 0.13768059 0.11753326 0.09406238 0.07866773
  0.05358713 0.04752138 0.02474107 0.00306724]
 [0.15491025 0.1454491  0.1269868  0.11944637 0.10335832 0.09779066
  0.09596885 0.08241884 0.06955017 0.00412063]]"
103,"[[0.23027147 0.19418255 0.17342314 0.11873159 0.10772507 0.092211
  0.03352287 0.02882123 0.01574117 0.00536991]
 [0.24238228 0.15040347 0.10586961 0.10048544 0.0986959  0.08161941
  0.07593371 0.07431363 0.04615245 0.02414409]
 [0.16687327 0.16080928 0.13512945 0.11531759 0.11154496 0.09218824
  0.09153937 0.03911605 0.04863229 0.0388495 ]
 [0.15994011 0.15908231 0.15690104 0.15632596 0.15044761 0.10863427
  0.05896341 0.03679034 0.01017969 0.00273525]
 [0.14485345 0.1406943  0.13059212 0.12689227 0.12565515 0.09700211
  0.0866877  0.08412503 0.03304285 0.03045501]
 [0.14953665 0.12819244 0.11925601 0.11713935 0.1139272  0.10053005
  0.09591487 0.09057405 0.06093065 0.02399873]
 [0.19453088 0.18063525 0.14805749 0.12921419 0.08999507 0.0696547
  0.06309121 0.05141404 0.05076767 0.02263951]
 [0.16682913 0.16088346 0.13780232 0.12674531 0.09619121 0.08534482
  0.07452742 0.07150464 0.0481361  0.03203559]
 [0.19721224 0.16901665 0.13176777 0.11339187 0.10880858 0.10113988
  0.08125812 0.0512087  0.04577641 0.00041979]
 [0.17908932 0.17476263 0.16060013 0.15897889 0.11941271 0.06056357
  0.0458193  0.04387911 0.03001353 0.02688081]]"
104,"[[0.16450137 0.13613463 0.1325477  0.122002   0.10704434 0.10331144
  0.07661062 0.06366978 0.0515773  0.04260082]
 [0.18486048 0.17667482 0.13503163 0.11055702 0.10354521 0.09064014
  0.06121552 0.05856309 0.05088655 0.02802554]
 [0.19920952 0.17658219 0.16841678 0.16582351 0.13896968 0.0817707
  0.05393099 0.01069934 0.00279184 0.00180546]
 [0.17510691 0.15726297 0.13448146 0.13124876 0.12773539 0.07963633
  0.07093695 0.06021557 0.03346393 0.02991174]
 [0.19344945 0.18675307 0.14992466 0.12827986 0.10279129 0.07202464
  0.06746012 0.04130722 0.03624592 0.02176377]
 [0.21592773 0.19504748 0.14380933 0.12499477 0.07986269 0.06940957
  0.06856196 0.06201788 0.0293487  0.01101989]
 [0.17733217 0.17214712 0.10971617 0.10878901 0.10322803 0.09188594
  0.08028908 0.06200414 0.05896468 0.03564366]
 [0.18874822 0.15817323 0.15049134 0.13788946 0.11307492 0.10844561
  0.07058552 0.05630349 0.01022209 0.00606612]
 [0.19305712 0.17553829 0.16411244 0.15859571 0.14249827 0.07741637
  0.03995345 0.024895   0.01756972 0.00636362]
 [0.20238735 0.19340676 0.18119342 0.14026759 0.07499598 0.07186563
  0.06194757 0.05367263 0.01567198 0.0045911 ]]"
105,"[[0.23197665 0.20125112 0.1511655  0.12609892 0.12452378 0.06927519
  0.03971438 0.02690482 0.0192566  0.00983304]
 [0.13733802 0.1281585  0.12601223 0.11550805 0.1044681  0.11543659
  0.10217287 0.08291601 0.06604248 0.02194716]
 [0.14157617 0.13905799 0.13180179 0.12897525 0.10987329 0.10236785
  0.10076606 0.07174143 0.07119043 0.00264974]
 [0.14282133 0.14107336 0.13909579 0.13233042 0.12581836 0.12206555
  0.09126754 0.05936162 0.04041228 0.00575374]
 [0.18860002 0.14876186 0.14604825 0.14511848 0.14065951 0.10858008
  0.04951712 0.0474123  0.01585819 0.00944419]
 [0.14149933 0.14092844 0.13312136 0.12520166 0.1128047  0.09590152
  0.08112729 0.07552888 0.06087391 0.03301291]
 [0.1964102  0.17604012 0.16468824 0.12908661 0.10790985 0.0839302
  0.06736154 0.04481541 0.02120426 0.00855357]
 [0.14724488 0.14224256 0.13485974 0.1265208  0.11858601 0.10858727
  0.10224939 0.05228403 0.05016219 0.01726314]
 [0.20559411 0.15525272 0.13390203 0.13239626 0.11433366 0.10084333
  0.06990724 0.04168878 0.034269   0.01181286]
 [0.14347275 0.13413235 0.12223543 0.11211062 0.10838664 0.10563102
  0.08992457 0.08041025 0.07133987 0.03235649]]"
106,"[[0.17109421 0.16832434 0.1602443  0.14521175 0.13179468 0.07628616
  0.05891017 0.05334085 0.03358057 0.00121296]
 [0.15676704 0.13181867 0.12900588 0.12442535 0.12196208 0.09662506
  0.08728865 0.07759355 0.06849336 0.00602036]
 [0.21154201 0.17832468 0.13287295 0.09892539 0.09128612 0.08703732
  0.07694723 0.07182535 0.04596343 0.00527552]
 [0.14430676 0.14382464 0.13393995 0.12980768 0.11941237 0.11478869
  0.08143225 0.07287962 0.03646153 0.02314651]
 [0.14803967 0.14651788 0.12531773 0.11322978 0.10833711 0.09017534
  0.08531682 0.06736806 0.0615747  0.05412291]
 [0.14895798 0.13703762 0.12152909 0.11330839 0.111927   0.0956114
  0.08975207 0.0834839  0.06198958 0.03640298]
 [0.17227207 0.16155267 0.13984197 0.12665888 0.12342529 0.11129092
  0.06530918 0.05059218 0.03235047 0.01670638]
 [0.19023023 0.18469853 0.17421266 0.15418438 0.0822861  0.06330798
  0.0489459  0.04376705 0.03602901 0.02233817]
 [0.1818205  0.16804187 0.14935655 0.1125622  0.10229118 0.09600528
  0.07001856 0.05954124 0.0533426  0.00702001]
 [0.2100806  0.163242   0.14924364 0.10439354 0.0985798  0.0971751
  0.07169197 0.06201083 0.02816454 0.01541797]]"
107,"[[2.58118658e-01 2.09651487e-01 1.72245745e-01 1.51639118e-01
  1.37375272e-01 3.01089972e-02 1.96322147e-02 1.48728119e-02
  3.72053547e-03 2.63516072e-03]
 [1.76659187e-01 1.62203456e-01 1.58259694e-01 1.38436055e-01
  1.21926957e-01 1.19015585e-01 6.58678360e-02 2.82601061e-02
  2.19954410e-02 7.37568363e-03]
 [1.93519339e-01 1.80780907e-01 1.51464999e-01 1.41593614e-01
  1.01940997e-01 9.10987494e-02 7.78533615e-02 4.18855563e-02
  1.41704714e-02 5.69200505e-03]
 [2.37112105e-01 2.15249119e-01 1.65417295e-01 1.35860864e-01
  1.05235519e-01 6.05675379e-02 3.39371862e-02 3.30332419e-02
  6.76541520e-05 1.35194779e-02]
 [1.54200244e-01 1.47474631e-01 1.47055216e-01 1.42078127e-01
  1.41819317e-01 1.39301524e-01 7.40483608e-02 4.59424271e-02
  6.08509750e-03 1.99505495e-03]
 [1.53820877e-01 1.53382141e-01 1.39721658e-01 1.34778693e-01
  1.13878221e-01 8.80801901e-02 8.51434097e-02 8.15898097e-02
  2.53492912e-02 2.42557094e-02]
 [2.79767724e-01 1.61225637e-01 1.45702513e-01 1.25542433e-01
  8.24948061e-02 7.92871192e-02 4.94855475e-02 3.78967812e-02
  2.49953207e-02 1.36021182e-02]
 [1.72066990e-01 1.67375319e-01 1.64116161e-01 1.36312161e-01
  1.35425927e-01 8.50219227e-02 8.29600287e-02 2.35643583e-02
  1.75002694e-02 1.56568622e-02]
 [1.92877467e-01 1.87113283e-01 1.62685287e-01 1.37743817e-01
  8.46949845e-02 6.53719775e-02 6.32421602e-02 6.14748139e-02
  2.39492142e-02 2.08469949e-02]
 [2.44183896e-01 1.21880599e-01 1.16607348e-01 1.09801609e-01
  1.01393477e-01 8.88541113e-02 6.06754269e-02 5.48861962e-02
  5.38463168e-02 4.78710188e-02]]"
108,"[[0.17158913 0.16345433 0.13218887 0.13034532 0.12501424 0.09692908
  0.07225513 0.04631236 0.03459783 0.0273137 ]
 [0.16753351 0.16636963 0.160687   0.09840844 0.09520521 0.08908214
  0.07669438 0.07195194 0.07100002 0.00306772]
 [0.15755271 0.13969562 0.1313407  0.10756448 0.11753506 0.09986154
  0.09755411 0.0798096  0.05348238 0.01560379]
 [0.17030906 0.16508077 0.16304361 0.15720705 0.14297045 0.0786054
  0.04148107 0.03197601 0.02968263 0.01964394]
 [0.19290764 0.14988083 0.1419947  0.13615729 0.12955408 0.1060683
  0.06058059 0.04884178 0.02887363 0.00514116]
 [0.18940984 0.18665769 0.18342217 0.13026852 0.10054347 0.06983324
  0.05847855 0.03011644 0.02677699 0.02449308]
 [0.15550244 0.14212582 0.11493634 0.11199697 0.10830332 0.10063868
  0.09786076 0.08509356 0.04394686 0.03959524]
 [0.22531793 0.22527771 0.13224799 0.12513578 0.11412177 0.06961433
  0.06182164 0.0221065  0.02041346 0.00394288]
 [0.14456479 0.14338281 0.14338075 0.12933337 0.11373249 0.1044181
  0.08290611 0.07502743 0.03393858 0.02931556]
 [0.15332263 0.13169443 0.12842817 0.11196034 0.11105764 0.10797412
  0.10769238 0.02450546 0.10154351 0.02182132]]"
109,"[[0.19579422 0.1656858  0.12487343 0.10578064 0.09701589 0.09598378
