,0
1,"[[0.27944481 0.25457044 0.23048246 0.14690336 0.08859893]
 [0.36575601 0.30927068 0.16299599 0.13170417 0.03027314]
 [0.32883553 0.28807012 0.19212051 0.14866897 0.04230488]
 [0.35377593 0.28014768 0.20011684 0.10653993 0.05941961]
 [0.36671759 0.30354212 0.16178505 0.15581581 0.01213942]]"
2,"[[0.32496572 0.29905693 0.2858464  0.08043856 0.0096924 ]
 [0.29213547 0.22749958 0.21541274 0.16297958 0.10197262]
 [0.45596533 0.31615385 0.14355946 0.04675584 0.03756553]
 [0.31914759 0.31421627 0.16925894 0.14663524 0.05074196]
 [0.28197784 0.27020226 0.22560165 0.16389728 0.05832096]]"
3,"[[0.30219213 0.21508741 0.20555491 0.16709133 0.11007422]
 [0.32202071 0.29266373 0.22518271 0.13999871 0.02013414]
 [0.30904384 0.24182217 0.22518259 0.13619135 0.08776005]
 [0.29339474 0.27103575 0.16618071 0.1364343  0.13295451]
 [0.33991038 0.19586791 0.19515652 0.14023544 0.12882976]]"
4,"[[0.46039116 0.18830002 0.16628702 0.10259189 0.08242992]
 [0.32181432 0.26699959 0.20345909 0.19409836 0.01362864]
 [0.3883756  0.27669573 0.1750787  0.09925647 0.06059351]
 [0.2355634  0.23450571 0.20761165 0.2075616  0.11475764]
 [0.27611872 0.27404891 0.2272764  0.21214479 0.01041119]]"
5,"[[0.42684347 0.20464456 0.20309407 0.14672988 0.01868802]
 [0.296606   0.26453401 0.2494934  0.13279784 0.05656875]
 [0.36275613 0.28980683 0.19494726 0.07628165 0.07620813]
 [0.42192636 0.17758781 0.15972833 0.12591719 0.11484031]
 [0.3477012  0.3434291  0.16096724 0.08278961 0.06511285]]"
6,"[[0.32576197 0.27876279 0.20177253 0.17632243 0.01738029]
 [0.45814532 0.24346636 0.19664277 0.06127122 0.04047434]
 [0.39592438 0.27582873 0.21375001 0.06939759 0.04509929]
 [0.34659495 0.27910496 0.26347513 0.07411477 0.03671019]
 [0.3323138  0.25245263 0.16089316 0.14720251 0.1071379 ]]"
7,"[[0.28277696 0.26905964 0.23163851 0.19178971 0.02473518]
 [0.36501672 0.26553551 0.25220246 0.09749767 0.01974764]
 [0.51491948 0.36158549 0.11426696 0.00669026 0.00253781]
 [0.43117999 0.23750222 0.18337934 0.13523693 0.01270152]
 [0.24154389 0.24089781 0.19359896 0.16845454 0.1555048 ]]"
8,"[[0.23842704 0.27824355 0.21885146 0.20171998 0.06275797]
 [0.33161168 0.22912317 0.2275578  0.20215959 0.00954776]
 [0.51216346 0.34337069 0.05872196 0.05496015 0.03078373]
 [0.35091336 0.29809483 0.2963989  0.05077545 0.00381746]
 [0.36689704 0.35984886 0.12658762 0.10619452 0.04047195]]"
9,"[[3.15027993e-01 2.46438883e-01 1.69057215e-01 1.52823827e-01
  1.16652082e-01]
 [3.35427090e-01 2.41462568e-01 2.13363128e-01 2.09254442e-01
  4.92771495e-04]
 [3.22598977e-01 2.48415809e-01 2.09355474e-01 1.81313748e-01
  3.83159920e-02]
 [4.36859643e-01 3.04961692e-01 2.07654238e-01 2.69203342e-02
  2.36040921e-02]
 [5.12025272e-01 3.05306712e-01 1.03741744e-01 3.96021964e-02
  3.93240754e-02]]"
10,"[[0.31056332 0.25565461 0.17611519 0.14204669 0.11562019]
 [0.32300236 0.31234934 0.25420966 0.08813878 0.02229986]
 [0.46763158 0.33345967 0.11298646 0.05595765 0.02996464]
 [0.25708903 0.25093628 0.25035585 0.20010449 0.04151435]
 [0.36600144 0.30502482 0.14640573 0.13733026 0.04523776]]"
11,"[[0.36197428 0.23620327 0.16815003 0.12148652 0.11218591]
 [0.3616779  0.26214209 0.18976305 0.18033103 0.00608592]
 [0.37045659 0.28098685 0.21772367 0.10793231 0.02290059]
 [0.26894879 0.23052194 0.21385898 0.16534209 0.12132821]
 [0.32707856 0.20223334 0.16893294 0.15111909 0.15063607]]"
12,"[[0.40621471 0.3949095  0.13820161 0.03278137 0.02789281]
 [0.38341028 0.27233883 0.20380142 0.08142219 0.05902728]
 [0.48736433 0.29462418 0.17215247 0.02450327 0.02135575]
 [0.25266702 0.25235756 0.2368276  0.1506623  0.10748552]
 [0.35261404 0.25449867 0.23199806 0.13313465 0.02775457]]"
13,"[[0.31224224 0.30090872 0.25341427 0.10572523 0.02770953]
 [0.28822209 0.25863446 0.22257582 0.13990058 0.09066705]
 [0.39082611 0.30352985 0.18241788 0.09286867 0.03035749]
 [0.28530497 0.22270521 0.20607416 0.17159109 0.11432457]
 [0.27495704 0.26199676 0.25497463 0.15047536 0.05759621]]"
14,"[[0.33467439 0.28565801 0.26419949 0.10296665 0.01250147]
 [0.3214396  0.25494544 0.20761421 0.16219661 0.05380414]
 [0.31872176 0.31584508 0.21841869 0.09184183 0.05517265]
 [0.51209715 0.31228299 0.12145258 0.05002707 0.00414021]
 [0.32350169 0.2407772  0.20002941 0.18433206 0.05135963]]"
15,"[[0.35572657 0.30878924 0.15949811 0.09162367 0.08436241]
 [0.31889454 0.21742197 0.16194789 0.16131794 0.14041766]
 [0.37678032 0.26018432 0.24300262 0.10180523 0.01822752]
 [0.39461554 0.21177635 0.13776489 0.13662863 0.11921458]
 [0.28914262 0.27193815 0.26260102 0.16918361 0.00713461]]"
16,"[[0.34370967 0.28009861 0.19703745 0.11497093 0.06418334]
 [0.45826568 0.21340388 0.17650888 0.12784655 0.02397501]
 [0.35719876 0.28641672 0.28274044 0.05313732 0.02050675]
 [0.32057485 0.26739629 0.22438942 0.14758039 0.04005904]
 [0.35465249 0.22204007 0.15046628 0.14329352 0.12954763]]"
17,"[[0.31460354 0.2904017  0.26633725 0.07179151 0.056866  ]
 [0.2406654  0.22121979 0.20213377 0.18295575 0.15302529]
 [0.33049717 0.32896658 0.17603617 0.09886759 0.06563249]
 [0.2266407  0.22394283 0.21498682 0.17677362 0.15765603]
 [0.44734093 0.18248681 0.15382973 0.13599162 0.08035091]]"
18,"[[0.3002291  0.22156583 0.18878969 0.18307379 0.10634159]
 [0.2603039  0.21273808 0.20262425 0.18180293 0.14253084]
 [0.47469882 0.26632079 0.21717472 0.03273892 0.00906675]
 [0.4252516  0.24506852 0.16419589 0.15654281 0.00894117]
 [0.39252579 0.27218036 0.17818842 0.10149854 0.05560689]]"
19,"[[0.29293755 0.2709096  0.25438954 0.15203491 0.0297284 ]
 [0.33027049 0.29148063 0.22300338 0.09255587 0.06268963]
 [0.40042899 0.28159085 0.14953227 0.14262307 0.02582482]
 [0.27601751 0.24193186 0.20136093 0.19885212 0.08183758]
 [0.51130028 0.26394184 0.10041181 0.06376301 0.06058306]]"
20,"[[0.30650467 0.29194379 0.20971406 0.10751736 0.08432013]
 [0.2812307  0.25278103 0.19618622 0.14914641 0.12065564]
 [0.26544003 0.23560143 0.16889112 0.17145206 0.15861536]
 [0.33849374 0.29636709 0.18325771 0.1690124  0.01286907]
 [0.34272579 0.29162426 0.18346773 0.15876328 0.02341894]]"
21,"[[0.22833815 0.22765386 0.19328313 0.17659771 0.17412715]
 [0.48829909 0.34485931 0.06803153 0.06796635 0.03084371]
 [0.34971851 0.25784404 0.19986587 0.17828144 0.01429014]
 [0.39325471 0.25329604 0.19656467 0.08611369 0.0707709 ]
 [0.30196592 0.23487844 0.20925393 0.19941069 0.05449101]]"
22,"[[0.41878872 0.25191992 0.21796137 0.07881504 0.03251494]
 [0.26537985 0.25793229 0.23735299 0.21361231 0.02572257]
 [0.38974607 0.23246532 0.22438331 0.14409467 0.00931062]
 [0.32200931 0.26774617 0.22882605 0.16641737 0.01500111]
 [0.30411835 0.30018488 0.29171113 0.05798185 0.0460038 ]]"
23,"[[0.5266692  0.19766535 0.13011281 0.0742174  0.07133524]
 [0.31736388 0.24721291 0.18040309 0.17531749 0.07970264]
 [0.32276231 0.22918779 0.17861813 0.13819136 0.13124041]
 [0.24722688 0.24254009 0.22770492 0.17959895 0.10292916]
 [0.41007968 0.33914339 0.17859986 0.04561001 0.02656707]]"
24,"[[0.28110909 0.26369886 0.22826952 0.20088018 0.02604235]
 [0.41217658 0.39404151 0.15195713 0.03936477 0.00246001]
 [0.49379193 0.26389636 0.12168317 0.09975679 0.02087175]
 [0.40666026 0.30098398 0.13166008 0.11923985 0.04145583]
 [0.38446765 0.31243639 0.19437315 0.0759267  0.03279611]]"
25,"[[0.24967435 0.24554045 0.18678587 0.17303025 0.14496908]
 [0.32093856 0.30675602 0.2549741  0.09424986 0.02308146]
 [0.28344785 0.2589684  0.22795797 0.11797495 0.11165083]
 [0.37891047 0.34072061 0.14051581 0.09213878 0.04771433]
 [0.2648111  0.26036867 0.21524995 0.13279192 0.12677836]]"
26,"[[0.35259153 0.23701249 0.22253201 0.11110808 0.0767559 ]
 [0.32384087 0.2318842  0.22590928 0.11522187 0.10314378]
 [0.38993843 0.29698755 0.29599309 0.01597093 0.00111   ]
 [0.24686829 0.20657876 0.19912076 0.18068261 0.16674958]
 [0.36215511 0.29766372 0.19822841 0.10769764 0.03425512]]"
27,"[[0.46120544 0.23593382 0.21299225 0.07811714 0.01175134]
 [0.36769403 0.31599853 0.17826821 0.12159698 0.01644224]
 [0.31744009 0.3097915  0.25286887 0.0794519  0.04044764]
 [0.2551495  0.21715395 0.21200676 0.20752943 0.10816036]
 [0.36867665 0.31101118 0.23817859 0.06299219 0.01914138]]"
28,"[[0.56084832 0.21819697 0.09904987 0.08426045 0.03764438]
 [0.30289126 0.22840229 0.19900296 0.15434839 0.1153551 ]
 [0.26952586 0.2248161  0.21756702 0.18549191 0.10259911]
 [0.33463241 0.26454754 0.21120895 0.17589453 0.01371657]
 [0.4160168  0.26711267 0.25353275 0.03276178 0.03057601]]"
29,"[[0.31461747 0.30333413 0.24352319 0.0889672  0.04955801]
 [0.36648526 0.34521621 0.11673254 0.09774522 0.07382077]
 [0.52320248 0.4053688  0.03441681 0.02566662 0.0113453 ]
 [0.36098066 0.31212562 0.26486486 0.05568426 0.00634461]
 [0.34698027 0.31521172 0.16674776 0.11012031 0.06093994]]"
30,"[[0.38436875 0.23220513 0.18752313 0.16943107 0.02647193]
 [0.36025792 0.24013746 0.19853439 0.14456592 0.05650431]
 [0.33539369 0.47534034 0.14048844 0.03024331 0.01853422]
 [0.67832179 0.16052591 0.12571548 0.01817062 0.0172662 ]
 [0.42407521 0.2172085  0.21025779 0.093847   0.05461149]]"
31,"[[0.39407841 0.38173825 0.16277026 0.03074861 0.03066446]
 [0.39130539 0.27409997 0.2295791  0.05309537 0.05192017]
 [0.30671893 0.28439918 0.25729083 0.08900407 0.06258699]
 [0.33283489 0.33271135 0.20275888 0.08899592 0.04269897]
 [0.48922984 0.25478429 0.21852827 0.0301043  0.00735329]]"
32,"[[0.38281663 0.22040198 0.14920356 0.13352203 0.1140558 ]
 [0.56914569 0.24564755 0.11062154 0.04139582 0.03318941]
 [0.37669768 0.29577309 0.15105853 0.11770006 0.05877064]
 [0.33887895 0.26758095 0.24566082 0.13581722 0.01206207]
 [0.38422357 0.35661936 0.12520128 0.08211463 0.05184116]]"
33,"[[0.36002484 0.31509755 0.20314555 0.07932466 0.04240739]
 [0.42945114 0.20412721 0.17986053 0.15423465 0.03232646]
 [0.31716908 0.29493917 0.22914222 0.09052453 0.068225  ]
 [0.2736918  0.23179265 0.18336131 0.17841145 0.13274279]
 [0.35182541 0.3280897  0.24588701 0.03837015 0.03582774]]"
34,"[[0.42854136 0.23898231 0.23456133 0.09683578 0.00107922]
 [0.39168281 0.27013386 0.26415115 0.06317707 0.01085511]
 [0.31613817 0.25456427 0.24684193 0.11815183 0.0643038 ]
 [0.37732358 0.28641592 0.24871439 0.07194043 0.01560568]
 [0.2877118  0.27658435 0.17467201 0.15419132 0.10684052]]"
35,"[[0.34055378 0.28506465 0.19830352 0.14351829 0.03255976]
 [0.37323846 0.27703591 0.22137033 0.10750609 0.0208492 ]
 [0.65702342 0.14457843 0.10690437 0.04630339 0.0451904 ]
 [0.28781853 0.26640328 0.22655085 0.11703931 0.10218803]
 [0.53018516 0.22050454 0.16852394 0.07430766 0.00647869]]"
36,"[[0.27503053 0.24395932 0.20006629 0.19815768 0.08278618]
 [0.37813731 0.24449592 0.23993033 0.12056357 0.01687287]
 [0.30361067 0.27809223 0.25517681 0.09468055 0.06843973]
 [0.60632478 0.1544354  0.13428978 0.06889862 0.03605142]
 [0.29122177 0.25196045 0.21015055 0.18303757 0.06362966]]"
37,"[[0.42627445 0.24581197 0.14890134 0.09635717 0.08265506]
 [0.29886076 0.25788378 0.19906878 0.17056553 0.07362116]
 [0.3396414  0.33617966 0.24118112 0.02369586 0.05930196]
 [0.37016587 0.25573373 0.21265578 0.09753856 0.06390607]
 [0.32282431 0.2312818  0.23103219 0.10946542 0.10539627]]"
38,"[[0.43956391 0.30966929 0.18547436 0.06309242 0.00220001]
 [0.31141356 0.24559409 0.17387297 0.16430716 0.10481222]
 [0.30489268 0.21638209 0.20437895 0.15233352 0.12201278]
 [0.32151728 0.25307397 0.19619115 0.13173595 0.09748165]
 [0.28436448 0.26934137 0.22098348 0.17318245 0.05212822]]"
39,"[[0.34078385 0.29928028 0.19894529 0.13715523 0.02383536]
 [0.50834417 0.2341627  0.13710044 0.0971197  0.02327299]
 [0.30166631 0.29972068 0.27386835 0.1235821  0.00116256]
 [0.40266419 0.35018661 0.09082326 0.08508678 0.07123916]
 [0.37060893 0.21967991 0.18347837 0.13024062 0.09599217]]"
40,"[[0.24677222 0.22789102 0.21982598 0.16634319 0.13916759]
 [0.4538314  0.24075451 0.1692954  0.06968684 0.06643185]
 [0.32937373 0.32145684 0.23721637 0.10441378 0.00753927]
 [0.49702039 0.22510485 0.20407673 0.0567963  0.01700173]
 [0.38812432 0.31417347 0.19272361 0.07884005 0.02613855]]"
41,"[[0.22232634 0.21281626 0.1950422  0.18840861 0.18140658]
 [0.36124485 0.325094   0.1579074  0.13318561 0.02256815]
 [0.30495673 0.27008478 0.18422295 0.17683688 0.06389867]
 [0.2619365  0.25567485 0.1796764  0.17165844 0.1310538 ]
 [0.34190873 0.19867189 0.18737386 0.15882878 0.11321673]]"
42,"[[0.29652819 0.28604552 0.09726234 0.24888624 0.07127772]
 [0.53938574 0.22616857 0.17338797 0.04547468 0.01558303]
 [0.32890063 0.27172524 0.20002132 0.13620343 0.06314938]
 [0.33320634 0.28201938 0.27507768 0.09620585 0.01349076]
 [0.26946409 0.24941935 0.2290501  0.15822989 0.09383657]]"
43,"[[0.23464114 0.20101591 0.1992127  0.19453242 0.17059783]
 [0.31464141 0.24354379 0.20532842 0.18587337 0.05061301]
 [0.40852103 0.28159132 0.19605565 0.06203246 0.05179954]
 [0.249813   0.21493906 0.19081954 0.17227328 0.17215513]
 [0.28189225 0.23785547 0.22911138 0.18242203 0.06871886]]"
44,"[[0.37007392 0.24185537 0.20265451 0.17469125 0.01072495]
 [0.28956592 0.26276922 0.25049955 0.12461584 0.07254946]
 [0.29734635 0.28788441 0.18721544 0.17383123 0.05372258]
 [0.37909503 0.27633446 0.23123615 0.05985025 0.05348411]
 [0.2599257  0.24421097 0.24065427 0.15745664 0.09775242]]"
45,"[[0.29525944 0.24282144 0.23755513 0.22281146 0.00155254]
 [0.48842916 0.37534668 0.13024796 0.00481006 0.00116614]
 [0.32421081 0.25162687 0.18777463 0.15539568 0.08099201]
 [0.37727996 0.2409934  0.20013569 0.13002686 0.05156408]
 [0.30167299 0.24621417 0.2213671  0.11603303 0.1147127 ]]"
46,"[[0.33371377 0.21643673 0.16079609 0.14879128 0.14026213]
 [0.34487167 0.21592108 0.18701036 0.17017872 0.08201817]
 [0.22138124 0.22064176 0.21713783 0.19119513 0.14964403]
 [0.28135083 0.20422809 0.17629141 0.16942408 0.16870559]
 [0.3268864  0.28615124 0.27498499 0.07558616 0.03639121]]"
47,"[[0.39097741 0.35123473 0.10258558 0.09783029 0.05737199]
 [0.33253966 0.29595164 0.26673724 0.08999775 0.01477371]
 [0.31605416 0.27161858 0.23371897 0.15664209 0.0219662 ]
 [0.31949691 0.30702358 0.26939676 0.05415063 0.04993212]
 [0.37277153 0.30777691 0.16412689 0.13394966 0.021375  ]]"
48,"[[0.35359587 0.27150339 0.20823104 0.11696373 0.04970597]
 [0.32684157 0.23854258 0.19949982 0.1975962  0.03751983]
 [0.39214337 0.26958574 0.23356363 0.08511499 0.01959227]
 [0.24283125 0.24119127 0.20430888 0.18494263 0.12672597]
 [0.25525794 0.23677529 0.22515118 0.1822786  0.10053699]]"
49,"[[0.58194728 0.17450237 0.14394543 0.06891716 0.03068776]
 [0.3542383  0.28591355 0.17586402 0.09964027 0.08434386]
 [0.51831792 0.17636263 0.1711081  0.12169191 0.01251944]
 [0.23625884 0.22997607 0.21654745 0.19103369 0.12618395]
 [0.27241419 0.22756274 0.21336397 0.18990818 0.09675091]]"
50,"[[0.26237673 0.24398251 0.21018607 0.14954512 0.13390957]
 [0.43796416 0.35517822 0.12009982 0.07368616 0.01307163]
 [0.37694696 0.29953704 0.18858893 0.0753188  0.05960827]
 [0.31729483 0.30488705 0.17555322 0.15839252 0.04387239]
 [0.36544087 0.20203939 0.17695159 0.12942629 0.12614187]]"
51,"[[0.40166158 0.2548351  0.25219908 0.07829437 0.01300988]
 [0.39002717 0.38337131 0.14405678 0.07636545 0.00617929]
 [0.31371809 0.27931484 0.19370816 0.13037229 0.08288662]
 [0.42831877 0.36715657 0.12061518 0.08278772 0.00112176]
 [0.37428431 0.3596156  0.14015299 0.06660466 0.05934244]]"
52,"[[0.39259665 0.33949732 0.15878546 0.10046059 0.00865999]
 [0.27824892 0.27639293 0.17864146 0.14620338 0.12051331]
 [0.38661542 0.21986899 0.17665885 0.1544115  0.06244524]
 [0.35172751 0.3127521  0.22750315 0.10325244 0.00476481]
 [0.324125   0.29478936 0.25187548 0.10689963 0.02231052]]"
53,"[[0.33809373 0.31868163 0.18626151 0.11623579 0.04072734]
 [0.29640442 0.29368972 0.28025722 0.10622117 0.02342747]
 [0.2965944  0.2956383  0.26294768 0.1218594  0.02296021]
 [0.34433544 0.36651116 0.14673228 0.09433471 0.0480864 ]
 [0.36264701 0.277212   0.22392482 0.13000788 0.0062083 ]]"
54,"[[3.38637868e-01 3.11571723e-01 2.83110097e-01 4.61887129e-02
  2.04915988e-02]
 [3.44023391e-01 3.16544411e-01 2.12913523e-01 9.14259808e-02
  3.50926931e-02]
 [3.79278561e-01 2.91526834e-01 2.05688504e-01 9.94576236e-02
  2.40484779e-02]
 [3.64715053e-01 3.43268377e-01 1.55456906e-01 1.36272508e-01
  2.87156382e-04]
 [3.49911311e-01 3.30934829e-01 1.70156857e-01 1.10039504e-01
  3.89574987e-02]]"
55,"[[0.34153882 0.32912964 0.18180247 0.09138074 0.05614833]
 [0.31539767 0.3060195  0.30529623 0.06360468 0.00968192]
 [0.34136037 0.2920596  0.17829944 0.11246841 0.07581219]
 [0.34398174 0.27902752 0.22052448 0.11741147 0.03905479]
 [0.38336289 0.23734439 0.20444773 0.11102824 0.06381676]]"
56,"[[0.27083121 0.22173432 0.19412337 0.18751505 0.12579605]
 [0.34058494 0.29899051 0.17731743 0.14317089 0.03993623]
 [0.30439217 0.29053456 0.18046522 0.17713785 0.0474702 ]
 [0.28329477 0.33693613 0.15935473 0.13770597 0.0827084 ]
 [0.36157939 0.35905859 0.2062611  0.04818803 0.02491289]]"
57,"[[0.24484886 0.21220416 0.20929681 0.20660336 0.1270468 ]
 [0.35443987 0.34798888 0.20101188 0.04959759 0.04696179]
 [0.29172993 0.27903712 0.19404837 0.18161951 0.05356507]
 [0.26760815 0.26643733 0.24941871 0.16627511 0.05026071]
 [0.37744486 0.27852102 0.18576773 0.12730814 0.03095825]]"
58,"[[0.44868663 0.29314717 0.15462415 0.0916461  0.01189595]
 [0.25538797 0.22191991 0.21945515 0.16702875 0.13620822]
 [0.38041021 0.33274618 0.21728995 0.05381201 0.01574165]
 [0.32996894 0.26785641 0.1637027  0.16219098 0.07628098]
 [0.39634096 0.3203356  0.1639974  0.08483733 0.03448872]]"
59,"[[0.47806042 0.24866497 0.16773577 0.06305965 0.04247919]
 [0.33850601 0.29754774 0.21125892 0.13739797 0.01528936]
 [0.43775131 0.20411116 0.1473769  0.14167744 0.06908319]
 [0.29100939 0.23012882 0.21332462 0.21017097 0.05536621]
 [0.27337892 0.21409534 0.20200916 0.1757614  0.13475518]]"
60,"[[0.28587834 0.25163523 0.20600852 0.19296601 0.0635119 ]
 [0.31241327 0.30467308 0.27624786 0.06510714 0.04155865]
 [0.31895286 0.28036243 0.19706761 0.17737575 0.02624136]
 [0.28375197 0.26190936 0.24668492 0.18572911 0.02192464]
 [0.46827749 0.28859581 0.18591427 0.0530981  0.00411434]]"
61,"[[0.30919406 0.24604666 0.19855959 0.15678775 0.08941194]
 [0.25684502 0.22921055 0.22119561 0.21614232 0.0766065 ]
 [0.32977951 0.32407704 0.22251009 0.07285699 0.05077636]
 [0.37917415 0.36191649 0.1172144  0.10961118 0.03208378]
 [0.47294786 0.22626917 0.14685087 0.12361737 0.03031473]]"
62,"[[0.38588749 0.37446324 0.15395827 0.06790962 0.01778137]
 [0.27762575 0.25447297 0.23681958 0.21481935 0.01626235]
 [0.33043113 0.31171789 0.14000115 0.13422559 0.08362423]
 [0.28873991 0.28367453 0.23013304 0.19026559 0.00718694]
 [0.31747741 0.23038196 0.22858876 0.13409876 0.08945311]]"
63,"[[2.30596486e-01 2.29273908e-01 2.26635576e-01 1.98373965e-01
  1.15120065e-01]
 [3.57688483e-01 2.96933593e-01 2.42446190e-01 6.66960075e-02
  3.62357266e-02]
 [4.32549068e-01 3.13176496e-01 2.45858771e-01 3.97961883e-04
  8.01770320e-03]
 [2.89405702e-01 2.86808202e-01 1.82639021e-01 1.73900752e-01
  6.72463234e-02]
 [2.85941293e-01 2.83417462e-01 2.31085326e-01 1.27343074e-01
  7.22128457e-02]]"
64,"[[0.2633536  0.2262491  0.21778504 0.194757   0.09785526]
 [0.35964947 0.32107268 0.18780597 0.07618916 0.05528272]
 [0.28092772 0.25226288 0.17814074 0.14484137 0.14382729]
 [0.63923842 0.17796395 0.12769362 0.05154949 0.00355452]
 [0.33965355 0.32269965 0.23041798 0.0814787  0.02575012]]"
65,"[[0.24092639 0.21034464 0.19959609 0.18510439 0.16402849]
 [0.32990205 0.23772612 0.20717291 0.17113778 0.05406114]
 [0.2946711  0.27746041 0.25830848 0.15047936 0.01908065]
 [0.57125576 0.28437016 0.09770823 0.03339849 0.01326736]
 [0.41001157 0.35505983 0.21200535 0.02103983 0.00188341]]"
66,"[[0.4046694  0.39481067 0.11949116 0.0643784  0.01665038]
 [0.40372545 0.23422807 0.22045436 0.12058634 0.02100578]
 [0.43179005 0.37207128 0.09235521 0.07099994 0.03278352]
 [0.45428483 0.36331806 0.07696437 0.05346234 0.05197041]
 [0.30667002 0.30195446 0.30174301 0.0691025  0.02053001]]"
67,"[[0.34620967 0.23199767 0.21577424 0.1626748  0.04334363]
 [0.27937441 0.26732592 0.20120126 0.19373671 0.0583617 ]
 [0.4016547  0.25338722 0.15302252 0.11437201 0.07756356]
 [0.31980125 0.3093986  0.2174245  0.14658982 0.00678584]
 [0.35688231 0.29686247 0.17615084 0.11273911 0.05736527]]"
68,"[[0.29510666 0.28349623 0.22294617 0.19281804 0.0056329 ]
 [0.25142833 0.24007761 0.23584279 0.23192622 0.04072505]
 [0.30335157 0.29945944 0.25120276 0.12067775 0.02530847]
 [0.34464901 0.2870623  0.20972847 0.08055762 0.07800259]
 [0.37034914 0.35053963 0.18068557 0.09044943 0.00797624]]"
69,"[[0.23354965 0.21628807 0.19813079 0.18097349 0.17105799]
 [0.34304581 0.3265227  0.20426836 0.11588728 0.01027585]
 [0.34006249 0.3179064  0.22836696 0.06640442 0.04725974]
 [0.3441285  0.27265131 0.13849625 0.12992271 0.11480123]
 [0.39498945 0.25977696 0.24540157 0.09056881 0.00926321]]"
70,"[[0.2831309  0.25594713 0.17324807 0.16470258 0.12297131]
 [0.3395084  0.26068822 0.15242457 0.13292092 0.1144579 ]
 [0.44070155 0.26295767 0.14708723 0.11861432 0.03063922]
 [0.34668057 0.21306462 0.18563018 0.16636891 0.08825572]
 [0.25683246 0.25358453 0.24531561 0.17787013 0.06639726]]"
71,"[[0.31164224 0.28409843 0.19377006 0.19229045 0.01819882]
 [0.40126028 0.34370587 0.13588088 0.06544977 0.0537032 ]
 [0.32893118 0.32636196 0.15554711 0.11515485 0.0740049 ]
 [0.27386155 0.22559702 0.19855642 0.17593699 0.12604803]
 [0.26574381 0.21756086 0.20119998 0.19454425 0.1209511 ]]"
72,"[[0.27268336 0.20379475 0.1971138  0.17036567 0.15604242]
 [0.27769216 0.25834934 0.19670316 0.17023781 0.09701753]
 [0.37878516 0.28380526 0.14678411 0.10439793 0.08622753]
 [0.34877794 0.31961925 0.29948379 0.0279828  0.00413621]
 [0.37302294 0.36105902 0.1601108  0.0962427  0.00956454]]"
73,"[[0.29331783 0.28460533 0.27309183 0.12843147 0.02055355]
 [0.29943441 0.26629394 0.16199928 0.13778487 0.1344875 ]
 [0.38708584 0.24538531 0.22709439 0.13374928 0.00668518]
 [0.31530773 0.30861198 0.15120199 0.116041   0.10883731]
 [0.37670309 0.34656741 0.13312444 0.09729677 0.04630829]]"
74,"[[0.38790319 0.31723952 0.144517   0.07623723 0.07410306]
 [0.32454115 0.22364778 0.21881152 0.17917092 0.05382863]
 [0.2568182  0.23279108 0.22846359 0.17094076 0.11098638]
 [0.47402911 0.19122494 0.1882383  0.08870037 0.05780729]
 [0.31256357 0.30305347 0.21145237 0.14428994 0.02864065]]"
75,"[[0.31535346 0.25349152 0.24293383 0.09613353 0.09208767]
 [0.27626535 0.26904088 0.22851875 0.11545906 0.11071597]
 [0.27197407 0.26169643 0.18579066 0.18300619 0.09753265]
 [0.28339427 0.28316677 0.20047906 0.15388429 0.07907561]
 [0.39944768 0.35689603 0.12315909 0.08324826 0.03724893]]"
76,"[[0.50160863 0.26663926 0.14124838 0.08320784 0.00729589]
 [0.39726386 0.28618115 0.18517316 0.08561949 0.04576233]
 [0.29212266 0.29170298 0.21856145 0.17520695 0.02240596]
 [0.27105146 0.22346234 0.19572237 0.18986622 0.11989761]
 [0.27625071 0.22981951 0.18084809 0.15669454 0.15638714]]"
77,"[[0.24576347 0.23327131 0.19452727 0.18429361 0.14214434]
 [0.26696452 0.26279855 0.26206644 0.1926285  0.01554199]
 [0.38140345 0.35247379 0.17232118 0.05439838 0.0394032 ]
 [0.39790796 0.18999814 0.1769006  0.13508965 0.10010365]
 [0.25872311 0.22644397 0.21082975 0.19602432 0.10797885]]"
78,"[[0.29727584 0.25900184 0.2233492  0.15520972 0.0651634 ]
 [0.30096878 0.27548604 0.26077712 0.15925924 0.00350883]
 [0.30700322 0.27972457 0.18617978 0.12722611 0.09986633]
 [0.26661103 0.2272143  0.20606264 0.20390434 0.09620769]
 [0.32872304 0.28154641 0.18075518 0.16788086 0.04109452]]"
79,"[[0.37276181 0.33024188 0.26002674 0.03399206 0.00297751]
 [0.27555561 0.25384373 0.2504599  0.16704966 0.0530911 ]
 [0.30552633 0.25484949 0.22114864 0.15193659 0.06653895]
 [0.30564512 0.28717428 0.17486062 0.16545378 0.0668662 ]
 [0.30253299 0.3020234  0.29713929 0.06092052 0.0373838 ]]"
80,"[[0.29997309 0.26593704 0.26538306 0.15167287 0.01703394]
 [0.39010661 0.36067234 0.18617007 0.05373451 0.00931648]
 [0.36776387 0.24622209 0.2061956  0.14780487 0.03201358]
 [0.27540215 0.25945035 0.2115099  0.17048528 0.08315233]
 [0.24241142 0.35139874 0.20611663 0.15298487 0.04708833]]"
81,"[[0.43881313 0.28753948 0.11295036 0.08943332 0.07126372]
 [0.43122733 0.37129497 0.14633196 0.0320797  0.01906605]
 [0.32403738 0.27974883 0.19929233 0.15177485 0.04514661]
 [0.23992171 0.21356641 0.19648574 0.19288117 0.15714497]
 [0.31506292 0.25686679 0.17090033 0.15007928 0.10709068]]"
82,"[[0.2787463  0.25705066 0.24917302 0.14063704 0.07439298]
 [0.37210437 0.36236318 0.1209606  0.09320797 0.05136389]
 [0.40880772 0.25877433 0.17612737 0.14240262 0.01388795]
 [0.2785847  0.25418661 0.17177638 0.15734609 0.13810622]
 [0.42945052 0.27601152 0.12835744 0.08357741 0.0826031 ]]"
83,"[[0.34711669 0.27490563 0.13767363 0.12744171 0.11286234]
 [0.30693439 0.29837493 0.23287694 0.10612908 0.05568465]
 [0.41143539 0.20600768 0.18859986 0.12865219 0.06530488]
 [0.27795648 0.24133527 0.22611582 0.202723   0.05186944]
 [0.47386028 0.33547243 0.14380413 0.03559908 0.01126407]]"
84,"[[0.43660592 0.24734991 0.18360822 0.10166572 0.03077023]
 [0.4926213  0.27909283 0.17915819 0.04600624 0.00312145]
 [0.31719695 0.27552259 0.25889973 0.10295524 0.0454255 ]
 [0.35932872 0.28037738 0.21433417 0.08324032 0.06271941]
 [0.38881981 0.2714985  0.11861209 0.11720357 0.10386603]]"
85,"[[0.35649297 0.27190741 0.14799078 0.13913399 0.08447486]
 [0.29790117 0.28900155 0.17061278 0.14912674 0.09335777]
 [0.35354135 0.26219872 0.22840178 0.1540235  0.00183465]
 [0.23371432 0.23024701 0.22574684 0.17894467 0.13134716]
 [0.26978197 0.2509535  0.21355192 0.19208459 0.07362802]]"
86,"[[0.40980458 0.24357085 0.21387669 0.10653535 0.02621252]
 [0.36330803 0.26352549 0.19446058 0.10840877 0.07029712]
 [0.30504811 0.24970981 0.22794681 0.17224645 0.04504881]
 [0.3008427  0.29184582 0.24493455 0.12013524 0.0422417 ]
 [0.29708818 0.28299716 0.27025927 0.12088104 0.02877434]]"
87,"[[0.27761197 0.25737555 0.22209003 0.17907082 0.06385162]
 [0.27791136 0.27638246 0.24892067 0.1907797  0.00600581]
 [0.36294173 0.30453254 0.17481187 0.0824515  0.07526236]
 [0.3164344  0.23647317 0.22112262 0.22042574 0.00554406]
 [0.31428224 0.29018063 0.23967309 0.09926439 0.05659964]]"
88,"[[0.34799239 0.32750314 0.1644008  0.12519514 0.03490852]
 [0.31862103 0.3148095  0.18220544 0.09988005 0.08448398]
 [0.33148174 0.30496276 0.15532332 0.10629979 0.10193238]
 [0.37429379 0.28282521 0.20956658 0.12549174 0.00782269]
 [0.2751717  0.26799918 0.21454878 0.18858353 0.05369681]]"
89,"[[0.34607272 0.3339016  0.15542714 0.10238534 0.06221319]
 [0.29217789 0.28873497 0.13800953 0.20086025 0.08021735]
 [0.41085487 0.22069955 0.15593609 0.13960858 0.0729009 ]
 [0.31576919 0.28864855 0.27668791 0.07675076 0.04214359]
 [0.49856312 0.31183669 0.15452719 0.02891482 0.00615817]]"
90,"[[0.2935772  0.19626543 0.19144394 0.18311769 0.13559574]
 [0.21181139 0.2087035  0.20514993 0.20034709 0.17398809]
 [0.29847671 0.2928003  0.21548476 0.11166019 0.08157805]
 [0.28758462 0.26061249 0.19682001 0.14822257 0.10676031]
 [0.28452272 0.27094485 0.23897048 0.18186573 0.02369621]]"
91,"[[0.34400215 0.33669428 0.11345399 0.10359679 0.10225278]
 [0.26038191 0.25791263 0.24172962 0.1218706  0.11810525]
 [0.45015156 0.27188848 0.12235903 0.079507   0.07609393]
 [0.41587885 0.36858891 0.11522598 0.05992843 0.04037782]
 [0.33249958 0.32956849 0.17364013 0.10577643 0.05851538]]"
92,"[[0.31413229 0.29172822 0.28082712 0.10009145 0.01322093]
 [0.32970472 0.27746529 0.27276761 0.07101625 0.04904612]
 [0.31428962 0.29754164 0.27840702 0.0909999  0.01876181]
 [0.45010897 0.18283525 0.17828352 0.09992203 0.08885023]
 [0.31064324 0.24469432 0.21917042 0.17975498 0.04573704]]"
93,"[[0.25462768 0.24834898 0.21778526 0.19678054 0.08245754]
 [0.3811287  0.31131553 0.2252141  0.04372611 0.03861555]
 [0.3358489  0.26987675 0.24282383 0.08576987 0.06568065]
 [0.55395112 0.2912774  0.08580481 0.05291889 0.01604778]
 [0.34854462 0.2535386  0.22176133 0.13248655 0.0436689 ]]"
94,"[[0.29628    0.22915594 0.22577875 0.16843452 0.08035079]
 [0.3284895  0.27850942 0.22107072 0.09221226 0.07971809]
 [0.3020015  0.27868458 0.20938279 0.11068852 0.09924262]
 [0.36806468 0.32821251 0.18476381 0.06675673 0.05220227]
 [0.31315125 0.23855358 0.18780144 0.13469203 0.1258017 ]]"
95,"[[0.26948765 0.2634115  0.21935935 0.14853099 0.0992105 ]
 [0.24729054 0.24579234 0.22173337 0.1617197  0.12346405]
 [0.39959017 0.31219245 0.2497116  0.02754597 0.01095982]
 [0.37610468 0.32550238 0.21721578 0.04920008 0.03197708]
 [0.42311817 0.31480882 0.16134556 0.0906897  0.01003776]]"
96,"[[0.34947341 0.33032599 0.15589797 0.15097187 0.01333075]
 [0.26915143 0.25811891 0.21387803 0.20803005 0.05082158]
 [0.55191607 0.15423892 0.11367091 0.10254196 0.07763214]
 [0.33223691 0.32131197 0.17808689 0.11170346 0.05666077]
 [0.28880179 0.27318503 0.23039403 0.17249816 0.03512099]]"
97,"[[0.35682247 0.31022291 0.29499584 0.03471564 0.00324314]
 [0.28624154 0.27765086 0.18951151 0.12915679 0.1174393 ]
 [0.25171199 0.23477041 0.2288892  0.1761061  0.10852231]
 [0.37788296 0.35678756 0.11667588 0.09280301 0.05585059]
 [0.48810903 0.32733422 0.10992877 0.07121458 0.00341341]]"
98,"[[0.30192736 0.23251687 0.22548568 0.17322508 0.06684502]
 [0.42973929 0.3390942  0.17034463 0.04751047 0.01331141]
 [0.24518139 0.24212028 0.20133601 0.19843333 0.11292899]
 [0.40272667 0.28051744 0.15384124 0.08594816 0.07696648]
 [0.25154753 0.2372312  0.21763897 0.16708115 0.12650114]]"
99,"[[0.36636296 0.29600181 0.17740055 0.12751411 0.03272057]
 [0.33678981 0.29531315 0.15896493 0.12419636 0.08473574]
 [0.34686278 0.32628679 0.16977604 0.12184012 0.03523427]
 [0.33473559 0.28299205 0.2147447  0.15800472 0.00952294]
 [0.3823114  0.29690564 0.13636903 0.11715093 0.067263  ]]"
100,"[[0.30042976 0.2647759  0.20636101 0.1913035  0.03712984]
 [0.3795336  0.36130944 0.24867088 0.00805355 0.00243253]
 [0.35964116 0.27065591 0.20531977 0.09258578 0.07179738]
 [0.33631204 0.25291966 0.22655788 0.17638526 0.00782516]
 [0.56501685 0.19849217 0.12236308 0.09473255 0.01939536]]"
101,"[[0.17191785 0.15263937 0.13132183 0.11774789 0.11524884 0.0960833
  0.07092619 0.05557945 0.05194832 0.03658696]
 [0.14833458 0.14506442 0.14304643 0.12973207 0.09943319 0.09939363
  0.08919646 0.07693478 0.0670827  0.00178174]
 [0.15854392 0.13663603 0.13105111 0.1308896  0.11549851 0.08788276
  0.0773379  0.07262311 0.05841423 0.03112284]
 [0.2166403  0.18938841 0.13565439 0.11836355 0.07908439 0.06679107
  0.06254493 0.05852953 0.04973007 0.02327337]
 [0.19873967 0.17767539 0.16837398 0.0993949  0.09901912 0.0785309
  0.06346299 0.05725244 0.03926608 0.01828454]
 [0.16905327 0.14641721 0.13257157 0.11409495 0.10710529 0.10475852
  0.1001754  0.07470756 0.05019308 0.00092314]
 [0.1687231  0.16461087 0.12924379 0.12256687 0.12800405 0.11197257
  0.06654341 0.04235792 0.0374309  0.02854651]
 [0.1895139  0.1743693  0.16398993 0.12312763 0.10492442 0.08426858
  0.06889866 0.04429435 0.00635273 0.0402605 ]
 [0.2223473  0.19851841 0.16828032 0.14077365 0.09576233 0.06133623
  0.04747663 0.03354284 0.0252104  0.00675189]
 [0.2041181  0.1683753  0.14887746 0.14879381 0.1383834  0.09301947
  0.02960084 0.02954071 0.02599983 0.01329108]]"
102,"[[0.1959488  0.1553     0.13760514 0.09761621 0.10885926 0.09431627
  0.08589026 0.08083064 0.04199532 0.00163809]
 [0.1974626  0.17593061 0.16513148 0.14760724 0.12374286 0.06471107
  0.05606811 0.03764106 0.02207994 0.00962503]
 [0.16476853 0.16372867 0.14879572 0.13637355 0.11514279 0.10887627
  0.06694966 0.03806274 0.03604285 0.02125922]
 [0.22687616 0.21264411 0.15790793 0.14222072 0.10187316 0.06257435
  0.04653314 0.0228135  0.01522516 0.01133177]
 [0.16124644 0.15891946 0.13875732 0.13864102 0.11762819 0.11263305
  0.10708064 0.0254457  0.02417649 0.0154717 ]
 [0.27023684 0.16604071 0.1548242  0.11651136 0.09518469 0.08786548
  0.03624917 0.035371   0.02953442 0.00818213]
 [0.17184784 0.14706679 0.12866066 0.11478694 0.10478072 0.09798644
  0.09028762 0.0697149  0.05741912 0.01744897]
 [0.20984498 0.2076945  0.1738676  0.13863128 0.09925593 0.09626966
  0.04021771 0.02222495 0.00702011 0.00497328]
 [0.1869506  0.1567453  0.15530338 0.1114034  0.11089034 0.09179348
  0.07601854 0.0513948  0.05106527 0.00843489]
 [0.18258387 0.13345147 0.12930407 0.12845262 0.10718266 0.08628643
  0.07577332 0.07146485 0.04617153 0.03932918]]"
103,"[[0.16965638 0.15724492 0.13398753 0.12971298 0.11127654 0.08411389
  0.0697415  0.05757394 0.05727788 0.02941445]
 [0.23231364 0.20721847 0.16390414 0.09130455 0.08949337 0.07829959
  0.04368859 0.04130594 0.03852737 0.01394433]
 [0.19841376 0.17299842 0.10022862 0.09584475 0.0882005  0.08790967
  0.08687944 0.06040768 0.07409578 0.0350214 ]
 [0.34787633 0.20825734 0.12924682 0.10718356 0.04719882 0.04580839
  0.03918339 0.02886125 0.02460356 0.02178054]
 [0.19036363 0.17247757 0.15658172 0.15399597 0.1329752  0.07322467
  0.04774363 0.02955143 0.02406664 0.01901955]
 [0.15073088 0.14136913 0.13091279 0.13007357 0.09878118 0.09445135
  0.08311373 0.06507372 0.06334659 0.04214706]
 [0.20437405 0.17193899 0.16028787 0.14922088 0.08986791 0.06813767
  0.06226251 0.04940878 0.0421264  0.00237494]
 [0.20692617 0.19259078 0.1236991  0.11542773 0.10290168 0.09912607
  0.06961737 0.03893734 0.03442959 0.01634416]
 [0.17709236 0.16744508 0.16602653 0.10976498 0.09223457 0.08199123
  0.06365699 0.06200325 0.0490066  0.03077842]
 [0.15658377 0.14917567 0.13343748 0.11188322 0.09993882 0.08816642
  0.08034033 0.0762355  0.05705826 0.04718052]]"
104,"[[0.21706111 0.1972144  0.13420835 0.12573399 0.1131706  0.09021369
  0.05157521 0.04153539 0.02559257 0.0036947 ]
 [0.17175364 0.17119889 0.17046879 0.09955552 0.09228287 0.08848823
  0.08038025 0.04295403 0.04280363 0.04011414]
 [0.1765604  0.16796989 0.16236089 0.14112062 0.13670218 0.08189939
  0.07228002 0.02979072 0.02343372 0.00788219]
 [0.18903255 0.1673986  0.16578438 0.15193699 0.1428239  0.05322274
  0.04710901 0.04598559 0.02398613 0.01272013]
 [0.19565308 0.16245891 0.1509584  0.13524132 0.12003575 0.10309478
  0.04390454 0.03806332 0.03234649 0.0182434 ]
 [0.15295962 0.13120074 0.13070241 0.13029297 0.12493841 0.10367052
  0.09734059 0.09217459 0.03306312 0.00365703]
 [0.20084631 0.17830372 0.15019155 0.14640816 0.13675114 0.07536629
  0.06986865 0.02747295 0.00885653 0.0059347 ]
 [0.23568866 0.21860667 0.1333471  0.09732912 0.08949298 0.06464491
  0.04997843 0.04363983 0.040982   0.02629029]
 [0.19838305 0.16839704 0.15339375 0.12486664 0.11602838 0.0974134
  0.07407226 0.03922179 0.02603552 0.00218817]
 [0.18821301 0.18530652 0.16589943 0.15785505 0.09644424 0.08611797
  0.07439373 0.02434259 0.01161987 0.0098076 ]]"
105,"[[2.25513816e-01 2.12539439e-01 1.59250548e-01 1.32814045e-01
  8.85187006e-02 8.19267854e-02 6.70072113e-02 2.77578790e-02
  2.77693070e-03 1.89464482e-03]
 [1.73505459e-01 1.57185515e-01 1.26324952e-01 1.03969881e-01
  1.00186134e-01 1.02461096e-01 9.52850198e-02 7.54164816e-02
  4.62328623e-02 1.94326003e-02]
 [1.93799484e-01 1.63438308e-01 1.53690665e-01 1.30367651e-01
  9.86660178e-02 8.28848713e-02 5.71802878e-02 4.48832307e-02
  4.18093060e-02 3.32801786e-02]
 [2.46236032e-01 1.58663634e-01 1.23040224e-01 1.18773528e-01
  1.12524787e-01 1.01893620e-01 6.91133163e-02 4.57735192e-02
  2.37642687e-02 2.17071142e-04]
 [2.18213703e-01 1.82117232e-01 1.40020005e-01 1.30497551e-01
  1.15770046e-01 9.53801913e-02 4.32726674e-02 3.38768941e-02
  2.53678587e-02 1.54838512e-02]
 [1.83094951e-01 1.77042888e-01 1.36320490e-01 1.15403943e-01
  9.77759254e-02 9.59994718e-02 6.81992010e-02 6.63484040e-02
  3.61244676e-02 2.36902590e-02]
 [1.87892465e-01 1.65109446e-01 1.30463420e-01 1.11639426e-01
  9.16780824e-02 7.65632717e-02 7.22570555e-02 6.74146242e-02
  5.19541513e-02 4.50280586e-02]
 [2.13210349e-01 2.07253582e-01 1.88110525e-01 9.75921698e-02
  7.94411358e-02 6.34494867e-02 5.40496739e-02 4.40852666e-02
  3.09730162e-02 2.18347956e-02]
 [1.50889283e-01 1.46021488e-01 1.38587827e-01 1.31618583e-01
  1.26778989e-01 7.72252504e-02 7.69104260e-02 7.12551290e-02
  4.52143762e-02 3.54986480e-02]
 [1.84178728e-01 1.78493918e-01 1.42076980e-01 1.39228454e-01
  1.27287998e-01 9.82663357e-02 5.73297467e-02 3.69295701e-02
  3.21694946e-02 4.03877511e-03]]"
106,"[[1.43812346e-01 1.42706727e-01 1.39845355e-01 1.31465053e-01
  1.16353159e-01 1.08555963e-01 7.69029445e-02 6.51755103e-02
  3.87660252e-02 3.64169187e-02]
 [1.53494891e-01 1.52767682e-01 1.42879447e-01 1.21980442e-01
  1.19292768e-01 1.00637800e-01 9.93140340e-02 6.10109419e-02
  3.98938728e-02 8.72812116e-03]
 [1.60929113e-01 1.51050812e-01 1.47516536e-01 1.42375952e-01
  1.32833795e-01 7.58811481e-02 6.78299043e-02 5.85751623e-02
  3.58153213e-02 2.71922568e-02]
 [1.82587278e-01 1.59967491e-01 1.44373193e-01 1.30524424e-01
  1.04261789e-01 1.02138491e-01 6.36322599e-02 5.76921879e-02
  3.05650840e-02 2.42578024e-02]
 [1.94643237e-01 1.93549655e-01 1.75226411e-01 1.26587302e-01
  1.07864319e-01 7.57212700e-02 4.58891626e-02 3.51850067e-02
  3.42181741e-02 1.11154633e-02]
 [1.87387998e-01 1.65510720e-01 1.58061582e-01 1.08276687e-01
  1.07792832e-01 9.42349819e-02 5.81187363e-02 5.62698349e-02
  5.33095541e-02 1.10370737e-02]
 [1.83562666e-01 1.83352092e-01 1.75872479e-01 1.44113133e-01
  1.25968128e-01 7.88122544e-02 5.42501670e-02 3.51295474e-02
  1.89290487e-02 1.04836778e-05]
 [2.05890712e-01 1.90536571e-01 1.86314403e-01 1.70423562e-01
  1.26212650e-01 4.68716242e-02 3.76753328e-02 2.17422667e-02
  8.98906910e-03 5.34380986e-03]
 [2.50672233e-01 1.88039688e-01 1.56762935e-01 1.17191830e-01
  6.86745713e-02 6.45300586e-02 5.12519907e-02 3.81282589e-02
  3.63507517e-02 2.83976823e-02]
 [1.74895684e-01 1.73385810e-01 1.45417252e-01 9.27123474e-02
  9.21055960e-02 8.51910803e-02 8.34631532e-02 7.25740478e-02
  4.97221867e-02 3.05328433e-02]]"
107,"[[0.1883502  0.16555311 0.1538076  0.15217659 0.11004192 0.09609189
  0.06491477 0.03911045 0.02852398 0.00142951]
 [0.191143   0.1874292  0.14490345 0.14379771 0.08895082 0.08328762
  0.06710872 0.04200796 0.0368898  0.01448171]
 [0.18355129 0.16257039 0.12542156 0.1199055  0.1148214  0.07383626
  0.07256838 0.06320351 0.05797549 0.02614619]
 [0.21311006 0.17456679 0.15766406 0.11453408 0.10258446 0.07807411
  0.06260159 0.05173234 0.00586522 0.03926729]
 [0.21576425 0.15852906 0.1455569  0.11365841 0.11350666 0.09723591
  0.08381482 0.0600365  0.00670279 0.00519469]
 [0.24193389 0.20339249 0.11997202 0.10009634 0.09741387 0.093223
  0.08487999 0.03063423 0.02246841 0.00598575]
 [0.1647762  0.16150667 0.15857827 0.13617606 0.11397981 0.10917164
  0.1086997  0.03796917 0.00521585 0.00392662]
 [0.2742033  0.26550266 0.12834023 0.09109592 0.05480955 0.05297725
  0.04770334 0.04451392 0.03976399 0.00108983]
 [0.20928855 0.13463075 0.10548212 0.10204227 0.1019422  0.09392134
  0.0822246  0.0814034  0.06095496 0.02810981]
 [0.20467797 0.15206451 0.1433447  0.11469666 0.09976462 0.07866706
  0.06416857 0.06184535 0.04900893 0.03176162]]"
108,"[[0.18106543 0.17121032 0.14417339 0.13884167 0.12393829 0.11640926
  0.07567293 0.03674921 0.00890638 0.00303314]
 [0.20366445 0.15820641 0.13927738 0.13135618 0.09204629 0.07792451
  0.07463541 0.04775331 0.04364528 0.03149079]
 [0.13386281 0.13315591 0.12833948 0.10449962 0.11751924 0.09886532
  0.09402513 0.0741745  0.07161078 0.04394722]
 [0.15440045 0.14203853 0.14168987 0.12752887 0.11578151 0.09242034
  0.08347197 0.05246544 0.05033715 0.03986587]
 [0.21205312 0.18417246 0.16725296 0.10843945 0.0871629  0.07884406
  0.0600758  0.04876131 0.03870075 0.0145372 ]
 [0.16847663 0.13993308 0.12247958 0.10581241 0.1033536  0.0953359
  0.09345888 0.09035709 0.06242431 0.01836852]
 [0.20459736 0.20086316 0.17798918 0.1437916  0.08779502 0.07301843
  0.04475454 0.03453314 0.02290254 0.00975503]
 [0.14885389 0.14306985 0.13058207 0.12229365 0.11388931 0.1080531
  0.07792313 0.0620393  0.05484471 0.03845099]
 [0.26963799 0.20489108 0.16180082 0.13938012 0.08665694 0.04121457
  0.03904212 0.02809311 0.02030985 0.00897341]
 [0.19786858 0.17363452 0.15137233 0.12124117 0.10920207 0.09685415
