,0
1,"[[0.20151281 0.25699758 0.23985957 0.17678889 0.12484115]
 [0.33166382 0.0970485  0.10291294 0.33261345 0.1357613 ]
 [0.11220157 0.09435831 0.18205385 0.22390028 0.38748599]
 [0.24789944 0.24482638 0.22892356 0.12210321 0.15624741]
 [0.42041405 0.15291342 0.05376085 0.16946442 0.20344726]]"
2,"[[0.28727412 0.01558432 0.12027607 0.27548651 0.30137898]
 [0.42885513 0.12043517 0.1965686  0.0137813  0.24035979]
 [0.20485345 0.2726633  0.19341139 0.28345881 0.04561307]
 [0.17532292 0.09139352 0.50020686 0.07353971 0.15953698]
 [0.24012992 0.19506959 0.21340916 0.2144295  0.13696183]]"
3,"[[0.22277414 0.32289705 0.05507228 0.12192938 0.27732716]
 [0.31638282 0.19208142 0.1617613  0.31970869 0.01006577]
 [0.40952139 0.25299555 0.13999411 0.10637083 0.09111812]
 [0.1913251  0.21165648 0.29778259 0.06965487 0.22958096]
 [0.21532687 0.14159882 0.25827518 0.19457387 0.19022526]]"
4,"[[0.30340882 0.21301916 0.20172289 0.02002293 0.26182619]
 [0.10778079 0.33721811 0.14785826 0.22133998 0.18580285]
 [0.39601411 0.27744526 0.02767306 0.24770321 0.05116436]
 [0.2725897  0.35254541 0.00285426 0.31901251 0.05299812]
 [0.29469348 0.26260695 0.2795481  0.14108706 0.02206441]]"
5,"[[0.32426254 0.25272349 0.28560744 0.10098075 0.03642579]
 [0.05292923 0.26066296 0.04414472 0.24874093 0.39352216]
 [0.22047526 0.27647797 0.27949275 0.21552065 0.00803337]
 [0.40281772 0.12902743 0.30585466 0.0251945  0.13710569]
 [0.17756529 0.10702165 0.35006008 0.27280193 0.09255105]]"
6,"[[0.13820377 0.18983796 0.16508689 0.23841783 0.26845356]
 [0.49079879 0.3754032  0.04027882 0.03999533 0.05352387]
 [0.28083461 0.38816519 0.18487211 0.10908776 0.03704033]
 [0.2895975  0.03571874 0.32109794 0.10266217 0.25092364]
 [0.1862269  0.14928152 0.30887898 0.24618595 0.10942666]]"
7,"[[0.33121424 0.08141038 0.40022922 0.13055843 0.05658774]
 [0.0373822  0.31069788 0.22449849 0.24871961 0.17870183]
 [0.16422438 0.22185611 0.21753112 0.20816362 0.18822478]
 [0.36371504 0.04135537 0.27346271 0.03611066 0.28535623]
 [0.31451267 0.10807368 0.28277037 0.05001153 0.24463175]]"
8,"[[0.26807171 0.24372935 0.05014663 0.20146098 0.23659133]
 [0.37251294 0.23003258 0.03279781 0.18398037 0.1806763 ]
 [0.32156957 0.0815231  0.21144327 0.34908551 0.03637855]
 [0.18736474 0.12862059 0.18709332 0.30202022 0.19490114]
 [0.34759951 0.30616118 0.07079307 0.13935444 0.13609179]]"
9,"[[0.28408509 0.18308031 0.17946011 0.28100783 0.07236667]
 [0.26366611 0.25070399 0.21959395 0.10358864 0.16244731]
 [0.15399155 0.39804311 0.07336631 0.09265586 0.28194317]
 [0.02951375 0.32780272 0.20825457 0.14041037 0.29401858]
 [0.01037999 0.22252345 0.22118599 0.05615224 0.48975832]]"
10,"[[0.30031461 0.21550523 0.22609744 0.21815277 0.03992995]
 [0.25315411 0.12589886 0.22232586 0.19562838 0.20299279]
 [0.19640672 0.30602433 0.27856051 0.17673526 0.04227318]
 [0.2488078  0.15373368 0.17472977 0.21227157 0.21045718]
 [0.19255303 0.29723538 0.05141868 0.32935928 0.12943363]]"
11,"[[0.2627327  0.23764838 0.21241089 0.13958161 0.14762642]
 [0.26438118 0.21557438 0.12884214 0.19764608 0.19355623]
 [0.3591015  0.29833621 0.00619025 0.29832193 0.03805012]
 [0.34651452 0.14580069 0.12833945 0.25958611 0.11975924]
 [0.26543701 0.16990252 0.066513   0.22130089 0.27684659]]"
12,"[[0.18777388 0.2721124  0.18708321 0.10130702 0.25172349]
 [0.17225315 0.30152985 0.02368276 0.40734647 0.09518778]
 [0.22482229 0.24477955 0.1259236  0.20983302 0.19464155]
 [0.09958542 0.38774649 0.2454976  0.18786994 0.07930055]
 [0.35712131 0.12882131 0.07189411 0.42001728 0.02214599]]"
13,"[[0.32250334 0.21779384 0.18018502 0.21700045 0.06251735]
 [0.29015567 0.09956652 0.29917551 0.22253509 0.0885672 ]
 [0.07389988 0.20717797 0.27169435 0.16325768 0.28397012]
 [0.34283541 0.11779068 0.33018356 0.09443591 0.11475443]
 [0.18442146 0.26591721 0.383201   0.08523716 0.08122318]]"
14,"[[0.06366074 0.43063557 0.02365176 0.42211921 0.05993272]
 [0.24934395 0.22033117 0.142767   0.09733559 0.2902223 ]
 [0.27974818 0.12455272 0.10598314 0.02876068 0.46095527]
 [0.28236919 0.26403976 0.18303889 0.24858394 0.02196822]
 [0.26299846 0.17920873 0.00718101 0.47081107 0.07980073]]"
15,"[[0.31202334 0.25301831 0.23278624 0.04690579 0.15526632]
 [0.34289611 0.09518251 0.13971783 0.34256865 0.0796349 ]
 [0.1725129  0.35186001 0.21705951 0.12671809 0.1318495 ]
 [0.00368478 0.1785691  0.198546   0.30815649 0.31104364]
 [0.35661395 0.37662578 0.0455594  0.16049872 0.06070214]]"
16,"[[0.28676213 0.24624508 0.21899423 0.21971076 0.02828781]
 [0.28604474 0.1166342  0.3073864  0.02497038 0.26496428]
 [0.32517671 0.19969694 0.08842122 0.36391118 0.02279396]
 [0.18083077 0.2668457  0.08996144 0.18540902 0.27695307]
 [0.22553425 0.25823173 0.24081849 0.12209322 0.15332231]]"
17,"[[0.17459608 0.33599358 0.28937724 0.0072405  0.1927926 ]
 [0.16994121 0.3097535  0.05398871 0.30429052 0.16202606]
 [0.09924105 0.24208612 0.11593841 0.31219286 0.23054156]
 [0.03263573 0.36656599 0.28187915 0.19603099 0.12288815]
 [0.34488034 0.11302585 0.06574651 0.32489894 0.15144836]]"
18,"[[0.16156325 0.04038034 0.25928273 0.25520502 0.28356866]
 [0.2222581  0.25839146 0.22754772 0.07290598 0.21889674]
 [0.33106222 0.04560525 0.28816456 0.04606708 0.28910089]
 [0.42314091 0.28019089 0.17372643 0.11667476 0.00626702]
 [0.20997626 0.11930228 0.32718965 0.08496703 0.25856479]]"
19,"[[0.24198777 0.12231424 0.23408168 0.14388722 0.25772909]
 [0.20648177 0.23851172 0.04301749 0.0573362  0.45465282]
 [0.41721056 0.06276061 0.44520036 0.05332507 0.02150339]
 [0.32481168 0.1125571  0.25641836 0.11887761 0.18733526]
 [0.29876364 0.06436839 0.13381643 0.30299153 0.20006001]]"
20,"[[0.26706622 0.19747829 0.4295877  0.09795053 0.00791727]
 [0.1267991  0.07000276 0.28107847 0.27007704 0.25204263]
 [0.335639   0.16507691 0.32066107 0.17813775 0.00048527]
 [0.24435102 0.37818839 0.12249414 0.13676378 0.11820268]
 [0.17898206 0.20091838 0.16606039 0.24202631 0.21201286]]"
21,"[[0.26798677 0.35627549 0.03153953 0.25631625 0.08788197]
 [0.15044333 0.01389799 0.54291535 0.20266254 0.0900808 ]
 [0.40966698 0.13944058 0.01633481 0.33967968 0.09487795]
 [0.29536321 0.02414926 0.21872121 0.25491107 0.20685525]
 [0.09229692 0.04691003 0.28896301 0.38972029 0.18210975]]"
22,"[[0.21463714 0.21005261 0.19556195 0.19514209 0.1846062 ]
 [0.43968287 0.22349737 0.10500545 0.06745287 0.16436145]
 [0.05260568 0.29399148 0.1349994  0.30095821 0.21744524]
 [0.31583062 0.33484192 0.04487531 0.04507105 0.25938109]
 [0.07018507 0.09952638 0.45265437 0.37207231 0.00556186]]"
23,"[[0.03203843 0.09493808 0.44982905 0.24779837 0.17539606]
 [0.22398001 0.28177127 0.08236962 0.17053139 0.24134771]
 [0.21002981 0.35780543 0.29001675 0.03393038 0.10821764]
 [0.27188293 0.21700928 0.22110143 0.05124957 0.23875679]
 [0.25898332 0.27376778 0.3480396  0.09466445 0.02454486]]"
24,"[[0.28593968 0.01491959 0.31982796 0.27280152 0.10651126]
 [0.32638156 0.22088991 0.04675988 0.01979282 0.38617584]
 [0.36665194 0.09301873 0.13723576 0.21067189 0.19242168]
 [0.36661731 0.36568397 0.04840435 0.14087359 0.07842077]
 [0.18474888 0.19796546 0.12655921 0.39589086 0.09483558]]"
25,"[[0.04703749 0.27759891 0.19345022 0.30625007 0.17566331]
 [0.27195236 0.19450339 0.17143534 0.07974373 0.28236518]
 [0.301557   0.05747326 0.26826188 0.25297536 0.1197325 ]
 [0.18701183 0.24025696 0.23459994 0.24132659 0.09680468]
 [0.35829657 0.00508594 0.34094798 0.04413733 0.25153219]]"
26,"[[0.19918728 0.23984595 0.23372557 0.22952334 0.09771786]
 [0.23239732 0.21941061 0.11734612 0.23043479 0.20041115]
 [0.09167171 0.35876701 0.2452977  0.07822203 0.22604155]
 [0.11079597 0.18710283 0.2447467  0.24827395 0.20908056]
 [0.145347   0.24178288 0.22740461 0.22177546 0.16369005]]"
27,"[[0.21784938 0.22359055 0.19891131 0.27826482 0.08138393]
 [0.11115499 0.34785398 0.25095717 0.14498261 0.14505124]
 [0.23826578 0.24028686 0.18386297 0.18275663 0.15482777]
 [0.0673616  0.21456848 0.01708678 0.32831537 0.37266777]
 [0.26165973 0.14905982 0.05972688 0.25660849 0.27294509]]"
28,"[[0.3394668  0.47634959 0.08126142 0.05473457 0.04818761]
 [0.32583894 0.32556314 0.06267304 0.21044761 0.07547726]
 [0.3305464  0.24133907 0.09140611 0.01405355 0.32265487]
 [0.04089219 0.28892898 0.3827817  0.12711686 0.16028027]
 [0.23765851 0.43106559 0.16329817 0.1370086  0.03096913]]"
29,"[[0.30435942 0.35278092 0.19562646 0.00965005 0.13758315]
 [0.33898256 0.0835187  0.18144212 0.06282687 0.33322975]
 [0.02797195 0.25706195 0.01013433 0.4449213  0.25991047]
 [0.1094154  0.14109197 0.65971333 0.06161011 0.02816919]
 [0.01250268 0.07072213 0.32645726 0.3210687  0.26924924]]"
30,"[[0.22847365 0.07704398 0.30352016 0.06150595 0.32945626]
 [0.28230624 0.2192238  0.05918162 0.20699523 0.23229311]
 [0.37833091 0.09593646 0.22955014 0.05480145 0.24138104]
 [0.34684018 0.21381909 0.1218811  0.20686519 0.11059444]
 [0.22128456 0.29611365 0.12458134 0.18861694 0.16940351]]"
31,"[[0.11587767 0.30947404 0.23232773 0.13856124 0.20375931]
 [0.19652369 0.08901285 0.28912024 0.35342565 0.07191757]
 [0.44036925 0.11283221 0.36378058 0.02564507 0.05737289]
 [0.24761842 0.31360948 0.16495795 0.20785595 0.06595821]
 [0.20321322 0.15886676 0.22740776 0.38418233 0.02632993]]"
32,"[[0.29702857 0.23375895 0.01882643 0.25105166 0.19933439]
 [0.16166095 0.1393886  0.20667877 0.30767611 0.18459557]
 [0.30351381 0.22937877 0.09032188 0.2087492  0.16803634]
 [0.1403762  0.29467937 0.19124393 0.13124471 0.24245578]
 [0.1690641  0.28196891 0.16333632 0.22464549 0.16098518]]"
33,"[[0.43659611 0.29533715 0.13882487 0.08757863 0.04166324]
 [0.13349457 0.28029323 0.01975644 0.26849259 0.29796318]
 [0.23324611 0.04732012 0.44710584 0.01862866 0.25369927]
 [0.4107859  0.11918652 0.01286816 0.14981142 0.30734799]
 [0.19074357 0.13402518 0.29006024 0.0491933  0.33597771]]"
34,"[[0.33754099 0.19625405 0.10149502 0.29708535 0.06762459]
 [0.32433231 0.09806465 0.06870186 0.28251041 0.22639078]
 [0.16663493 0.09482553 0.21273429 0.28440127 0.24140399]
 [0.35388513 0.27068076 0.11243325 0.15215963 0.11084124]
 [0.33981477 0.21538574 0.14930991 0.16291514 0.13257444]]"
35,"[[0.26539761 0.19776767 0.33098088 0.13822328 0.06763057]
 [0.28177403 0.06138347 0.13286565 0.4972304  0.02674644]
 [0.11550564 0.332253   0.25450219 0.0420234  0.25571577]
 [0.22893764 0.55559423 0.03089956 0.05315007 0.1314185 ]
 [0.251785   0.25360754 0.02574054 0.22046931 0.24839762]]"
36,"[[4.78316349e-02 4.13287739e-01 3.17240745e-01 1.62238685e-01
  5.94011968e-02]
 [4.57288474e-02 2.29542444e-01 3.83293903e-01 1.31831302e-01
  2.09603503e-01]
 [3.55679414e-01 4.00087261e-01 1.47819406e-01 9.62852647e-02
  1.28654264e-04]
 [2.08063165e-01 1.79447547e-01 2.48753407e-01 1.71018949e-01
  1.92716932e-01]
 [1.55787564e-01 2.16925614e-01 3.08812206e-01 1.30119823e-01
  1.88354792e-01]]"
37,"[[0.35349047 0.15055715 0.07945745 0.19275747 0.22373746]
 [0.21811089 0.21211538 0.14805427 0.13386682 0.28785264]
 [0.32118374 0.10464237 0.137245   0.30504327 0.13188563]
 [0.11327304 0.28296714 0.15950643 0.22682793 0.21742546]
 [0.25507322 0.3837523  0.08572694 0.11145612 0.16399143]]"
38,"[[0.22086562 0.10597177 0.4043098  0.25816307 0.01068973]
 [0.30407409 0.1123234  0.15897819 0.28749856 0.13712576]
 [0.14272755 0.31181885 0.05623994 0.44149219 0.04772147]
 [0.37687072 0.3185331  0.00333975 0.29434985 0.00690658]
 [0.03770428 0.23198447 0.24017357 0.22670311 0.26343458]]"
39,"[[0.24039835 0.24867664 0.06570003 0.29182558 0.15339941]
 [0.18212013 0.13211002 0.43865735 0.16496381 0.08214869]
 [0.03141998 0.40337436 0.03275609 0.37393563 0.15851394]
 [0.19115845 0.26849722 0.15288936 0.18700533 0.20044964]
 [0.16759018 0.29864565 0.18414576 0.24803152 0.10158688]]"
40,"[[0.13536141 0.1030693  0.38300943 0.30323576 0.0753241 ]
 [0.42963725 0.25820539 0.02156154 0.25211319 0.03848263]
 [0.12667919 0.31732113 0.01730563 0.25771632 0.28097773]
 [0.28410021 0.04558548 0.31231293 0.2412837  0.11671768]
 [0.2561624  0.32005127 0.25796516 0.14922173 0.01659944]]"
41,"[[0.37685679 0.21725474 0.36868389 0.01086133 0.02634324]
 [0.32723835 0.28925673 0.0971528  0.06793655 0.21841557]
 [0.11754035 0.0279145  0.39596685 0.36585614 0.09272216]
 [0.11113864 0.18147861 0.10339199 0.06866615 0.53532461]
 [0.21513729 0.15925703 0.23682035 0.10262616 0.28615916]]"
42,"[[0.15576317 0.0135422  0.31645743 0.02729129 0.48694591]
 [0.15609044 0.42993608 0.0849286  0.04257788 0.286467  ]
 [0.1266997  0.10168417 0.23752305 0.11766934 0.41642375]
 [0.16473921 0.34763542 0.18424189 0.21338639 0.08999709]
 [0.14902085 0.28182624 0.1463636  0.12446989 0.29831941]]"
43,"[[0.26887905 0.27801105 0.02356131 0.23723998 0.1923086 ]
 [0.35239404 0.20294896 0.04866716 0.22223265 0.1737572 ]
 [0.30065935 0.27757628 0.1689602  0.13733975 0.11546442]
 [0.34625166 0.19357632 0.20016427 0.18343099 0.07657675]
 [0.17407275 0.24137793 0.02497972 0.30270526 0.25686433]]"
44,"[[0.19706892 0.22479081 0.20923953 0.21041938 0.15848136]
 [0.3267339  0.28894177 0.02531728 0.19628068 0.16272637]
 [0.2464269  0.31613046 0.07147567 0.1623927  0.20357427]
 [0.32666447 0.12304438 0.12186266 0.27794693 0.15048156]
 [0.05250588 0.23334048 0.33578002 0.03091844 0.34745518]]"
45,"[[0.3958127  0.08851116 0.09509566 0.40903944 0.01154104]
 [0.31491607 0.26773956 0.00748124 0.25157142 0.15829172]
 [0.23780642 0.29532472 0.20843992 0.09024632 0.16818262]
 [0.23374175 0.19968446 0.24778786 0.30267624 0.0161097 ]
 [0.11118165 0.25409964 0.03039044 0.32456571 0.27976255]]"
46,"[[0.07648009 0.29934946 0.28455056 0.04900455 0.29061534]
 [0.21138342 0.15008688 0.23985817 0.25529034 0.14338119]
 [0.10405781 0.33063625 0.1726841  0.09321687 0.29940497]
 [0.25394668 0.10371268 0.54023916 0.0545645  0.04753698]
 [0.30227014 0.13686449 0.18408288 0.14617173 0.23061076]]"
47,"[[0.26830648 0.22539493 0.00956691 0.14537987 0.35135181]
 [0.17235794 0.31948556 0.23527552 0.08765435 0.18522663]
 [0.19657032 0.31755484 0.16812932 0.23654444 0.08120108]
 [0.28831652 0.14209838 0.02290796 0.38832812 0.15834901]
 [0.20924462 0.15540315 0.39659996 0.14101987 0.0977324 ]]"
48,"[[0.20358786 0.30339262 0.13483252 0.29590511 0.06228189]
 [0.08961736 0.21626329 0.05502504 0.37918245 0.25991185]
 [0.21085344 0.38930148 0.20174732 0.18176542 0.01633235]
 [0.23833788 0.23422504 0.30408688 0.07329174 0.15005847]
 [0.36013005 0.07893523 0.44842133 0.09411996 0.01839343]]"
49,"[[0.15804277 0.1737136  0.44680199 0.1518954  0.06954623]
 [0.23669029 0.13209553 0.19892466 0.24263928 0.18965024]
 [0.06760129 0.32595603 0.29416819 0.11604587 0.19622863]
 [0.24481678 0.19796444 0.22037927 0.17061376 0.16622575]
 [0.26143978 0.20923195 0.22784813 0.06580184 0.2356783 ]]"
50,"[[0.30675182 0.26925411 0.28144842 0.04092041 0.10162523]
 [0.24197916 0.20415131 0.3574116  0.07948093 0.11697699]
 [0.26893556 0.20713102 0.16398508 0.10754544 0.25240289]
 [0.277876   0.22127644 0.18936673 0.01817872 0.29330212]
 [0.00219299 0.32293118 0.10530622 0.3119704  0.25759921]]"
51,"[[0.16803117 0.14254488 0.22868362 0.06789142 0.39284891]
 [0.19141143 0.36089762 0.18213265 0.14279532 0.12276297]
 [0.06558668 0.31529231 0.04200439 0.3047805  0.27233611]
 [0.23354959 0.18746579 0.02397579 0.27046398 0.28454485]
 [0.23655192 0.35102492 0.15925802 0.01121958 0.24194555]]"
52,"[[0.26163305 0.24514871 0.23909378 0.23174223 0.02238224]
 [0.27787503 0.24479813 0.10412234 0.25841678 0.11478773]
 [0.17129976 0.2272997  0.03465972 0.2546796  0.31206122]
 [0.18452761 0.19295151 0.18402154 0.38207594 0.0564234 ]
 [0.24714792 0.35369596 0.09677456 0.12256047 0.17982108]]"
53,"[[0.27970261 0.18071192 0.17044687 0.3427845  0.0263541 ]
 [0.42416724 0.01789742 0.12817841 0.17843462 0.25132231]
 [0.33349956 0.13609595 0.24826184 0.05233691 0.22980574]
 [0.07878518 0.26275842 0.156149   0.26749191 0.23481549]
 [0.21890035 0.06227582 0.29290677 0.17167103 0.25424604]]"
54,"[[0.07596317 0.37387504 0.22480745 0.18633284 0.1390215 ]
 [0.18876803 0.26088609 0.0591576  0.13607533 0.35511295]
 [0.36293427 0.29087993 0.02798426 0.08747786 0.23072368]
 [0.30910748 0.21527542 0.19285449 0.09666435 0.18609827]
 [0.24638303 0.22392927 0.25252623 0.20431822 0.07284326]]"
55,"[[0.2879479  0.34166975 0.20349772 0.15069765 0.01618697]
 [0.11447002 0.1976569  0.24125395 0.20452325 0.24209589]
 [0.19371236 0.16734822 0.2933106  0.24469742 0.1009314 ]
 [0.28347404 0.22997895 0.28770013 0.11276074 0.08608613]
 [0.25772646 0.06656844 0.27500903 0.24145218 0.1592439 ]]"
56,"[[0.07585702 0.04524286 0.33051455 0.29620002 0.25218554]
 [0.54599239 0.15747653 0.21918395 0.00143195 0.07591518]
 [0.03075973 0.268431   0.23969873 0.23102342 0.23008712]
 [0.35639745 0.14881371 0.366102   0.09489861 0.03378822]
 [0.19462599 0.28628141 0.19181418 0.20044268 0.12683573]]"
57,"[[0.4415222  0.01199529 0.26075798 0.14260715 0.14311738]
 [0.32918815 0.29513994 0.23512439 0.13831108 0.00223644]
 [0.08094474 0.27777794 0.22193799 0.09614336 0.32319597]
 [0.21425432 0.29515984 0.22758544 0.19988144 0.06311896]
 [0.27915212 0.32454269 0.30577432 0.00309517 0.0874357 ]]"
58,"[[0.15571342 0.22490639 0.25152642 0.28450471 0.08334905]
 [0.50396925 0.18270877 0.12863033 0.12153329 0.06315836]
 [0.15509344 0.43737621 0.30306608 0.04022752 0.06423675]
 [0.18305134 0.23038859 0.25172549 0.09575806 0.23907652]
 [0.2606625  0.19406087 0.19634389 0.08818299 0.26074975]]"
59,"[[0.2671251  0.16192401 0.10337959 0.17326709 0.29430421]
 [0.06160977 0.29101232 0.16903031 0.29093336 0.18741424]
 [0.30334663 0.12035718 0.30041037 0.24141473 0.03447109]
 [0.19252083 0.27801711 0.23811143 0.28420011 0.00715053]
 [0.28761975 0.29155322 0.13710176 0.22699832 0.05672696]]"
60,"[[0.30265116 0.08144163 0.24900693 0.28312027 0.08378001]
 [0.23791261 0.19822876 0.34407196 0.03300802 0.18677865]
 [0.03623355 0.25569851 0.3194777  0.10764614 0.2809441 ]
 [0.35777577 0.19924335 0.1469187  0.06329518 0.232767  ]
 [0.10908697 0.53266617 0.04958975 0.25722672 0.05143039]]"
61,"[[0.10541434 0.25708627 0.20570036 0.18661938 0.24517965]
 [0.18989866 0.24474537 0.10734362 0.09454805 0.3634643 ]
 [0.27010355 0.11823435 0.23432623 0.16090657 0.2164293 ]
 [0.23486942 0.22352409 0.15297297 0.34203326 0.04660026]
 [0.41778084 0.1716857  0.21049745 0.03402817 0.16600785]]"
62,"[[0.25162545 0.20392323 0.20763802 0.06595276 0.27086054]
 [0.29548664 0.05554866 0.10945539 0.14333178 0.39617753]
 [0.02007458 0.3239481  0.18995852 0.27123257 0.19478622]
 [0.08467292 0.39290939 0.06909757 0.29617781 0.1571423 ]
 [0.23304588 0.23907752 0.11032487 0.34686792 0.0706838 ]]"
63,"[[0.15104424 0.27799118 0.3264856  0.22668243 0.01779655]
 [0.28092284 0.2488778  0.04379015 0.15810152 0.26830768]
 [0.27088007 0.2603282  0.09835358 0.21072437 0.15971379]
 [0.18986094 0.23689538 0.08525878 0.23278178 0.25520313]
 [0.25920074 0.21576863 0.27656162 0.20347766 0.04499135]]"
64,"[[0.29717523 0.28089381 0.05359963 0.02542579 0.34290554]
 [0.27881032 0.0644302  0.15995928 0.35565638 0.14114381]
 [0.02581304 0.73919369 0.05924586 0.1497053  0.02604211]
 [0.18990023 0.2733996  0.17990104 0.13017057 0.22662855]
 [0.26403525 0.25088388 0.14597715 0.27417935 0.06492437]]"
65,"[[0.39619748 0.19479809 0.22648466 0.07845545 0.10406433]
 [0.02553036 0.06629575 0.38691847 0.31460442 0.206651  ]
 [0.13244343 0.37097218 0.26811064 0.07256254 0.15591122]
 [0.28426854 0.03724938 0.26178644 0.31584312 0.10085252]
 [0.14008992 0.16148917 0.40819991 0.23820359 0.0520174 ]]"
66,"[[0.37328656 0.12322683 0.0698517  0.15634759 0.27728732]
 [0.09905188 0.20846739 0.43409962 0.20230076 0.05608035]
 [0.25138407 0.27205492 0.20917268 0.19180464 0.07558369]
 [0.28031861 0.45218952 0.22560555 0.01724868 0.02463764]
 [0.2596926  0.3402442  0.22905536 0.02996285 0.14104499]]"
67,"[[0.17875799 0.24705783 0.21453263 0.0845249  0.27512665]
 [0.04179979 0.237885   0.35184759 0.22242051 0.14604711]
 [0.17292842 0.16101791 0.10988761 0.23170157 0.32446449]
 [0.04588035 0.19143849 0.31470292 0.37962857 0.06834967]
 [0.29440566 0.0888681  0.08249562 0.22102759 0.31320302]]"
68,"[[0.2408832  0.23960216 0.10818644 0.18706895 0.22425924]
 [0.2436464  0.04148031 0.43126506 0.02666716 0.25694108]
 [0.37272661 0.38203937 0.13054671 0.10231714 0.01237016]
 [0.25003218 0.2489058  0.01775068 0.22206892 0.26124242]
 [0.11206305 0.09639329 0.27285868 0.30712359 0.21156139]]"
69,"[[0.16443355 0.00840354 0.13188834 0.39025727 0.3050173 ]
 [0.11174029 0.40743893 0.08021459 0.27395213 0.12665405]
 [0.24675593 0.19107702 0.21102684 0.17984746 0.17129275]
 [0.26034884 0.23716569 0.1718287  0.22113827 0.1095185 ]
 [0.03567753 0.2679232  0.36846435 0.31255601 0.01537891]]"
70,"[[0.23680191 0.32832671 0.39797146 0.01978192 0.017118  ]
 [0.28424943 0.14254119 0.29122527 0.20531637 0.07666773]
 [0.24485337 0.33548598 0.03791729 0.29221499 0.08952837]
 [0.29634709 0.01733587 0.26409747 0.21948852 0.20273105]
 [0.23459082 0.27867451 0.41681631 0.05652982 0.01338855]]"
71,"[[0.3166342  0.13004905 0.3764894  0.11570272 0.06112464]
 [0.33184127 0.35806275 0.22217471 0.04873687 0.03918441]
 [0.26475703 0.38957957 0.0620703  0.13964821 0.1439449 ]
 [0.22005786 0.22285218 0.13506403 0.24518904 0.17683689]
 [0.18225619 0.10348208 0.12022754 0.4593541  0.13468009]]"
72,"[[0.09833502 0.3083459  0.14038584 0.16178809 0.29114515]
 [0.30486222 0.26382858 0.12467826 0.14506367 0.16156727]
 [0.21374586 0.17039776 0.27174671 0.20078485 0.14332482]
 [0.19092797 0.18696887 0.24452316 0.2056441  0.17193591]
 [0.39866964 0.38849824 0.12811457 0.04077747 0.04394008]]"
73,"[[0.11676766 0.28074282 0.40724708 0.10559531 0.08964713]
 [0.18984998 0.24155646 0.259796   0.25246447 0.05633309]
 [0.21445869 0.19685655 0.09537083 0.28463886 0.20867507]
 [0.18617331 0.17357501 0.31627578 0.15927501 0.1647009 ]
 [0.26272521 0.03449937 0.2448515  0.32704338 0.13088054]]"
74,"[[0.31971949 0.43651628 0.13351999 0.07673762 0.03350662]
 [0.25926153 0.28785843 0.1604084  0.20242285 0.09004879]
 [0.16743822 0.29978788 0.01294054 0.3217472  0.19808615]
 [0.25001368 0.19635409 0.31895305 0.19853594 0.03614325]
 [0.25038041 0.1732832  0.13002525 0.21155587 0.23475527]]"
75,"[[0.40530817 0.07733044 0.18017949 0.24580061 0.09138129]
 [0.20814447 0.17840408 0.38892014 0.02870412 0.19582718]
 [0.14304792 0.18712658 0.1119338  0.2804383  0.2774534 ]
 [0.18011359 0.30140306 0.27337088 0.00134082 0.24377164]
 [0.2757545  0.33215568 0.04973096 0.14115712 0.20120174]]"
76,"[[0.23078953 0.15842423 0.19712152 0.23946135 0.17420336]
 [0.23023362 0.41371461 0.17063869 0.13176472 0.05364836]
 [0.05722224 0.27197068 0.560663   0.06519929 0.04494479]
 [0.02503459 0.2446947  0.40964083 0.27660651 0.04402338]
 [0.09542792 0.29009149 0.08001637 0.25603496 0.27842925]]"
77,"[[0.00293545 0.17321958 0.25720058 0.25348793 0.31315646]
 [0.05373864 0.2857039  0.17218048 0.22934679 0.25903019]
 [0.33392419 0.05044533 0.32850407 0.03014836 0.25697805]
 [0.3107466  0.2530546  0.36999993 0.00057995 0.06561892]
 [0.1883848  0.31453527 0.08478053 0.29719999 0.11509942]]"
78,"[[0.3313263  0.10619105 0.13107433 0.15363929 0.27776904]
 [0.21720943 0.26213426 0.06259786 0.22220571 0.23585274]
 [0.2468791  0.34765463 0.02309218 0.12337028 0.25900381]
 [0.20905305 0.21648169 0.26456996 0.22741932 0.08247597]
 [0.29615469 0.17809791 0.12743562 0.12417378 0.27413799]]"
79,"[[0.18278282 0.31264687 0.12851176 0.08725849 0.28880006]
 [0.15053974 0.13635485 0.33002548 0.32399584 0.05908409]
 [0.3712805  0.29806875 0.00804372 0.28907071 0.03353632]
 [0.30084584 0.27830315 0.2545446  0.07704315 0.08926326]
 [0.11983482 0.16122227 0.14755378 0.22765172 0.34373741]]"
80,"[[0.13680385 0.0854475  0.44498147 0.3016165  0.03115068]
 [0.27193314 0.07937851 0.28851758 0.06596636 0.2942044 ]
 [0.06855911 0.27915277 0.08724501 0.10348749 0.46155562]
 [0.12161951 0.11827818 0.23398487 0.29079759 0.23531986]
 [0.4134999  0.07828762 0.23304633 0.14619901 0.12896715]]"
81,"[[0.05622162 0.13444368 0.28512419 0.21102384 0.31318667]
 [0.29657028 0.0455843  0.34720019 0.21265302 0.09799221]
 [0.19101473 0.24773895 0.13120889 0.19965231 0.23038512]
 [0.52505997 0.19785257 0.018582   0.06099933 0.19750612]
 [0.18482784 0.23230808 0.23039473 0.1450752  0.20739415]]"
82,"[[0.13715741 0.19946502 0.13689252 0.31495704 0.21152802]
 [0.24018745 0.2779525  0.17867409 0.11067241 0.19251354]
 [0.13757229 0.40010137 0.14036378 0.29706981 0.02489276]
 [0.26234959 0.14951673 0.24252787 0.20239771 0.1432081 ]
 [0.35691197 0.06400688 0.13465841 0.12369179 0.32073095]]"
83,"[[0.50112396 0.0529935  0.13076105 0.14750717 0.16761432]
 [0.00495019 0.37433262 0.38779069 0.22071988 0.01220661]
 [0.20103269 0.37970969 0.17977854 0.13445179 0.10502729]
 [0.09040294 0.48535786 0.06926845 0.35251557 0.00245518]
 [0.35324179 0.20993266 0.10570306 0.05804244 0.27308006]]"
84,"[[0.4694455  0.02542217 0.38907721 0.00270606 0.11334906]
 [0.10870518 0.12275093 0.27685951 0.20354848 0.28813589]
 [0.06135675 0.31212617 0.29862105 0.28286318 0.04503284]
 [0.0686066  0.04294878 0.40843054 0.17058266 0.30943143]
 [0.26134336 0.05068251 0.05547646 0.63132222 0.00117546]]"
85,"[[0.18876749 0.26634566 0.22571202 0.09721081 0.22196402]
 [0.37577067 0.03747053 0.03758815 0.38748842 0.16168222]
 [0.27224133 0.33233398 0.16759771 0.1344054  0.09342158]
 [0.50218317 0.05230705 0.22425425 0.05807373 0.1631818 ]
 [0.12013465 0.47993056 0.04590006 0.28195301 0.07208172]]"
86,"[[0.28982587 0.25320331 0.23744372 0.07212578 0.14740133]
 [0.21244753 0.28261562 0.28654559 0.12523144 0.09315982]
 [0.33153849 0.11476678 0.10087748 0.17232546 0.28049178]
 [0.36249529 0.26344741 0.2293517  0.0249006  0.119805  ]
 [0.20079512 0.14633993 0.35042282 0.12278105 0.17966107]]"
87,"[[0.21376937 0.02712088 0.19544445 0.2739468  0.2897185 ]
 [0.09272505 0.43922961 0.35108455 0.01995803 0.09700276]
 [0.20638354 0.25439818 0.22264041 0.25490966 0.06166821]
 [0.35832378 0.04439625 0.36852944 0.08915386 0.13959667]
 [0.25617552 0.16722843 0.1092692  0.15404295 0.31328391]]"
88,"[[2.97984495e-01 3.34434319e-02 6.23565679e-02 3.34186768e-04
  6.05881318e-01]
 [2.10449807e-01 3.67492649e-01 2.98804600e-01 6.64876358e-03
  1.16604180e-01]
 [1.77224093e-01 3.59398339e-01 9.25666906e-02 7.64074683e-02
  2.94403410e-01]
 [2.71959278e-01 1.39005527e-01 1.27506612e-01 2.38333550e-01
  2.23195034e-01]
 [1.52245658e-01 1.48586469e-01 1.01589348e-01 3.20631418e-01
  2.76947107e-01]]"
89,"[[0.2568639  0.10191496 0.24095309 0.26279785 0.1374702 ]
 [0.14011897 0.29138695 0.025566   0.24598618 0.29694189]
 [0.28895715 0.26021479 0.13516205 0.18123542 0.1344306 ]
 [0.26166357 0.20008703 0.21168348 0.11439488 0.21217104]
 [0.33246253 0.29711309 0.18144233 0.13518981 0.05379224]]"
90,"[[0.38190302 0.13211582 0.02519435 0.32960006 0.13118675]
 [0.19880676 0.25742177 0.23549239 0.22274703 0.08553205]
 [0.14312061 0.23239234 0.03845138 0.26758932 0.31844634]
 [0.12809771 0.31886123 0.06255741 0.1812248  0.30925885]
 [0.33881002 0.32310866 0.16400288 0.00423408 0.16984435]]"
91,"[[0.26715558 0.16450576 0.24806093 0.20409303 0.1161847 ]
 [0.29443421 0.10097985 0.18399254 0.31802259 0.10257081]
 [0.17933843 0.62597145 0.12875048 0.03187395 0.0340657 ]
 [0.29155274 0.25623398 0.1067709  0.16434296 0.18109942]
 [0.26792881 0.24021479 0.18625684 0.18187556 0.123724  ]]"
92,"[[0.36441835 0.23972549 0.1085368  0.17257052 0.11474884]
 [0.00661358 0.15960356 0.19559942 0.35475862 0.28342482]
 [0.18443786 0.25383258 0.25784682 0.14453081 0.15935193]
 [0.0422287  0.20449974 0.0108333  0.48323166 0.2592066 ]
 [0.20328023 0.48712711 0.15677893 0.1253781  0.02743562]]"
93,"[[0.28448251 0.2569564  0.03409357 0.26689572 0.15757179]
 [0.29976946 0.025206   0.27530011 0.22168403 0.1780404 ]
 [0.3228454  0.06423426 0.083078   0.24727058 0.28257177]
 [0.16309303 0.31477098 0.30890443 0.0152156  0.19801596]
 [0.20980624 0.31216845 0.04647642 0.06353292 0.36801596]]"
94,"[[0.09652569 0.1285078  0.43231044 0.01703888 0.32561719]
 [0.25203677 0.2844123  0.0974422  0.22636757 0.13974117]
 [0.19969674 0.15691827 0.27589139 0.26260479 0.1048888 ]
 [0.2643281  0.3471328  0.19445753 0.15723485 0.03684672]
 [0.08302946 0.22467166 0.1735284  0.25778904 0.26098144]]"
95,"[[0.29668294 0.15503505 0.14210129 0.3362116  0.06996912]
 [0.05494027 0.19204405 0.3130663  0.39720003 0.04274934]
 [0.2618457  0.19807825 0.07923804 0.26636484 0.19447317]
 [0.24384227 0.08496116 0.08734786 0.3565124  0.22733631]
 [0.14999377 0.35829791 0.27224432 0.07901135 0.14045266]]"
96,"[[0.2467569  0.30115569 0.17456802 0.1866136  0.09090579]
 [0.40390768 0.20610053 0.23866242 0.02046814 0.13086123]
 [0.08821861 0.32776674 0.20430264 0.18589426 0.19381776]
 [0.31862639 0.22440414 0.21508651 0.19886668 0.04301628]
 [0.25181195 0.10923394 0.16170175 0.14704235 0.33021002]]"
97,"[[0.16253057 0.29376528 0.42443035 0.0376726  0.0816012 ]
 [0.33101738 0.31454112 0.06928617 0.04523448 0.23992084]
 [0.10693012 0.36055767 0.19042258 0.16681884 0.17527079]
 [0.18565771 0.1970972  0.30996169 0.19062959 0.11665382]
 [0.03012233 0.25958138 0.11479755 0.33888697 0.25661179]]"
98,"[[0.06602075 0.31388806 0.18435939 0.38701759 0.0487142 ]
 [0.120998   0.31384104 0.20315052 0.00738544 0.35462501]
 [0.225108   0.32818209 0.07141549 0.05373447 0.32155996]
 [0.19030069 0.17757917 0.27942841 0.14862935 0.20406239]
 [0.24867745 0.2281615  0.17474622 0.29588544 0.05252939]]"
99,"[[0.18808006 0.39428168 0.03842634 0.27830022 0.10091171]
 [0.29754504 0.39852804 0.11198578 0.14055965 0.05138148]
 [0.26981396 0.13171939 0.22979925 0.11762538 0.25104201]
 [0.5051702  0.23546228 0.16395211 0.09068048 0.00473493]
 [0.03690406 0.51371517 0.19813707 0.12241794 0.12882576]]"
100,"[[0.18117746 0.21390086 0.13930224 0.34945772 0.11616172]
 [0.33007555 0.32420169 0.19571313 0.11154393 0.0384657 ]
 [0.00608851 0.25487265 0.32272201 0.1829946  0.23332223]
 [0.1587182  0.37927782 0.30716318 0.085293   0.0695478 ]
 [0.23089496 0.24227942 0.31797206 0.09532859 0.11352497]]"
101,"[[0.03691486 0.05013575 0.11393559 0.09806682 0.02912218 0.09742032
  0.2245991  0.17588723 0.01112313 0.16279501]
 [0.09570744 0.05191972 0.13746804 0.13583657 0.13564697 0.12577194
  0.0335533  0.07287354 0.07711408 0.13410841]
 [0.05608996 0.13429895 0.13662001 0.13710449 0.11408765 0.12759248
  0.13317792 0.04789264 0.08131788 0.03181801]
 [0.20389441 0.18343297 0.02894936 0.17760742 0.06309546 0.12042772
  0.08459677 0.04251947 0.07764819 0.01782823]
 [0.18978413 0.02329791 0.10948856 0.13715265 0.08543931 0.04270412
  0.21710533 0.12162348 0.06673028 0.00667423]
 [0.06338877 0.11474456 0.16678545 0.18669377 0.1190577  0.19175493
  0.02995769 0.07439503 0.02434619 0.02887591]
 [0.15318881 0.14034247 0.12120639 0.08125607 0.02096395 0.12403752
  0.14866488 0.11471599 0.0882264  0.00739754]
 [0.12192412 0.15829779 0.13506448 0.111763   0.10885157 0.09133335
  0.02268564 0.06732495 0.16453685 0.01821823]
 [0.15386919 0.11958198 0.14616864 0.0519887  0.07127779 0.11180077
  0.0940899  0.01547781 0.17362516 0.06212007]
 [0.13040944 0.13040621 0.20115166 0.17736888 0.06874403 0.06915881
  0.05717024 0.1043421  0.03764979 0.02359883]]"
102,"[[0.08343532 0.07534492 0.17186924 0.01391868 0.20214077 0.06216091
  0.08238738 0.09766335 0.1667962  0.04428325]
 [0.1196672  0.13302659 0.02954982 0.19312023 0.09133093 0.16346052
  0.06123298 0.07857296 0.08261811 0.04742067]
 [0.23425845 0.08035549 0.14086891 0.01337458 0.13389905 0.18049321
  0.0500157  0.09147492 0.02496061 0.05029909]
 [0.15560923 0.07117546 0.15792441 0.10625135 0.03601605 0.18402821
  0.05179284 0.11036305 0.02713409 0.09970531]
 [0.0801271  0.12651541 0.05870637 0.08843773 0.13586205 0.04140691
  0.1540715  0.04081302 0.22061988 0.05344004]
 [0.20429591 0.11045193 0.1185499  0.12033509 0.0256456  0.17677359
  0.11822912 0.0470628  0.03087899 0.04777709]
 [0.13524753 0.11048242 0.1103474  0.12271094 0.03924394 0.0918731
  0.03933275 0.0680981  0.12857346 0.15409036]
 [0.18294245 0.09612617 0.07216346 0.0177014  0.10575477 0.09906273
  0.03789968 0.19590704 0.09390892 0.0985334 ]
 [0.06361177 0.03079837 0.18657068 0.10250238 0.10200884 0.12753479
  0.09158199 0.09477424 0.07729443 0.12332251]
 [0.08222067 0.15398978 0.08275457 0.14024453 0.1827265  0.13513487
  0.06567751 0.01284362 0.07799948 0.06640848]]"
103,"[[0.19027048 0.18695167 0.02508555 0.10926961 0.30752382 0.02573367
  0.0574899  0.04483362 0.00353104 0.04931064]
 [0.11705645 0.04858163 0.00637559 0.18310046 0.1423816  0.07625816
  0.16199978 0.1345534  0.12295734 0.00673559]
 [0.10613886 0.13964492 0.14259054 0.04641787 0.08912027 0.0566164
  0.08269388 0.12112377 0.09082835 0.12482512]
 [0.10979272 0.13364343 0.07478482 0.13342234 0.06454397 0.10132177
  0.13079338 0.12836619 0.0450201  0.07831129]
 [0.144307   0.09004852 0.15767355 0.13738572 0.03660135 0.13406417
  0.11668236 0.01948332 0.10415312 0.05960088]
 [0.13161704 0.11500343 0.04340836 0.13040543 0.02935242 0.04744585
  0.05851241 0.09546572 0.19273396 0.15605538]
 [0.19256314 0.24048713 0.00374183 0.06021567 0.1496237  0.07564674
  0.07901689 0.01012655 0.11679248 0.07178587]
 [0.16246116 0.03367154 0.02589302 0.17784758 0.07405873 0.19584066
  0.14332132 0.0646538  0.10539284 0.01685934]
 [0.15086175 0.13656166 0.12501727 0.00332937 0.13608027 0.09661619
  0.00574878 0.17404282 0.14036154 0.03138033]
 [0.14409761 0.11321294 0.04556038 0.14426522 0.14826811 0.05009204
  0.13624896 0.04560348 0.07203979 0.10061148]]"
104,"[[0.1839504  0.1528673  0.16071151 0.00273951 0.14592226 0.09854908
  0.06231    0.07117155 0.05135865 0.07041975]
 [0.01095358 0.14775998 0.17851933 0.16533108 0.11590977 0.08750334
  0.12361848 0.03481936 0.10345571 0.03212936]
 [0.06668093 0.13867738 0.08309868 0.10523383 0.15793292 0.18106025
  0.04421143 0.0208674  0.15672542 0.04551177]
 [0.16454571 0.13361394 0.13390805 0.1651562  0.14839215 0.08553322
  0.06624725 0.05949782 0.0309709  0.01213476]
 [0.07297161 0.0475458  0.06674988 0.20050512 0.19590418 0.03094215
  0.03711299 0.14474857 0.00495623 0.19856346]
 [0.15883214 0.18500213 0.19556638 0.12695948 0.11508022 0.10648824
  0.01704231 0.0550933  0.03470725 0.00522856]
 [0.0903431  0.15888256 0.09689074 0.13489795 0.14618608 0.09406627
  0.08999173 0.03524322 0.08390433 0.06959402]
 [0.10530487 0.17695708 0.14893264 0.05509335 0.08030786 0.07962616
  0.15882428 0.07088415 0.10548015 0.01858946]
 [0.17235349 0.05335374 0.18500775 0.0866254  0.07565616 0.08999154
  0.17288285 0.10878071 0.02099002 0.03435833]
 [0.07332147 0.15640975 0.07131499 0.16026969 0.10233104 0.10994373
  0.02914029 0.07980528 0.03535146 0.1821123 ]]"
105,"[[0.07126594 0.10611516 0.1638305  0.13992894 0.16062052 0.07237596
  0.03671568 0.04861988 0.10836529 0.09216213]
 [0.21528181 0.19262036 0.2042101  0.11043412 0.02418807 0.03929903
  0.13614853 0.01961571 0.00249299 0.05570928]
 [0.13971931 0.0576208  0.16850379 0.11441799 0.02805951 0.10516522
  0.22686934 0.13107875 0.00160065 0.02696465]
 [0.07361692 0.09065927 0.09089149 0.18794822 0.11372133 0.07274337
  0.12706613 0.12440297 0.06113373 0.05781657]
 [0.20666055 0.10066438 0.13477293 0.20961018 0.04005839 0.0189805
  0.10451702 0.12719565 0.0443976  0.01314281]
 [0.11866762 0.08536942 0.16953067 0.1980177  0.019324   0.00977932
  0.04572166 0.1646185  0.02584005 0.16313107]
 [0.14187816 0.10408    0.1407259  0.08297223 0.10331193 0.04185778
  0.12422115 0.12162287 0.13758891 0.00174109]
 [0.06901244 0.15693071 0.00675917 0.03391178 0.20703861 0.11722312
  0.15447248 0.11298536 0.02558985 0.11607648]
 [0.08688344 0.12741718 0.15289839 0.1277752  0.07906615 0.11375013
  0.0215571  0.0228477  0.14727633 0.12052837]
 [0.0753239  0.15413082 0.1059269  0.15960198 0.03035108 0.14300775
  0.04493661 0.09082352 0.16426543 0.03163201]]"
106,"[[0.11674531 0.14815117 0.04844492 0.12023955 0.1363069  0.11914812
  0.04322247 0.12806897 0.03653073 0.10314185]
 [0.16002621 0.11865221 0.15792211 0.13376924 0.15450724 0.08004851
  0.08500235 0.01043037 0.09795502 0.00168674]
 [0.19813518 0.19765343 0.13560774 0.12099877 0.13195883 0.00408783
  0.07077318 0.05565797 0.01759844 0.06752864]
 [0.18615876 0.1189036  0.12744325 0.09303651 0.02479488 0.01339737
  0.09124897 0.12394436 0.03953019 0.18154211]
 [0.15528474 0.09390623 0.06220707 0.13674942 0.21745592 0.10860304
  0.02460862 0.00639177 0.1340327  0.06076048]
 [0.25009182 0.10113065 0.02828077 0.14134455 0.36404977 0.0824432
  0.01731718 0.00543994 0.00549271 0.0044094 ]
 [0.15489866 0.18158324 0.13849946 0.05169213 0.17354698 0.05375279
  0.03295512 0.01775908 0.1422212  0.05309135]
 [0.12711329 0.12085142 0.06551217 0.08666037 0.08312648 0.09461017
  0.12080473 0.10980664 0.11890738 0.07260736]
 [0.00797574 0.16289708 0.14839233 0.08548221 0.08279201 0.15566008
  0.01075463 0.07878383 0.06807457 0.19918754]
 [0.04313052 0.07025444 0.15809705 0.05505484 0.15607618 0.05728664
  0.20015388 0.1212554  0.13563329 0.00305776]]"
107,"[[0.14738279 0.15265565 0.12664606 0.08746818 0.11535722 0.10940192
  0.11986368 0.02706516 0.06663028 0.04752908]
 [0.12389567 0.15174976 0.0310431  0.15467568 0.07258272 0.07450672
  0.07122031 0.11699697 0.15350369 0.0498254 ]
 [0.17403287 0.08158278 0.22303196 0.01131518 0.01655423 0.18862607
  0.12189494 0.04400866 0.10464982 0.03430349]
 [0.14382303 0.0609081  0.02686641 0.05510148 0.00906094 0.13353051
  0.17286972 0.1447958  0.14982802 0.10321598]
 [0.13010114 0.02836784 0.11579778 0.15839319 0.0147271  0.07305706
  0.15752526 0.06806156 0.21890253 0.03506655]
 [0.16908808 0.01909254 0.06758361 0.14874835 0.11154624 0.14468617
  0.00623261 0.10750743 0.17033127 0.05518371]
 [0.07207392 0.17012274 0.17581985 0.01142963 0.03171712 0.16721175
  0.10081234 0.13753045 0.06989322 0.06338898]
 [0.19596769 0.01088803 0.1777429  0.01634157 0.02274977 0.01742516
  0.17067092 0.10073877 0.12644658 0.1610286 ]
 [0.03987843 0.10484207 0.12926896 0.15185905 0.08815224 0.11982263
  0.09720313 0.12516479 0.11103211 0.03277661]
 [0.18448495 0.12274113 0.21546901 0.17032408 0.04020827 0.00526348
  0.10694436 0.01572362 0.07546961 0.06337148]]"
108,"[[0.20135454 0.18775573 0.09314275 0.02407205 0.05670338 0.02578253
  0.08366919 0.001163   0.14518421 0.1811726 ]
 [0.14377285 0.10455864 0.11129641 0.10663478 0.13786716 0.21556704
  0.03635522 0.04189423 0.05818314 0.04387054]
 [0.01247898 0.20005403 0.20293578 0.20504843 0.17898965 0.0797443
  0.02529306 0.00231923 0.01420336 0.07893318]
 [0.10764223 0.10784345 0.23871161 0.06190816 0.05894114 0.14175034
  0.02476647 0.03270981 0.02562315 0.20010366]
 [0.16529877 0.17462351 0.09933409 0.06622023 0.16806777 0.03470618
  0.12285175 0.10742291 0.01698097 0.04449383]
 [0.10167527 0.13763027 0.14641272 0.09811424 0.07974994 0.12514929
  0.02155856 0.05994279 0.10669076 0.12307614]
 [0.16617603 0.08160409 0.00349772 0.15685563 0.07382801 0.16005102
  0.15200742 0.10621334 0.04878756 0.05097918]
 [0.13536075 0.12517645 0.10496398 0.04345228 0.11272592 0.09339219
  0.15136337 0.07430157 0.15609821 0.00316528]
 [0.14812961 0.13582586 0.15035221 0.10341467 0.10754619 0.05137882
  0.03289285 0.03627852 0.03593472 0.19824656]
 [0.14119403 0.09312361 0.08587471 0.05053799 0.16796488 0.13075114
  0.0705572  0.12329401 0.12965348 0.00704894]]"
109,"[[1.53327803e-01 7.27232739e-02 1.69758938e-01 3.42276987e-02
  1.54568854e-01 1.28734711e-01 4.19043271e-02 9.61657633e-02
  3.93973174e-02 1.09191314e-01]
 [8.16720746e-02 2.09038489e-01 1.57535382e-01 2.06059745e-04
  1.28804698e-01 1.74709377e-02 2.14532519e-01 7.62902384e-02
  2.36656752e-02 9.07839262e-02]
 [2.24701321e-01 1.08013144e-01 1.91710904e-01 9.23184500e-02
  5.83902284e-02 5.68874638e-02 1.70456598e-01 3.00390653e-02
  4.95643040e-02 1.79185213e-02]
 [1.34244361e-01 1.44614645e-01 1.28155685e-01 6.76380331e-02
  1.37162838e-01 6.31033152e-02 1.23629964e-01 4.99677641e-02
  1.65165996e-02 1.34966795e-01]
 [1.58603426e-01 2.20322915e-01 1.19273913e-01 1.25895564e-01
  5.26675528e-02 8.08414924e-02 8.29207969e-02 5.38522720e-02
  6.48553518e-02 4.07667155e-02]
 [1.93764444e-01 5.73941913e-02 1.56082164e-01 1.62230283e-01
  1.18395395e-01 7.95438560e-03 1.52222222e-01 6.81118779e-02
