,0
1,"[[0.19329547 0.27713425 0.26114368 0.18657399 0.08185261]
 [0.34169074 0.02481434 0.12548509 0.35447129 0.15353854]
 [0.01585034 0.00886114 0.15572266 0.34608497 0.47348089]
 [0.31908789 0.29208764 0.27859769 0.05423931 0.05598747]
 [0.25986721 0.15325693 0.15162146 0.19163873 0.24361567]]"
2,"[[0.26583066 0.05065714 0.11981324 0.23532975 0.3283692 ]
 [0.38119745 0.11385751 0.14133215 0.03843565 0.32517724]
 [0.24369563 0.24563563 0.18638813 0.2562944  0.06798621]
 [0.21488448 0.10412457 0.42356799 0.05010022 0.20732274]
 [0.40502917 0.06345554 0.20928606 0.31373405 0.00849519]]"
3,"[[0.23183976 0.36219267 0.03067081 0.09934506 0.2759517 ]
 [0.20794008 0.19393016 0.12968535 0.34179571 0.12664869]
 [0.23456642 0.23264234 0.23002404 0.20104228 0.10172492]
 [0.05201326 0.259823   0.37438246 0.03083719 0.28294409]
 [0.24395695 0.10322932 0.25644414 0.20728225 0.18908733]]"
4,"[[0.46846869 0.20811774 0.08996966 0.01096044 0.22248348]
 [0.0144392  0.31259213 0.14204863 0.28079131 0.25012873]
 [0.2994854  0.28056821 0.04191242 0.21794822 0.16008575]
 [0.18033059 0.28721089 0.1327114  0.25230755 0.14743956]
 [0.37942461 0.14554174 0.2533488  0.11290725 0.1087776 ]]"
5,"[[0.28179979 0.17911511 0.25840828 0.14337468 0.13730215]
 [0.10153768 0.24407576 0.03740394 0.2410902  0.37589242]
 [0.21824446 0.25371376 0.26793427 0.13913066 0.12097684]
 [0.28241894 0.13735637 0.25527515 0.11405224 0.21089729]
 [0.20401063 0.14103235 0.33198037 0.30455205 0.0184246 ]]"
6,"[[0.08561354 0.23392982 0.19072605 0.24120392 0.24852667]
 [0.50297113 0.2187561  0.0953884  0.00706339 0.17582097]
 [0.24170342 0.29963189 0.19739616 0.17403896 0.08722957]
 [0.28923081 0.04189813 0.36714241 0.09681357 0.20491508]
 [0.27652697 0.11570275 0.30788353 0.29889664 0.0009901 ]]"
7,"[[0.18416853 0.12877091 0.41474398 0.14507491 0.12724168]
 [0.0494901  0.37927402 0.20031161 0.29390585 0.07701842]
 [0.02435052 0.33346791 0.25805657 0.24403102 0.14009399]
 [0.3806482  0.07289786 0.25902804 0.02363599 0.2637899 ]
 [0.39377434 0.07471592 0.28591717 0.07097773 0.17461484]]"
8,"[[0.28408716 0.25625808 0.08982935 0.18161665 0.18820877]
 [0.34526049 0.28598501 0.02160125 0.17473939 0.17241386]
 [0.3006293  0.16424335 0.20303489 0.31760018 0.01449227]
 [0.19000352 0.12728365 0.16009963 0.29326822 0.22934499]
 [0.35913519 0.23743578 0.09119165 0.21794595 0.09429142]]"
9,"[[0.23624758 0.1829232  0.17815798 0.23188181 0.17078944]
 [0.34159148 0.23963289 0.2368694  0.06369453 0.1182117 ]
 [0.22349729 0.28728094 0.01194272 0.21042557 0.26685348]
 [0.00167758 0.4239728  0.22172536 0.0271513  0.32547296]
 [0.05497656 0.26033366 0.25945427 0.16173084 0.26350467]]"
10,"[[0.33877248 0.11332207 0.26473471 0.2063904  0.07678033]
 [0.28177917 0.05253318 0.23118544 0.21636067 0.21814154]
 [0.21486251 0.42067804 0.26381455 0.08738121 0.01326369]
 [0.33636308 0.02446962 0.15561486 0.25058584 0.2329666 ]
 [0.25120571 0.32539719 0.01382134 0.33298925 0.07658651]]"
11,"[[0.32745124 0.31022453 0.15693259 0.05272156 0.15267008]
 [0.39903111 0.31214326 0.00304407 0.17428147 0.11150008]
 [0.30892769 0.28476301 0.0040311  0.24017393 0.16210427]
 [0.57409212 0.04223616 0.02501212 0.33480544 0.02385416]
 [0.23416706 0.18183282 0.01863503 0.19283328 0.37253182]]"
12,"[[0.18351213 0.28573795 0.15147767 0.15059478 0.22867746]
 [0.1723535  0.26690865 0.1085405  0.31184314 0.14035421]
 [0.23423111 0.32950597 0.05917475 0.19262131 0.18446686]
 [0.10271932 0.5781529  0.13836174 0.10845661 0.07230943]
 [0.28845002 0.18506292 0.12859908 0.29214911 0.10573887]]"
13,"[[0.50312607 0.25846252 0.09122815 0.10536392 0.04181935]
 [0.21694581 0.12214357 0.36028457 0.20408234 0.09654371]
 [0.08942249 0.21845725 0.27396072 0.12910773 0.2890518 ]
 [0.28106487 0.23794907 0.27106944 0.09717997 0.11273665]
 [0.21212656 0.27530557 0.31032735 0.19266396 0.00957656]]"
14,"[[0.21827118 0.30162585 0.0117357  0.29780194 0.17056533]
 [0.29864021 0.20566971 0.16879691 0.00951898 0.3173742 ]
 [0.25182453 0.22988086 0.16816294 0.08920697 0.2609247 ]
 [0.47182889 0.31239271 0.07519531 0.10474463 0.03583846]
 [0.27623456 0.18118846 0.07402685 0.30995583 0.15859429]]"
15,"[[0.44195296 0.18802329 0.14732849 0.08221048 0.14048478]
 [0.44789929 0.02838372 0.088709   0.4138384  0.02116959]
 [0.23037673 0.2610137  0.25792131 0.02227281 0.22841545]
 [0.16130153 0.16299691 0.1662795  0.24970139 0.25972067]
 [0.28429785 0.34159542 0.02736774 0.20639454 0.14034445]]"
16,"[[0.29324275 0.2527593  0.14369839 0.21505713 0.09524243]
 [0.20973359 0.16090037 0.38744951 0.07477188 0.16714465]
 [0.2627463  0.13346203 0.10891422 0.41571488 0.07916257]
 [0.12703781 0.25348284 0.11676005 0.23903915 0.26368015]
 [0.2543135  0.30645538 0.26932259 0.0085753  0.16133324]]"
17,"[[0.09464127 0.57981147 0.13433805 0.07998512 0.11122409]
 [0.23392957 0.32518817 0.000689   0.25292771 0.18726555]
 [0.10084493 0.25166871 0.11233348 0.29434738 0.24080549]
 [0.03556455 0.39235705 0.28052037 0.18311508 0.10844296]
 [0.34354406 0.10575126 0.09476894 0.26257301 0.19336273]]"
18,"[[0.10453343 0.0745031  0.27757435 0.26326248 0.28012665]
 [0.22751211 0.25553209 0.25466019 0.03861726 0.22367835]
 [0.28947703 0.03126935 0.25258244 0.1516666  0.27500458]
 [0.33979465 0.30778589 0.22954048 0.11974877 0.0031302 ]
 [0.24777198 0.0454878  0.41769381 0.02851287 0.26053354]]"
19,"[[0.19950795 0.00421878 0.13406743 0.12483424 0.53737161]
 [0.23874114 0.25129538 0.02554279 0.20196052 0.28246017]
 [0.20444782 0.20388987 0.22427779 0.19802028 0.16936424]
 [0.42041064 0.02543526 0.25097096 0.06830507 0.23487808]
 [0.26163168 0.02038161 0.18715749 0.27580654 0.25502267]]"
20,"[[0.24273964 0.14234631 0.39723131 0.12756137 0.09012137]
 [0.11995507 0.09025351 0.35572829 0.27235235 0.16171078]
 [0.33946225 0.1421448  0.2567574  0.20634044 0.05529511]
 [0.33937992 0.41194914 0.05492337 0.18167612 0.01207145]
 [0.10214957 0.25045831 0.066512   0.32035909 0.26052102]]"
21,"[[0.3218461  0.39342542 0.08661785 0.10805913 0.09005149]
 [0.19953709 0.09082024 0.27827802 0.24223658 0.18912807]
 [0.25378065 0.21370404 0.14155881 0.22795318 0.16300332]
 [0.433906   0.07545232 0.12919991 0.25166672 0.10977505]
 [0.11040112 0.03432613 0.31631142 0.40835929 0.13060203]]"
22,"[[0.35042281 0.31476011 0.17385114 0.08681294 0.07415301]
 [0.34449348 0.28349361 0.07155075 0.07066108 0.22980108]
 [0.12668308 0.23962241 0.14382727 0.3404557  0.14941154]
 [0.25572292 0.27244716 0.06795885 0.18977644 0.21409463]
 [0.13811054 0.19144168 0.39794898 0.24150505 0.03099375]]"
23,"[[0.14171084 0.17933698 0.26007559 0.22687431 0.19200228]
 [0.12757421 0.39231593 0.1105655  0.11229641 0.25724795]
 [0.19157482 0.33199478 0.29308954 0.00695434 0.17638651]
 [0.28016914 0.16315552 0.17931094 0.16055951 0.21680489]
 [0.23836231 0.2458946  0.27090979 0.21988526 0.02494804]]"
24,"[[0.26387598 0.14332105 0.28319016 0.1622025  0.14741031]
 [0.29909113 0.27065902 0.07488049 0.01567174 0.33969762]
 [0.32359023 0.07168008 0.08883672 0.27985673 0.23603624]
 [0.30800616 0.2492675  0.07625291 0.21315501 0.15331842]
 [0.19352717 0.28990461 0.14406996 0.33082889 0.04166937]]"
25,"[[0.06200563 0.21296118 0.16216961 0.42284727 0.14001631]
 [0.17184279 0.16979989 0.11019549 0.09664711 0.45151472]
 [0.27743664 0.09480805 0.2425823  0.20679361 0.17837939]
 [0.18392672 0.24541033 0.18512021 0.27412775 0.111415  ]
 [0.43306052 0.04775089 0.30175415 0.10547107 0.11196336]]"
26,"[[0.13027079 0.3513545  0.23833116 0.21128897 0.06875457]
 [0.34748078 0.21467212 0.06679642 0.26911997 0.10193071]
 [0.1187709  0.39393713 0.327152   0.03067681 0.12946317]
 [0.02529243 0.15135157 0.28798255 0.31896759 0.21640586]
 [0.03587877 0.39026001 0.29139156 0.21760643 0.06486323]]"
27,"[[0.18209463 0.32035985 0.16076394 0.33085571 0.00592586]
 [0.11061681 0.33237764 0.23874733 0.11561614 0.20264208]
 [0.21383333 0.31078708 0.2063722  0.13775704 0.13125034]
 [0.11568263 0.17664752 0.01368643 0.27990112 0.4140823 ]
 [0.25534335 0.13871857 0.13331429 0.21099208 0.26163171]]"
28,"[[0.21576428 0.32823636 0.20582756 0.16822355 0.08194823]
 [0.27563468 0.27510316 0.05479472 0.21085461 0.18361283]
 [0.34363862 0.14153938 0.11019425 0.0781981  0.32642965]
 [0.01634283 0.28739064 0.29892347 0.18462694 0.21271612]
 [0.24595762 0.37161628 0.15435889 0.13568548 0.09238172]]"
29,"[[0.23667677 0.35540431 0.21092447 0.01639648 0.18059797]
 [0.49749301 0.15055669 0.15820434 0.00422927 0.18951668]
 [0.12210834 0.22045601 0.06011108 0.34304535 0.25427922]
 [0.22614076 0.22978902 0.4996458  0.03308875 0.01133568]
 [0.01642009 0.17559197 0.31616066 0.25114353 0.24068375]]"
30,"[[0.19283116 0.18204014 0.22409841 0.1516395  0.24939079]
 [0.46587149 0.18275011 0.05028823 0.1007162  0.20037397]
 [0.30042869 0.15867838 0.22196433 0.02943643 0.28949217]
 [0.37687074 0.35138164 0.05327162 0.19103333 0.02744267]
 [0.40477292 0.45385689 0.02043682 0.06888531 0.05204806]]"
31,"[[0.02182158 0.47643629 0.40210512 0.02233558 0.07730142]
 [0.27227467 0.07839623 0.27459959 0.34789843 0.02683107]
 [0.31410539 0.22290909 0.25841418 0.00471628 0.19985506]
 [0.25409195 0.27321555 0.19307782 0.21798795 0.06162673]
 [0.16470029 0.08261613 0.30926942 0.37574554 0.06766862]]"
32,"[[0.39469605 0.23687501 0.03676445 0.28156466 0.05009983]
 [0.08895254 0.01164079 0.30399009 0.32458736 0.27082922]
 [0.43540856 0.31519698 0.00090658 0.21192547 0.03656241]
 [0.11042028 0.30980951 0.26498273 0.01186943 0.30291805]
 [0.18003263 0.30249565 0.13537947 0.27900398 0.10308828]]"
33,"[[0.3132631  0.24348154 0.23670857 0.19821118 0.00833561]
 [0.14360379 0.26292774 0.0991241  0.1616684  0.33267598]
 [0.23471721 0.20899359 0.28247347 0.02954763 0.24426809]
 [0.3183162  0.19130716 0.04510334 0.1992427  0.24603061]
 [0.18470476 0.13831988 0.21416738 0.07577323 0.38703474]]"
34,"[[0.47129677 0.18157982 0.09968467 0.2122859  0.03515284]
 [0.45233618 0.04080425 0.00847044 0.43794495 0.06044418]
 [0.12891138 0.06550353 0.22422423 0.35118038 0.23018047]
 [0.30740253 0.27183433 0.16060923 0.17937882 0.08077509]
 [0.33698246 0.27901397 0.14175976 0.15980384 0.08243997]]"
35,"[[0.25498713 0.22685507 0.29808793 0.14675041 0.07331946]
 [0.28280073 0.13124477 0.16812313 0.30412196 0.1137094 ]
 [0.10158891 0.37951577 0.21054825 0.05939769 0.24894938]
 [0.36921408 0.4225534  0.00651594 0.07780054 0.12391605]
 [0.32571795 0.36393146 0.06348393 0.1233273  0.12353937]]"
36,"[[0.05122082 0.44463552 0.2087169  0.20838425 0.08704251]
 [0.05705895 0.29556926 0.40750679 0.05942966 0.18043534]
 [0.28566224 0.34977626 0.14187044 0.1164096  0.10628147]
 [0.29510157 0.13862466 0.29697381 0.05040183 0.21889813]
 [0.1441377  0.24339574 0.30786272 0.08825488 0.21634897]]"
37,"[[0.29137332 0.10221218 0.05830729 0.26022563 0.28788158]
 [0.38146787 0.14823445 0.03765886 0.02143702 0.4112018 ]
 [0.38431896 0.04757754 0.16925202 0.31285647 0.08599501]
 [0.13251241 0.26487696 0.14479284 0.2462449  0.21157288]
 [0.2494144  0.26416985 0.0609427  0.19636191 0.22911114]]"
38,"[[0.13075272 0.11801847 0.39166931 0.2538671  0.10569239]
 [0.34465317 0.13672051 0.16824297 0.2123555  0.13802786]
 [0.13212342 0.21136806 0.09348867 0.55127595 0.01174389]
 [0.34844304 0.28367236 0.10613065 0.15508287 0.10667108]
 [0.0266664  0.2458834  0.28055012 0.12110781 0.32579227]]"
39,"[[0.14582342 0.2672925  0.13656896 0.31366483 0.13665028]
 [0.32343553 0.04314823 0.37689999 0.24903386 0.00748239]
 [0.02790764 0.43351919 0.11443031 0.23671716 0.1874257 ]
 [0.15586931 0.45413987 0.04979167 0.10072403 0.23947513]
 [0.18747232 0.29763511 0.21511924 0.2805758  0.01919753]]"
40,"[[0.2288898  0.02147552 0.38567124 0.34274848 0.02121495]
 [0.32338231 0.29928822 0.02483086 0.28433905 0.06815956]
 [0.14484591 0.31144684 0.1016118  0.19930502 0.24279043]
 [0.25014041 0.05813775 0.30917989 0.21629198 0.16624997]
 [0.21558401 0.29718138 0.23178254 0.13731976 0.11813231]]"
41,"[[0.4324833  0.19123924 0.19141173 0.07386067 0.11100506]
 [0.33800516 0.29131243 0.08711467 0.07765574 0.205912  ]
 [0.22942293 0.02585247 0.29229166 0.26273636 0.18969658]
 [0.10994857 0.39526337 0.01875889 0.00837956 0.4676496 ]
 [0.19631521 0.18898437 0.23344587 0.11436425 0.26689031]]"
42,"[[0.18099343 0.10023919 0.22804187 0.14771873 0.34300677]
 [0.18307573 0.4239244  0.03948782 0.00620818 0.34730387]
 [0.18323099 0.06916333 0.28863777 0.09832614 0.36064176]
 [0.13495887 0.47438027 0.16484351 0.20586686 0.01995048]
 [0.2340278  0.23925879 0.20915065 0.04505244 0.27251031]]"
43,"[[0.31080751 0.36026313 0.07054608 0.18632544 0.07205783]
 [0.38308261 0.20747179 0.01641023 0.21645985 0.17657553]
 [0.32967655 0.28554419 0.2060617  0.12192919 0.05678837]
 [0.36713343 0.23383493 0.29107058 0.08914657 0.01881449]
 [0.06696373 0.19228711 0.03166887 0.37291971 0.33616057]]"
44,"[[0.13809313 0.2971136  0.22213928 0.26480425 0.07784974]
 [0.25814058 0.22549396 0.11815536 0.21603626 0.18217385]
 [0.17265378 0.44199655 0.09255788 0.14530832 0.14748348]
 [0.41030299 0.05238181 0.00178099 0.26876946 0.26676475]
 [0.15558248 0.19350586 0.22216656 0.14605639 0.2826887 ]]"
45,"[[0.17740784 0.15869489 0.17738358 0.37901991 0.10749378]
 [0.25771513 0.24792731 0.1026868  0.22873283 0.16293793]
 [0.27201486 0.29753548 0.24492332 0.08242526 0.10310109]
 [0.12102741 0.10402846 0.31075198 0.38962147 0.07457068]
 [0.1888035  0.21384495 0.09767196 0.2569867  0.24269289]]"
46,"[[0.103238   0.32424399 0.14975313 0.1004456  0.32231927]
 [0.24599368 0.07373032 0.27965364 0.3421261  0.05849625]
 [0.11494843 0.37523832 0.23848219 0.0038944  0.26743666]
 [0.33006784 0.19424631 0.42100469 0.04202055 0.01266061]
 [0.33919323 0.07360764 0.23751885 0.10653111 0.24314916]]"
47,"[[0.32530752 0.18511098 0.03290448 0.11797    0.33870702]
 [0.12960338 0.39770885 0.26683517 0.0528011  0.15305149]
 [0.22077667 0.31876756 0.15452181 0.30486957 0.00106439]
 [0.19462267 0.16469358 0.15298358 0.30201024 0.18568993]
 [0.19501808 0.16035198 0.5282149  0.09836274 0.0180523 ]]"
48,"[[0.15386685 0.51871664 0.08762429 0.16859644 0.07119578]
 [0.11060341 0.24399968 0.07685142 0.29840097 0.27014452]
 [0.23226318 0.26439517 0.19879216 0.19560535 0.10894414]
 [0.22528505 0.21192125 0.25380466 0.12769675 0.18129228]
 [0.2325507  0.18177216 0.24018419 0.20967502 0.13581793]]"
49,"[[0.29261489 0.30115917 0.35323371 0.03895048 0.01404175]
 [0.24027119 0.14227255 0.21436263 0.24369486 0.15939877]
 [0.0143961  0.32896814 0.23742555 0.20337157 0.21583865]
 [0.27833573 0.25951792 0.27369815 0.14439442 0.04405377]
 [0.52812143 0.0761913  0.15228068 0.05416432 0.18924226]]"
50,"[[0.3441971  0.18664434 0.33819439 0.02883621 0.10212796]
 [0.24342399 0.24290319 0.30963678 0.0527088  0.15132724]
 [0.37456122 0.17079536 0.073234   0.02333197 0.35807745]
 [0.23690104 0.17767365 0.09210377 0.08833209 0.40498945]
 [0.02741558 0.30216318 0.19067528 0.24232688 0.23741909]]"
51,"[[0.15057698 0.11009923 0.25846082 0.1014696  0.37939337]
 [0.30127864 0.33223636 0.15900665 0.10407242 0.10340592]
 [0.09382197 0.33507941 0.07730856 0.27222906 0.22156101]
 [0.18604252 0.16078306 0.03850289 0.24580848 0.36886305]
 [0.17560015 0.32258445 0.15185826 0.10813205 0.24182509]]"
52,"[[0.42555682 0.40212217 0.1150799  0.04146964 0.01577147]
 [0.33405634 0.23455548 0.01192946 0.27018793 0.14927079]
 [0.09487892 0.23539611 0.02687208 0.30295534 0.33989754]
 [0.1938279  0.26716525 0.17650994 0.33957501 0.0229219 ]
 [0.25786119 0.4174445  0.05917842 0.1140674  0.15144849]]"
53,"[[0.23492955 0.22942094 0.22428562 0.23749717 0.07386673]
 [0.31903351 0.13404421 0.13422711 0.16653182 0.24616335]
 [0.40827223 0.1016479  0.28331492 0.00674782 0.20001713]
 [0.13071629 0.22804233 0.15016881 0.29181588 0.19925669]
 [0.09102549 0.05672394 0.4320201  0.07995445 0.34027602]]"
54,"[[0.08058769 0.36346969 0.29278221 0.14008583 0.12307458]
 [0.13533136 0.22833526 0.07712996 0.09151474 0.46768869]
 [0.41940634 0.22892083 0.07227143 0.12898214 0.15041926]
 [0.37858015 0.22892083 0.18941357 0.05541212 0.14767333]
 [0.30083585 0.15757277 0.35218627 0.12720378 0.06220134]]"
55,"[[0.28735378 0.40466312 0.17364809 0.1236487  0.01068631]
 [0.05963877 0.12596428 0.28212142 0.19794239 0.33433314]
 [0.23812749 0.0714005  0.32256767 0.29762385 0.07028049]
 [0.2368042  0.196135   0.30815894 0.15872789 0.10017397]
 [0.3192669  0.04496171 0.34552243 0.16970379 0.12054517]]"
56,"[[0.09740334 0.00466009 0.37615074 0.34596261 0.17582322]
 [0.31491498 0.19340098 0.27689956 0.04061519 0.17416929]
 [0.09904725 0.29682665 0.29132011 0.20667541 0.10613058]
 [0.23011338 0.19706255 0.38190163 0.15809532 0.03282711]
 [0.12079108 0.43158958 0.11699672 0.28099471 0.04962791]]"
57,"[[0.44912289 0.04719769 0.3267077  0.05215886 0.12481287]
 [0.30394593 0.23836025 0.19567605 0.13224104 0.12977673]
 [0.085074   0.27381669 0.24555656 0.12056011 0.27499265]
 [0.12164925 0.3543697  0.31505452 0.1146776  0.09424893]
 [0.22520203 0.27679234 0.27090244 0.08460629 0.14249691]]"
58,"[[0.17136294 0.17550195 0.20608681 0.28452715 0.16252115]
 [0.5144976  0.167485   0.12988377 0.09783322 0.09030042]
 [0.20002915 0.27844032 0.21813    0.12558505 0.17781549]
 [0.18010375 0.21976794 0.2498393  0.11951362 0.23077539]
 [0.23054002 0.18643549 0.21928635 0.11624553 0.24749261]]"
59,"[[0.32026823 0.0706275  0.02760606 0.18206228 0.39943592]
 [0.09459134 0.29335987 0.16019466 0.23272094 0.21913318]
 [0.32723485 0.12846666 0.28080432 0.21581557 0.04767861]
 [0.03743483 0.32953053 0.23343624 0.38892121 0.01067719]
 [0.3271602  0.34685475 0.07025152 0.23318062 0.02255291]]"
60,"[[0.38755098 0.06220062 0.11066361 0.3767029  0.06288189]
 [0.33506525 0.23910911 0.34912568 0.00889542 0.06780453]
 [0.07718581 0.19985938 0.36078962 0.11535176 0.24681343]
 [0.4160141  0.09362722 0.07539625 0.07374382 0.3412186 ]
 [0.19158893 0.39687968 0.02203422 0.35610171 0.03339546]]"
61,"[[0.18050591 0.26319357 0.18594565 0.18261575 0.18773912]
 [0.12267616 0.35643656 0.08640194 0.05592305 0.37856229]
 [0.3842388  0.09636449 0.22949268 0.11891031 0.17099372]
 [0.28597354 0.0720316  0.0271405  0.59515424 0.01970012]
 [0.41341934 0.12768142 0.31548894 0.06695023 0.07646007]]"
62,"[[0.26797132 0.11037725 0.19237915 0.03405106 0.39522123]
 [0.32218805 0.00156236 0.05191247 0.19388496 0.43045216]
 [0.01263688 0.40301377 0.02713517 0.30532969 0.25188449]
 [0.09029647 0.369405   0.08525665 0.31769437 0.13734751]
 [0.19952645 0.22724712 0.13186725 0.38794795 0.05341123]]"
63,"[[0.07161102 0.29225269 0.3468047  0.27348572 0.01584588]
 [0.26814411 0.19604172 0.12437841 0.1806087  0.23082706]
 [0.31591992 0.30366406 0.03207869 0.1995418  0.14879553]
 [0.1590733  0.31844241 0.00209065 0.17167767 0.34871598]
 [0.28959784 0.19606161 0.43155189 0.07843825 0.00435041]]"
64,"[[0.22551088 0.21422323 0.14867114 0.13116827 0.28042649]
 [0.37505586 0.02574156 0.06260693 0.47565152 0.06094413]
 [0.13115021 0.26594408 0.20430696 0.22758389 0.17101485]
 [0.19760047 0.34385953 0.10480207 0.03868911 0.31504883]
 [0.27843181 0.21008256 0.0952635  0.35819699 0.05802514]]"
65,"[[0.28107355 0.19712339 0.26575992 0.09704186 0.15900128]
 [0.04969901 0.15944177 0.32092168 0.28313387 0.18680367]
 [0.16483214 0.28427996 0.26174477 0.05137589 0.23776724]
 [0.26932049 0.06221935 0.2326615  0.26993408 0.16586459]
 [0.13902104 0.21641115 0.31350419 0.25965203 0.0714116 ]]"
66,"[[0.36806642 0.10823391 0.07442856 0.16529023 0.28398088]
 [0.1831791  0.26644442 0.27562596 0.22809517 0.04665536]
 [0.24394233 0.32471348 0.19437953 0.18089442 0.05607025]
 [0.21818236 0.31317863 0.1922628  0.10286364 0.17351258]
 [0.29022304 0.29062586 0.17920449 0.08559232 0.1543543 ]]"
67,"[[0.11503357 0.25751269 0.19827251 0.04731009 0.38187114]
 [0.07203462 0.28874933 0.33234752 0.1767952  0.13007333]
 [0.19673164 0.13464953 0.12040391 0.19906485 0.34915008]
 [0.07423436 0.2280411  0.24592896 0.3109367  0.14085889]
 [0.31212931 0.13444169 0.0207019  0.17871119 0.35401592]]"
68,"[[0.30924895 0.30633714 0.11097231 0.13039951 0.14304208]
 [0.19764238 0.14633626 0.30530746 0.12678159 0.22393231]
 [0.22563727 0.30379702 0.21521691 0.20930233 0.04604647]
 [0.2406248  0.20775394 0.05693813 0.1904403  0.30424283]
 [0.1686645  0.13885214 0.21827178 0.2851236  0.18908798]]"
69,"[[0.22818784 0.02853723 0.16394992 0.31176154 0.26756347]
 [0.13960081 0.30655931 0.06061985 0.25105804 0.24216199]
 [0.34221794 0.15242084 0.29324956 0.14262185 0.06948981]
 [0.35453618 0.33601059 0.0924705  0.14533198 0.07165074]
 [0.062209   0.14348252 0.4055994  0.37073892 0.01797016]]"
70,"[[0.21342354 0.25837242 0.28749636 0.16757006 0.07313761]
 [0.30615196 0.05843907 0.37817516 0.22228043 0.03495338]
 [0.10361546 0.41748701 0.07924383 0.31825474 0.08139896]
 [0.36896484 0.0834196  0.22217038 0.18290155 0.14254364]
 [0.1965504  0.21863204 0.23931378 0.1846056  0.16089818]]"
71,"[[0.25799665 0.23243005 0.32948819 0.16733864 0.01274646]
 [0.2280125  0.23722008 0.2198166  0.21421994 0.10073088]
 [0.30479586 0.37529463 0.06588886 0.12070108 0.13331957]
 [0.18407414 0.20519904 0.04709832 0.42356739 0.14006111]
 [0.2136225  0.17617484 0.18173705 0.23531735 0.19314825]]"
72,"[[0.08575631 0.32250268 0.12075483 0.16299234 0.30799384]
 [0.38759189 0.27189939 0.03150775 0.1315169  0.17748408]
 [0.20393127 0.07364168 0.48069689 0.1918618  0.04986837]
 [0.18630626 0.13081467 0.31242462 0.27862732 0.09182714]
 [0.3514265  0.17661205 0.17282866 0.13277849 0.16635431]]"
73,"[[0.14159888 0.25447139 0.44309117 0.12459093 0.03624762]
 [0.06514769 0.19206161 0.41530781 0.31142536 0.01605753]
 [0.29214444 0.04490416 0.00354234 0.55799338 0.10141567]
 [0.24475708 0.17136528 0.32963116 0.12285813 0.13138835]
 [0.31357657 0.0777502  0.1028526  0.41567281 0.09014783]]"
74,"[[0.26457674 0.45032862 0.16130281 0.09809714 0.0256947 ]
 [0.32056733 0.41401569 0.09348481 0.10921814 0.06271402]
 [0.13843959 0.29532463 0.03219014 0.37315881 0.16088682]
 [0.23609354 0.14641244 0.27488285 0.22146454 0.12114663]
 [0.28272336 0.19263152 0.03788267 0.20745422 0.27930824]]"
75,"[[0.36988166 0.07303778 0.17541695 0.30437177 0.07729184]
 [0.25004992 0.16748909 0.25380052 0.09505968 0.23360079]
 [0.10514379 0.15912139 0.07649194 0.34018856 0.31905432]
 [0.1948812  0.33198462 0.24371008 0.00956473 0.21985937]
 [0.25599338 0.45410571 0.04438711 0.0513834  0.1941304 ]]"
76,"[[0.32576053 0.04628742 0.11584339 0.44268466 0.069424  ]
 [0.25396964 0.29481243 0.2359473  0.10918126 0.10608936]
 [0.13876959 0.24311467 0.36260944 0.17733507 0.07817123]
 [0.07363773 0.22725216 0.26883084 0.2416666  0.18861267]
 [0.19234855 0.24000612 0.12656077 0.21520122 0.22588334]]"
77,"[[0.02717725 0.10915607 0.29489743 0.22973144 0.33903782]
 [0.00418338 0.27110564 0.22436272 0.23847012 0.26187814]
 [0.39607012 0.13960175 0.23668466 0.0870951  0.14054837]
 [0.24073618 0.18690849 0.34069957 0.0505697  0.18108605]
 [0.11059333 0.43301687 0.01392848 0.33333787 0.10912344]]"
78,"[[0.4163064  0.09889902 0.15836187 0.16120755 0.16522516]
 [0.15857423 0.32484945 0.02713367 0.22394464 0.26549801]
 [0.20834271 0.40387738 0.00317499 0.06918783 0.3154171 ]
 [0.20829713 0.22381986 0.25170956 0.24130489 0.07486857]
 [0.44127233 0.12495235 0.09175497 0.03689326 0.30512709]]"
79,"[[0.24635354 0.32261755 0.06483561 0.04853361 0.3176597 ]
 [0.26433602 0.08189354 0.34499662 0.28690005 0.02187377]
 [0.30934863 0.30016653 0.062473   0.17033463 0.15767722]
 [0.42859132 0.18487948 0.17672292 0.04071333 0.16909295]
 [0.00635507 0.13428191 0.0252243  0.38288944 0.45124927]]"
80,"[[0.20110649 0.15509945 0.31751014 0.21865114 0.10763278]
 [0.20721646 0.17103909 0.23980253 0.13836547 0.24357645]
 [0.01492946 0.28897591 0.09473859 0.23909058 0.36226546]
 [0.12356087 0.03119637 0.21024152 0.32897055 0.30603068]
 [0.31095421 0.02973344 0.24442983 0.22584532 0.18903719]]"
81,"[[6.55594473e-02 1.73864985e-01 2.04278368e-01 1.91177103e-01
  3.65120096e-01]
 [2.89455650e-01 1.94926798e-04 5.19587909e-01 1.81930749e-01
  8.83076537e-03]
 [1.76742130e-01 2.77398275e-01 1.28703355e-01 2.08211997e-01
  2.08944244e-01]
 [4.50067253e-01 2.87647534e-01 4.21556858e-02 6.48266107e-02
  1.55302917e-01]
 [1.52961886e-01 3.32396945e-01 2.08180164e-01 1.51167391e-01
  1.55293614e-01]]"
82,"[[0.04714052 0.20205945 0.00047813 0.40098637 0.34933553]
 [0.34404337 0.39231021 0.10742601 0.02885988 0.12736053]
 [0.16320164 0.25995905 0.16370782 0.25010884 0.16302266]
 [0.24412634 0.1852155  0.22079387 0.21667838 0.13318591]
 [0.36208005 0.03589549 0.14949829 0.10920683 0.34331934]]"
83,"[[0.31683605 0.08270322 0.15697462 0.19578621 0.2476999 ]
 [0.07797637 0.23843952 0.30100372 0.21100363 0.17157677]
 [0.25271793 0.26927288 0.20994792 0.18140608 0.08665519]
 [0.17134574 0.36253865 0.11634914 0.25922509 0.09054137]
 [0.47259478 0.15901562 0.03295409 0.03021757 0.30521793]]"
84,"[[0.34446533 0.1768215  0.19949509 0.09422114 0.18499694]
 [0.08824597 0.11552148 0.22210072 0.15843803 0.4156938 ]
 [0.09428876 0.33388319 0.28776859 0.26793642 0.01612303]
 [0.08169119 0.06044787 0.34612982 0.23957854 0.27215258]
 [0.34949541 0.10463399 0.11755355 0.35258528 0.07573177]]"
85,"[[0.17423428 0.37312467 0.19876649 0.06978011 0.18409445]
 [0.27560822 0.08998019 0.10861048 0.30646479 0.21933632]
 [0.2677714  0.28084677 0.25755421 0.11735675 0.07647087]
 [0.24633333 0.12233768 0.23822712 0.18386993 0.20923194]
 [0.13172685 0.36493436 0.08448607 0.31488144 0.10397129]]"
86,"[[0.47720149 0.20964842 0.15128866 0.04134291 0.12051852]
 [0.18474091 0.20582531 0.34110892 0.13899297 0.12933189]
 [0.38715311 0.00567443 0.00525879 0.23118563 0.37072804]
 [0.23777526 0.22592577 0.22262439 0.09408787 0.21958671]
 [0.22093886 0.17507917 0.23862435 0.15021132 0.21514629]]"
87,"[[0.17804374 0.14809418 0.16062806 0.24302078 0.27021325]
 [0.17963042 0.30436877 0.22660519 0.09988878 0.18950685]
 [0.13285177 0.23558332 0.1814019  0.44619204 0.00397096]
 [0.26641404 0.01286589 0.27429779 0.19121668 0.2552056 ]
 [0.35953562 0.15333228 0.04451705 0.08120157 0.36141348]]"
88,"[[0.34421092 0.11712414 0.12754958 0.03473391 0.37638146]
 [0.20735525 0.35181429 0.32086875 0.020072   0.09988971]
 [0.16765963 0.34940303 0.11208925 0.09475529 0.2760928 ]
 [0.36994623 0.13399115 0.04167696 0.2812975  0.17308816]
 [0.13173261 0.05424111 0.0474769  0.44803242 0.31851696]]"
89,"[[0.2313942  0.0516418  0.20928541 0.31154552 0.19613307]
 [0.17303977 0.26000646 0.07852278 0.21793506 0.27049594]
 [0.37395528 0.33212302 0.12087796 0.14235128 0.03069246]
 [0.45800248 0.13523565 0.15051976 0.02559354 0.23064856]
 [0.38269202 0.24612148 0.19984471 0.09818197 0.07315983]]"
90,"[[0.28247901 0.22501754 0.10421003 0.26145169 0.12684174]
 [0.11607134 0.37287824 0.25917474 0.14443701 0.10743867]
 [0.17505036 0.1922569  0.00307037 0.22146025 0.40816212]
 [0.09438563 0.37271738 0.01377778 0.14745154 0.37166766]
 [0.39376006 0.3164381  0.10756435 0.02003563 0.16220186]]"
91,"[[0.45574197 0.0332323  0.32588299 0.15840093 0.02674181]
 [0.28202258 0.00741183 0.21222016 0.44374442 0.05460101]
 [0.27286563 0.27674891 0.21597496 0.07633447 0.15807603]
 [0.33381981 0.27349624 0.07304309 0.12603587 0.19360499]
 [0.36864867 0.18680204 0.17537454 0.1394533  0.12972145]]"
92,"[[0.24065219 0.23364834 0.09019189 0.22783228 0.20767531]
 [0.12833623 0.13737901 0.18873374 0.27742794 0.26812308]
 [0.17905226 0.29789093 0.38814498 0.01614535 0.11876648]
 [0.17632458 0.24680726 0.02411669 0.28310205 0.26964942]
 [0.28195566 0.30638762 0.17904911 0.16622693 0.06638068]]"
93,"[[0.33322491 0.2321972  0.00788546 0.32496838 0.10172405]
 [0.35565173 0.07906081 0.25776171 0.20527007 0.10225567]
 [0.28845207 0.09530049 0.17888145 0.21615167 0.22121431]
 [0.11391996 0.28868622 0.27810787 0.08176284 0.23752311]
 [0.15408155 0.34559947 0.0381719  0.11271676 0.34943032]]"
94,"[[0.17839935 0.20303025 0.29104209 0.0895192  0.23800912]
 [0.24661434 0.27098725 0.07041749 0.20629434 0.20568659]
 [0.25267673 0.2000918  0.26705104 0.25868154 0.0214989 ]
 [0.30328786 0.42134495 0.10518938 0.09343941 0.07673839]
 [0.11855612 0.19778562 0.18771014 0.23906794 0.25688017]]"
95,"[[0.26312504 0.25521531 0.17513752 0.30468047 0.00184167]
 [0.09790223 0.12388711 0.22721944 0.50797554 0.04301568]
 [0.31813879 0.22160849 0.02728831 0.39890186 0.03406256]
 [0.26803927 0.02716396 0.08011347 0.52099745 0.10368585]
 [0.14952672 0.44241347 0.32817243 0.02610583 0.05378155]]"
96,"[[0.21308452 0.35639999 0.14550047 0.17725266 0.10776236]
 [0.40339492 0.2207035  0.36916545 0.00154466 0.00519146]
 [0.00902717 0.5050219  0.27502203 0.08220571 0.12872319]
 [0.28179593 0.27212022 0.19616648 0.13273106 0.1171863 ]
 [0.27245697 0.03369644 0.24887094 0.09176923 0.35320643]]"
97,"[[0.20184949 0.26479626 0.33935319 0.02906801 0.16493305]
 [0.25843821 0.24902476 0.15143243 0.1071811  0.2339235 ]
 [0.09895151 0.3504655  0.24025277 0.11808537 0.19224485]
 [0.08133969 0.13977239 0.60397132 0.11548579 0.05943081]
 [0.07368625 0.20867322 0.11381205 0.42381214 0.18001635]]"
98,"[[0.13630198 0.268622   0.17124905 0.36323098 0.06059599]
 [0.03531561 0.20184964 0.08898281 0.01138707 0.66246486]
 [0.2499429  0.3077671  0.10796669 0.04755856 0.28676475]
 [0.20778685 0.17778672 0.31539855 0.05957253 0.23945536]
 [0.34477267 0.19400506 0.07616869 0.38050782 0.00454576]]"
99,"[[0.22685429 0.2750898  0.09699829 0.22863703 0.17242059]
 [0.27997384 0.3602934  0.1293364  0.20414487 0.0262515 ]
 [0.34314472 0.13608184 0.20424547 0.05622077 0.26030719]
 [0.4060788  0.22330098 0.18754377 0.10845841 0.07461804]
 [0.07092967 0.28128872 0.26356872 0.16914061 0.21507229]]"
100,"[[0.10761732 0.28657329 0.08476009 0.48892752 0.03212178]
 [0.34810805 0.31857736 0.20783471 0.11721127 0.00826861]
 [0.13990727 0.22496742 0.23133844 0.18862512 0.21516175]
 [0.20154219 0.32977627 0.24990664 0.20078296 0.01799193]
 [0.15178213 0.17632191 0.42035256 0.10252903 0.14901436]]"
101,"[[4.48794477e-02 9.05399236e-02 1.27770781e-01 1.13092254e-01
  3.48039520e-02 1.08601439e-01 1.59945468e-01 1.57931800e-01
  3.37493309e-02 1.28685605e-01]
 [9.29690262e-02 3.10450677e-02 2.17185373e-01 1.96536003e-01
  1.40388835e-01 1.03947426e-01 1.92057117e-02 3.44148308e-02
  4.88945136e-02 1.15413213e-01]
 [3.15214115e-02 1.54420192e-01 1.58784577e-01 1.71711455e-01
  1.02987900e-01 1.21780299e-01 1.21811673e-01 2.29358440e-02
  9.76886635e-02 1.63579859e-02]
 [1.70135599e-01 1.51166953e-01 1.35369491e-02 1.48781291e-01
  6.95389871e-02 1.47129554e-01 1.32279530e-01 4.17636064e-02
  1.20319671e-01 5.34785789e-03]
 [2.19127768e-01 1.18183341e-02 6.99065466e-02 2.18152504e-01
  6.04950576e-02 2.17811201e-02 2.41246507e-01 1.01313747e-01
  5.18601810e-02 4.29823413e-03]
 [6.55934660e-02 8.75165780e-02 1.62512431e-01 1.90344107e-01
  9.98820016e-02 2.17868423e-01 5.96825980e-02 7.66387920e-02
  5.42849757e-03 3.45331047e-02]
 [2.45432435e-01 1.86307995e-01 7.87765859e-02 3.31450816e-02
  1.72753179e-02 1.33545191e-01 2.08947641e-01 5.45906183e-02
  4.06023648e-02 1.37676890e-03]
 [1.13318229e-01 2.12630675e-01 1.71249448e-01 8.74708526e-02
  6.47649831e-02 5.52205220e-02 2.05128642e-02 2.25368467e-02
  2.52292458e-01 3.12122587e-06]
 [1.91223376e-01 1.33315093e-01 1.34930345e-01 3.18419333e-02
  5.65743219e-02 1.06054966e-01 8.90202172e-02 2.42560101e-02
  1.93193754e-01 3.95899827e-02]
 [1.64933957e-01 1.57416851e-01 2.62422173e-01 1.82175316e-01
  2.38465487e-02 6.59063112e-02 1.22005554e-02 1.13507300e-01
  1.13892159e-02 6.20177257e-03]]"
102,"[[0.08745069 0.07797203 0.17198181 0.03806302 0.18649238 0.0760969
  0.08263281 0.09621686 0.12446601 0.0586275 ]
 [0.12505431 0.14158179 0.01245991 0.15751936 0.12321999 0.14397282
  0.04406677 0.09699829 0.12138    0.03374677]
 [0.16190464 0.09165802 0.13122747 0.01270065 0.1234246  0.13913729
  0.07197866 0.1125056  0.06575977 0.08970329]
 [0.16197346 0.06675413 0.18152953 0.0984508  0.05658673 0.18369974
  0.06405697 0.10223483 0.00838715 0.07632666]
 [0.07463581 0.10733709 0.0724604  0.09446607 0.1376242  0.01211005
  0.21113999 0.01150567 0.22981383 0.04890689]
 [0.18108719 0.10275658 0.13016711 0.13359398 0.02401335 0.15057413
  0.11833491 0.05447109 0.0328874  0.07211427]
 [0.15884301 0.11727358 0.09143692 0.14447243 0.00660594 0.07032703
  0.01260706 0.05930367 0.14823391 0.19089645]
 [0.14724072 0.08527735 0.06859437 0.00845992 0.13980618 0.13549192
  0.06581713 0.14968402 0.07985932 0.11976906]
 [0.06405653 0.00438793 0.1430141  0.11732592 0.11333235 0.14191195
  0.09162098 0.09364059 0.08917852 0.14153112]
 [0.10661864 0.15953218 0.10687491 0.13857471 0.16858312 0.11298036
  0.04823225 0.04288272 0.06354312 0.05217799]]"
103,"[[0.13148372 0.12319074 0.07522402 0.11846958 0.13575992 0.08402351
  0.11557402 0.09690416 0.00594814 0.11342219]
 [0.11611882 0.01372082 0.0051213  0.18075665 0.15129662 0.07700203
  0.16074387 0.14863611 0.13731437 0.0092894 ]
 [0.11157977 0.17307586 0.17829033 0.01737996 0.085651   0.01960264
  0.05588777 0.12382382 0.10589812 0.12881073]
 [0.09657412 0.23413843 0.0290375  0.21405363 0.00872182 0.0666589
  0.19143347 0.09684142 0.00468079 0.05785993]
 [0.16315731 0.06549075 0.18315497 0.16055793 0.01823135 0.13947831
  0.13210711 0.00178368 0.0864354  0.04960319]
 [0.14156137 0.10938655 0.00942027 0.12136139 0.00598223 0.0732304
  0.09631861 0.10441259 0.17205919 0.1662674 ]
 [0.15773263 0.16141643 0.02815158 0.06400373 0.15010291 0.0830162
  0.1149426  0.05778511 0.11699137 0.06585745]
 [0.17053988 0.04784337 0.01797708 0.17253462 0.06809954 0.18616741
  0.14583599 0.05203406 0.12613931 0.01282874]
 [0.17187535 0.10241077 0.07501196 0.03986465 0.0843258  0.06565979
  0.05891284 0.19526654 0.14549767 0.06117462]
 [0.14058466 0.13555823 0.02559153 0.14268008 0.14668403 0.04156043
  0.13569436 0.03208032 0.09966958 0.09989679]]"
104,"[[0.18263393 0.13605015 0.16218068 0.00164471 0.12415066 0.11339298
  0.05421461 0.10083494 0.04573974 0.0791576 ]
 [0.05218743 0.12738388 0.15054152 0.13512541 0.10244034 0.08869192
  0.10603088 0.06919376 0.10001026 0.0683946 ]
 [0.05567278 0.12671505 0.11073671 0.12482016 0.15891499 0.17562548
  0.03767843 0.02670461 0.12992959 0.05320221]
 [0.18776145 0.11703047 0.15041147 0.19882416 0.17917581 0.11020709
  0.03567131 0.01245025 0.00552967 0.00293831]
 [0.07819653 0.06735632 0.06774354 0.36097008 0.11389954 0.02934515
  0.04273391 0.08092941 0.0090127  0.14981281]
 [0.12134258 0.24826476 0.25373461 0.09395861 0.0805289  0.05983269
  0.03449857 0.05867478 0.03463929 0.01452521]
 [0.10274192 0.2096959  0.13075525 0.13157449 0.19266483 0.11848388
  0.05983354 0.00327502 0.03078809 0.02018708]
 [0.10207249 0.14620174 0.13964029 0.06867175 0.09506543 0.07957678
  0.14185263 0.0772435  0.13848659 0.0111888 ]
 [0.1365822  0.06327121 0.20307281 0.07802063 0.07376541 0.07931043
  0.18028695 0.09641678 0.03112664 0.05814694]
 [0.08859391 0.13353466 0.08602763 0.14319081 0.09661063 0.10428433
  0.04790279 0.09017752 0.06512504 0.14455267]]"
105,"[[0.04685111 0.10433387 0.19759983 0.12955073 0.17899642 0.07961897
  0.02288396 0.03432123 0.10787708 0.09796679]
 [0.1673647  0.1513424  0.16180121 0.11592836 0.05580481 0.07846636
  0.11747558 0.04341784 0.01937709 0.08902165]
 [0.13407016 0.06605722 0.14593017 0.11010096 0.06179204 0.09793247
  0.16030644 0.13215145 0.04233817 0.04932091]
 [0.06008924 0.06934529 0.09657293 0.21284167 0.12215673 0.04887194
  0.16245204 0.1560509  0.04466942 0.02694984]
 [0.1361377  0.10506509 0.12564988 0.19089399 0.05302272 0.04393031
  0.1232182  0.12327431 0.0550818  0.04372602]
 [0.11359165 0.09603711 0.14377216 0.17913653 0.04862722 0.0018672
  0.07450224 0.13848541 0.06653981 0.13744068]
 [0.18232304 0.09097748 0.17611346 0.05477857 0.05814305 0.03813291
  0.13506438 0.09632343 0.15810748 0.01003621]
 [0.04019627 0.20262101 0.01058323 0.02234038 0.21196653 0.13739394
  0.19503163 0.05816051 0.02065382 0.10105267]
 [0.08701047 0.12570596 0.14350259 0.13278922 0.08332331 0.10171139
  0.02933476 0.04704154 0.14013012 0.10945064]
 [0.09448678 0.13102092 0.11073859 0.13567876 0.01615197 0.12794681
  0.07362563 0.10949443 0.14064975 0.06020635]]"
106,"[[0.07582006 0.19194864 0.0322899  0.14321884 0.17440912 0.10880449
  0.03112508 0.16632555 0.01666663 0.0593917 ]
 [0.19513409 0.11146212 0.18402914 0.11874268 0.14785752 0.06551077
  0.06615567 0.01902045 0.0783527  0.01373488]
 [0.17558078 0.16161828 0.14816425 0.11903027 0.13304425 0.00969472
  0.10629597 0.0466907  0.01880936 0.08107142]
 [0.19558529 0.10375544 0.13064917 0.10040163 0.03649034 0.02900775
  0.07591725 0.10821177 0.04401397 0.1759674 ]
 [0.18262716 0.09023768 0.08045819 0.16957087 0.2077385  0.09519245
  0.01468895 0.01387402 0.1036511  0.04196108]
 [0.14915691 0.14001873 0.12573237 0.14013444 0.1513034  0.1314113
  0.09363238 0.019124   0.04582366 0.00366282]
 [0.15257495 0.20843657 0.10928704 0.03440901 0.1714884  0.09769012
  0.01814988 0.00736263 0.13020043 0.07040098]
 [0.2281399  0.18369584 0.00663099 0.06717111 0.0664698  0.07256773
  0.13559161 0.10265738 0.11267373 0.02440192]
 [0.00807484 0.15616037 0.13118759 0.12125815 0.09431701 0.14195308
  0.03473633 0.09061284 0.06545023 0.15624955]
 [0.01815338 0.11464045 0.16683732 0.03811708 0.16002534 0.04706883
  0.16798163 0.13929025 0.14645612 0.00142961]]"
107,"[[0.15715387 0.17126876 0.13668447 0.08973689 0.12268469 0.09208366
  0.13573834 0.01462259 0.04412383 0.03590289]
 [0.10036698 0.12952025 0.00625942 0.24976809 0.05970345 0.08081641
  0.05452293 0.09931664 0.17607742 0.04364842]
 [0.14468234 0.10609338 0.15118998 0.01387479 0.02828273 0.1493883
  0.14394769 0.07355847 0.11647082 0.0725115 ]
 [0.11880596 0.1152904  0.03302341 0.09825058 0.01161973 0.11729537
  0.13566854 0.12555705 0.1274066  0.11708237]
 [0.12578013 0.01478831 0.102519   0.16786731 0.0130794  0.09750041
  0.15411499 0.09026367 0.19991089 0.03417589]
 [0.17511017 0.05467961 0.07309648 0.1595747  0.08541064 0.09481339
  0.03443706 0.08103635 0.17828116 0.06356042]
 [0.08878638 0.14464787 0.18196125 0.0210298  0.06097456 0.13654433
  0.09987905 0.11248046 0.08200653 0.07168978]
 [0.18331668 0.01058557 0.16565907 0.03477414 0.06386507 0.05314366
  0.15959517 0.07072181 0.10709039 0.15124846]
 [0.02906537 0.09763684 0.16970695 0.17864896 0.06150816 0.11112524
  0.07695112 0.13677891 0.11013549 0.02844297]
 [0.12764036 0.12533479 0.15116856 0.12700521 0.07656685 0.03435136
  0.10577857 0.07552    0.09724053 0.07939377]]"
108,"[[0.17747228 0.16015786 0.10647174 0.05407028 0.07082903 0.05975209
  0.09963525 0.02912284 0.11029855 0.13219009]
 [0.17691016 0.07462577 0.14500858 0.11082932 0.16124747 0.18833263
  0.00881272 0.02371329 0.06538836 0.0451317 ]
 [0.02126802 0.12721972 0.18493834 0.20535934 0.11893288 0.11891658
  0.084865   0.00597167 0.04686123 0.08566723]
 [0.08172091 0.11573604 0.25894054 0.04833187 0.04490915 0.13956591
  0.00872894 0.03756914 0.01472906 0.24976844]
 [0.17770004 0.22855665 0.07526714 0.03674189 0.21834684 0.01966993
  0.1152456  0.07674293 0.01966759 0.03206139]
 [0.03841843 0.22121956 0.25544956 0.03643061 0.02341376 0.18050825
  0.01518267 0.01727713 0.09801963 0.11408038]
 [0.18961438 0.10048584 0.02921966 0.1361368  0.08281397 0.14175555
  0.11547309 0.11297235 0.03192539 0.05960296]
 [0.2062716  0.14284977 0.04362207 0.01421004 0.07072766 0.03721715
  0.21445786 0.03581343 0.22080569 0.01402473]
 [0.18672483 0.1309249  0.19975477 0.06897475 0.0693286  0.04423105
  0.01215721 0.03884746 0.0299938  0.21906263]
 [0.25290309 0.01552513 0.01425819 0.01157947 0.26390046 0.18484991
  0.0124207  0.06362645 0.171957   0.0089796 ]]"
109,"[[0.1636855  0.04206818 0.18674826 0.0113468  0.17008865 0.15617681
  0.01428047 0.08922819 0.01290263 0.15347451]
 [0.0744045  0.19172929 0.17925525 0.01475452 0.08688412 0.02348609
  0.25010371 0.0557597  0.04350993 0.0801129 ]
 [0.18272444 0.12608744 0.17081456 0.11780976 0.06601748 0.05509011
  0.16527036 0.03362904 0.05077979 0.03177701]
 [0.13204846 0.20343825 0.10521514 0.07144393 0.19552347 0.02862545
  0.09372472 0.01439766 0.00305535 0.15252757]
 [0.19191802 0.21959373 0.11289147 0.1903286  0.03666198 0.0553122
  0.09522083 0.04662616 0.04894322 0.00250379]
