,0
1,"[[0.22589443 0.17120023 0.30476735 0.03119447 0.26694352]
 [0.28115519 0.28250916 0.14911612 0.24210383 0.0451157 ]
 [0.18047546 0.16736995 0.43362049 0.14888289 0.06965121]
 [0.16556478 0.39835929 0.29399781 0.01010287 0.13197525]
 [0.18553442 0.25255756 0.23501935 0.21626356 0.11062511]]"
2,"[[0.22399062 0.29626496 0.07329894 0.15105511 0.25539038]
 [0.28050707 0.27745927 0.2416951  0.05684486 0.1434937 ]
 [0.34081875 0.26744677 0.0976609  0.00522636 0.28884721]
 [0.38655722 0.21293924 0.22452375 0.04853632 0.12744348]
 [0.36182923 0.18958179 0.1335465  0.1819637  0.13307879]]"
3,"[[0.38760633 0.36690596 0.17879866 0.01879116 0.04789788]
 [0.29888685 0.09667303 0.25677257 0.26507365 0.0825939 ]
 [0.19367342 0.31910048 0.22927836 0.20646852 0.05147922]
 [0.43757678 0.23908109 0.25503236 0.01578929 0.05252048]
 [0.26323586 0.26436236 0.20812779 0.18651049 0.07776349]]"
4,"[[0.37053453 0.01058066 0.22812717 0.373209   0.01754864]
 [0.22244692 0.25208609 0.2181924  0.1368794  0.17039519]
 [0.26998531 0.29497532 0.23410865 0.1274539  0.07347682]
 [0.41631771 0.37064668 0.1534948  0.03727429 0.02226653]
 [0.28661532 0.2744486  0.25550138 0.13580638 0.04762832]]"
5,"[[0.25074451 0.22768533 0.1760273  0.17417541 0.17136745]
 [0.29392138 0.518317   0.12824049 0.0342364  0.02528473]
 [0.26587257 0.24536198 0.21603322 0.22361939 0.04911284]
 [0.4359437  0.02904116 0.00614438 0.10206388 0.42680688]
 [0.27276048 0.26214091 0.17052295 0.21155418 0.08302147]]"
6,"[[0.38817016 0.3358682  0.09813917 0.09015989 0.08766257]
 [0.19792988 0.13806061 0.2812437  0.09414637 0.28861944]
 [0.29347986 0.29126717 0.27886557 0.03924384 0.09714357]
 [0.36377174 0.37072903 0.22033533 0.03051884 0.01464506]
 [0.26332553 0.24645433 0.2276413  0.0949018  0.16767704]]"
7,"[[0.46379139 0.26331371 0.1741474  0.0850026  0.0137449 ]
 [0.26866324 0.31057442 0.04405087 0.13485059 0.24186088]
 [0.38528881 0.1764086  0.16686974 0.23860264 0.03283021]
 [0.27664093 0.13282587 0.25413015 0.25506957 0.08133348]
 [0.26711977 0.5007044  0.05498843 0.1681149  0.00907251]]"
8,"[[0.31533691 0.24937863 0.19512964 0.11996039 0.12019444]
 [0.20975403 0.19735668 0.33259817 0.07975893 0.18053219]
 [0.41551067 0.2116863  0.17761325 0.18299054 0.01219924]
 [0.33535389 0.39657131 0.0845591  0.00659038 0.17692532]
 [0.39188593 0.24305816 0.17592421 0.12631536 0.06281634]]"
9,"[[0.1756144  0.35697296 0.2331801  0.14728838 0.08694417]
 [0.3263605  0.26474083 0.21686991 0.17411746 0.01791129]
 [0.26431134 0.23117109 0.16047693 0.20804928 0.13599136]
 [0.33431108 0.27918913 0.16488282 0.16058335 0.06103362]
 [0.30776242 0.39699294 0.10105931 0.05269644 0.1414889 ]]"
10,"[[0.03241005 0.46673072 0.48930977 0.01027961 0.00126985]
 [0.23629884 0.21329534 0.10753237 0.18743123 0.25544222]
 [0.24199072 0.23822737 0.2349507  0.08267506 0.20215614]
 [0.24130079 0.23519318 0.20380362 0.17036199 0.14934042]
 [0.35382877 0.2131327  0.12922088 0.10971112 0.19410652]]"
11,"[[0.21430131 0.35422402 0.15016065 0.26985396 0.01146006]
 [0.41518384 0.39700237 0.04962258 0.06981983 0.06837138]
 [0.2665458  0.23754692 0.18827451 0.16239358 0.14523919]
 [0.24397651 0.24117503 0.21909128 0.13655703 0.15920014]
 [0.36679928 0.23668087 0.21167115 0.07489142 0.10995728]]"
12,"[[0.46295038 0.37292031 0.13158995 0.01022138 0.02231799]
 [0.48893688 0.12959628 0.27581255 0.08407084 0.02158345]
 [0.39105611 0.29212435 0.25921317 0.03506273 0.02254365]
 [0.27015863 0.22688832 0.1332919  0.15161726 0.2180439 ]
 [0.43664923 0.18051653 0.25344767 0.06944521 0.05994136]]"
13,"[[3.01410869e-01 2.91490372e-01 1.89917702e-01 1.65052064e-01
  5.21289929e-02]
 [4.77180477e-01 3.08106716e-01 1.02334184e-01 8.42052233e-02
  2.81733995e-02]
 [3.22324716e-01 1.15959382e-01 3.14539978e-01 1.51021894e-01
  9.61540309e-02]
 [3.50119323e-01 2.99563049e-01 1.68872524e-01 4.49460107e-02
  1.36499093e-01]
 [5.56027194e-01 2.87309670e-01 1.21434344e-01 3.49306938e-02
  2.98097991e-04]]"
14,"[[0.18562424 0.63318646 0.14114359 0.01075098 0.02929472]
 [0.4586405  0.17989339 0.1363735  0.15132992 0.07376268]
 [0.22650526 0.14870879 0.28788373 0.0996474  0.23725482]
 [0.3143078  0.31408941 0.09410233 0.18763588 0.08986459]
 [0.35478309 0.25522525 0.17289224 0.14303256 0.07406686]]"
15,"[[0.36034625 0.33176562 0.1589937  0.05701903 0.0918754 ]
 [0.26544933 0.2471727  0.2314832  0.14022174 0.11567302]
 [0.34292798 0.32943267 0.1165455  0.08327823 0.12781561]
 [0.34877084 0.25637668 0.18817912 0.17870146 0.0279719 ]
 [0.25761393 0.28062457 0.23028122 0.15657205 0.07490824]]"
16,"[[0.28192026 0.23852668 0.22530479 0.16937967 0.0848686 ]
 [0.09356695 0.0587741  0.40788007 0.3858054  0.05397348]
 [0.27312334 0.26949332 0.24096507 0.07975427 0.136664  ]
 [0.38047611 0.25623493 0.15676641 0.08485556 0.12166699]
 [0.29846182 0.24199027 0.17905733 0.03116598 0.2493246 ]]"
17,"[[0.23508237 0.20758332 0.19356451 0.1836613  0.1801085 ]
 [0.46318774 0.04482878 0.41215479 0.03294149 0.0468872 ]
 [0.25725466 0.19533381 0.03973662 0.32506117 0.18261374]
 [0.34069371 0.31931446 0.09234013 0.20148665 0.04616505]
 [0.402311   0.21553681 0.15704563 0.20566339 0.01944318]]"
18,"[[0.34298173 0.26775925 0.13962605 0.1993507  0.05028226]
 [0.47911302 0.4012994  0.02962326 0.04702757 0.04293675]
 [0.28402412 0.0676823  0.38380445 0.19722677 0.06726236]
 [0.30621727 0.27624674 0.1441547  0.22196786 0.05141343]
 [0.32922721 0.07388357 0.43258577 0.12942985 0.0348736 ]]"
19,"[[0.53409286 0.11265794 0.2512451  0.00932708 0.09267702]
 [0.29549265 0.33049198 0.21712619 0.01423147 0.14265772]
 [0.26160338 0.25872809 0.2571329  0.11637878 0.10615684]
 [0.32680684 0.3312563  0.10483637 0.08123961 0.15586088]
 [0.68393281 0.1531336  0.09581501 0.03170699 0.03541159]]"
20,"[[0.34549245 0.24792026 0.22690619 0.10440983 0.07527126]
 [0.37926496 0.21138063 0.35518831 0.02542447 0.02874162]
 [0.33213989 0.27512211 0.12239311 0.20093542 0.06940947]
 [0.28885567 0.3002986  0.11491139 0.21724655 0.0786878 ]
 [0.19387053 0.19842443 0.26671337 0.25634593 0.08464574]]"
21,"[[0.26018545 0.24049264 0.21811352 0.21621354 0.06499486]
 [0.23145603 0.25038069 0.06169334 0.23236792 0.22410202]
 [0.28115363 0.26915542 0.22085136 0.15354032 0.07529927]
 [0.4077729  0.25892093 0.26673922 0.06408261 0.00248434]
 [0.31896427 0.21708089 0.24311681 0.12023428 0.10060376]]"
22,"[[0.40178267 0.2768378  0.0716248  0.10269388 0.14706086]
 [0.29479308 0.2874607  0.22235289 0.10267796 0.09271537]
 [0.24678882 0.29211991 0.23055127 0.19858221 0.03195779]
 [0.35165696 0.28380377 0.10219271 0.14647475 0.11587181]
 [0.29621546 0.20093346 0.18468992 0.18167744 0.13648372]]"
23,"[[0.34902429 0.1354432  0.36141704 0.00313471 0.15098075]
 [0.37942417 0.25764126 0.18229958 0.08877651 0.09185848]
 [0.30368805 0.35099421 0.24580277 0.08994418 0.0095708 ]
 [0.34208518 0.13074386 0.44350631 0.0796003  0.00406436]
 [0.28778828 0.17211303 0.15759017 0.10127157 0.28123696]]"
24,"[[0.35946862 0.205446   0.14525814 0.18293078 0.10689646]
 [0.29805568 0.22395962 0.18116259 0.16485257 0.13196953]
 [0.28376043 0.20768305 0.28310551 0.15493319 0.07051782]
 [0.21496993 0.13668353 0.33508997 0.22720924 0.08604732]
 [0.3339529  0.16872546 0.29219567 0.0325472  0.17257877]]"
25,"[[0.32752965 0.30437912 0.10649018 0.25510619 0.00649485]
 [0.23257263 0.28812404 0.21960998 0.25918162 0.00051172]
 [0.32566876 0.2968668  0.03409282 0.20505185 0.13831977]
 [0.22768064 0.46172841 0.17482489 0.11170386 0.0240622 ]
 [0.31075495 0.32404963 0.27523093 0.06907333 0.02089115]]"
26,"[[0.45111113 0.25558375 0.24258128 0.00185913 0.04886471]
 [0.30548479 0.18167998 0.25032903 0.21904954 0.04345665]
 [0.16397641 0.45405801 0.28704415 0.03123515 0.06368628]
 [0.37682847 0.25321046 0.19847538 0.16455994 0.00692575]
 [0.25213324 0.25157513 0.2464353  0.16410586 0.08575047]]"
27,"[[0.27258508 0.13817488 0.24519245 0.28295013 0.06109745]
 [0.26096706 0.21971523 0.34434624 0.05693993 0.11803154]
 [0.40547215 0.28998643 0.07706121 0.21648747 0.01099274]
 [0.2571988  0.17676292 0.45738377 0.08661026 0.02204425]
 [0.45902789 0.34772795 0.10882316 0.04509343 0.03932757]]"
28,"[[0.22581081 0.15860233 0.30963344 0.22426023 0.08169318]
 [0.46881925 0.17327259 0.04265825 0.27724803 0.03800189]
 [0.3424558  0.32598426 0.14083461 0.15443259 0.03629274]
 [0.26760202 0.27175853 0.26673137 0.15289608 0.041012  ]
 [0.1782861  0.54883915 0.01063357 0.00568082 0.25656037]]"
29,"[[0.29438206 0.32814732 0.27453852 0.09441444 0.00851766]
 [0.26238527 0.26212226 0.11521186 0.2559727  0.10430791]
 [0.32860842 0.23576226 0.2382344  0.17963263 0.01776229]
 [0.01097785 0.48759881 0.32528568 0.10239034 0.07374733]
 [0.35418891 0.28827035 0.27157993 0.06076289 0.02519792]]"
30,"[[0.28723627 0.12664651 0.25598276 0.25882789 0.07130657]
 [0.28801943 0.25787094 0.09854138 0.14761749 0.20795077]
 [0.34974561 0.1916446  0.25786414 0.04290678 0.15783887]
 [0.37427049 0.00584072 0.23570907 0.33452998 0.04964973]
 [0.46343997 0.31453035 0.15893172 0.0522824  0.01081556]]"
31,"[[0.27028738 0.24636624 0.22803317 0.24086355 0.01444966]
 [0.40628129 0.30169031 0.09910466 0.1489424  0.04398134]
 [0.29839895 0.24182379 0.17768895 0.17418358 0.10790473]
 [0.29323795 0.29407229 0.10755973 0.06852049 0.23660954]
 [0.38525335 0.27665229 0.2425118  0.07775246 0.0178301 ]]"
32,"[[0.25123721 0.24184948 0.24096052 0.1184513  0.1475015 ]
 [0.43163279 0.1294713  0.31538017 0.09028536 0.03323038]
 [0.33902191 0.41883614 0.10964925 0.10135933 0.03113336]
 [0.3116652  0.24598331 0.21389125 0.12603266 0.10242759]
 [0.51465961 0.25045393 0.0700765  0.14655957 0.01825039]]"
33,"[[0.33884414 0.23617047 0.16757406 0.12853472 0.12887661]
 [0.28449186 0.22852235 0.23553323 0.15493323 0.09651933]
 [0.08243907 0.14793777 0.39981976 0.08162459 0.28817881]
 [0.24265093 0.2688984  0.31567797 0.09184718 0.08092552]
 [0.25195689 0.2334063  0.18915832 0.18477701 0.14070148]]"
34,"[[0.23814193 0.13630442 0.3839567  0.01338527 0.22821168]
 [0.26685853 0.2065961  0.21337437 0.18789774 0.12527326]
 [0.26752989 0.32377477 0.22101722 0.0314735  0.15620461]
 [0.33870835 0.2856134  0.14283008 0.13813453 0.09471364]
 [0.45197883 0.28013384 0.13419153 0.11451466 0.01918113]]"
35,"[[0.51670621 0.13519745 0.10227308 0.03680115 0.20902212]
 [0.27390261 0.22644372 0.25227826 0.14024896 0.10712645]
 [0.26917819 0.35841227 0.17701046 0.14588434 0.04951473]
 [0.14619266 0.38204432 0.38957092 0.05061643 0.03157567]
 [0.41812687 0.07793534 0.05383068 0.3214291  0.12867802]]"
36,"[[0.23600024 0.42071522 0.19141203 0.10390151 0.04797101]
 [0.28638811 0.18319334 0.36191798 0.13512871 0.03337187]
 [0.31383234 0.25621724 0.1658998  0.07721488 0.18683574]
 [0.3121582  0.24862355 0.15691484 0.27431114 0.00799227]
 [0.42895794 0.30752039 0.13784236 0.12035696 0.00532235]]"
37,"[[0.48321642 0.18259157 0.11998118 0.10745684 0.10675399]
 [0.39252139 0.17970934 0.27482997 0.08496338 0.06797592]
 [0.53103681 0.26816733 0.08302169 0.05120405 0.06657012]
 [0.01847706 0.30524119 0.34053095 0.32011666 0.01563414]
 [0.31738472 0.19245463 0.20417713 0.12436237 0.16162115]]"
38,"[[0.22399845 0.35194591 0.29343814 0.03421691 0.0964006 ]
 [0.21218891 0.28313815 0.25437767 0.04919291 0.20110236]
 [0.15484887 0.38827641 0.36662765 0.05150938 0.03873768]
 [0.342571   0.28551307 0.18205387 0.11907232 0.07078973]
 [0.34104348 0.27478534 0.09578065 0.11688625 0.17150428]]"
39,"[[0.11292212 0.26575335 0.28390828 0.17934114 0.15807511]
 [0.25763521 0.24632173 0.013442   0.27839513 0.20420593]
 [0.38684639 0.23019985 0.21160299 0.16604356 0.00530721]
 [0.2557827  0.24447985 0.19190686 0.20832074 0.09950985]
 [0.20072922 0.19507301 0.21222622 0.17701487 0.21495668]]"
40,"[[0.29124535 0.19210099 0.22516975 0.19064345 0.10084047]
 [0.27030022 0.28299832 0.25209318 0.14444438 0.0501639 ]
 [0.23935942 0.21736009 0.17873613 0.18657368 0.17797067]
 [0.16701041 0.41251287 0.15690071 0.15148029 0.11209572]
 [0.29207929 0.22977306 0.15345901 0.22938675 0.09530189]]"
41,"[[0.19079944 0.18926961 0.37820552 0.23844545 0.00327997]
 [0.36714839 0.29127614 0.20260842 0.09510293 0.04386411]
 [0.24259404 0.24143392 0.23017969 0.09598788 0.18980447]
 [0.41963511 0.36159863 0.07951292 0.10379297 0.03546038]
 [0.20326518 0.3533271  0.26084025 0.14964877 0.03291871]]"
42,"[[0.35652826 0.14605208 0.32933982 0.14571285 0.02236699]
 [0.42580714 0.05151993 0.31135481 0.16901759 0.04230053]
 [0.36052706 0.26564405 0.20034078 0.11893575 0.05455236]
 [0.33387926 0.29529566 0.20652964 0.15292617 0.01136928]
 [0.25969449 0.21648159 0.07621973 0.24704011 0.20056408]]"
43,"[[0.30057833 0.19286216 0.40338489 0.05436199 0.04881264]
 [0.44893924 0.29634407 0.17492928 0.05178628 0.02800112]
 [0.23902155 0.28771032 0.22829054 0.05098897 0.19398862]
 [0.40766164 0.2855431  0.08366343 0.14282105 0.08031077]
 [0.25748141 0.16916285 0.25310794 0.1037276  0.21652021]]"
44,"[[0.01971328 0.4113932  0.48238935 0.0688416  0.01766257]
 [0.29909441 0.24333214 0.26726493 0.10929376 0.08101476]
 [0.31665011 0.27035324 0.10522575 0.10369982 0.20407109]
 [0.2475659  0.19993569 0.22967169 0.18015126 0.14267546]
 [0.32487012 0.23673971 0.0459415  0.21519158 0.1772571 ]]"
45,"[[0.19794854 0.26379193 0.31265221 0.05376158 0.17184574]
 [0.24780831 0.29246157 0.25974081 0.18814403 0.01184527]
 [0.23152701 0.21805923 0.23634428 0.19289581 0.12117367]
 [0.28940088 0.25856216 0.24448294 0.01513428 0.19241974]
 [0.37917082 0.26195475 0.0910376  0.228318   0.03951883]]"
46,"[[0.30569159 0.20512368 0.17475609 0.16810472 0.14632392]
 [0.28557369 0.17768517 0.21389241 0.20644352 0.11640522]
 [0.30744098 0.26294418 0.21849535 0.1441399  0.06697959]
 [0.20014303 0.14104462 0.21867877 0.01241938 0.42771421]
 [0.01385163 0.35787632 0.29895744 0.24302384 0.08629077]]"
47,"[[0.22982678 0.05482182 0.17496098 0.31180611 0.22858431]
 [0.34509889 0.18187606 0.22626311 0.14711491 0.09964703]
 [0.32180282 0.2518942  0.21756793 0.05298672 0.15574832]
 [0.15937116 0.14233966 0.30060473 0.30629012 0.09139434]
 [0.46328361 0.20812325 0.1719398  0.03665    0.12000335]]"
48,"[[0.31652799 0.27589585 0.22004102 0.12380214 0.06373301]
 [0.3383655  0.36283635 0.23062889 0.05874014 0.00942912]
 [0.35087857 0.24928129 0.1986969  0.12594137 0.07520187]
 [0.29251801 0.2146498  0.27469929 0.1191342  0.09899869]
 [0.29335064 0.21968254 0.2390396  0.16853725 0.07938996]]"
49,"[[0.2290086  0.2206889  0.2218148  0.11298959 0.2154981 ]
 [0.30034202 0.13174478 0.26634035 0.17732471 0.12424814]
 [0.30206227 0.34788288 0.20007058 0.13816747 0.01181679]
 [0.39069714 0.18936051 0.17682138 0.15889109 0.08422989]
 [0.39758031 0.30566221 0.04930585 0.20911994 0.03833168]]"
50,"[[0.30875611 0.30439942 0.17143705 0.09680016 0.11860726]
 [0.37391115 0.29967371 0.10414299 0.21708276 0.00518938]
 [0.33539007 0.14331161 0.17547205 0.31241271 0.03341356]
 [0.21809904 0.21505189 0.43810472 0.10868805 0.0200563 ]
 [0.35022225 0.22796646 0.21886273 0.10912057 0.09382799]]"
51,"[[0.27355082 0.32440378 0.12865565 0.19014929 0.08324045]
 [0.56187201 0.1418652  0.13303773 0.10214075 0.06108431]
 [0.28737571 0.20441679 0.22933915 0.16978663 0.10908171]
 [0.34443241 0.3055489  0.16285509 0.03977501 0.1473886 ]
 [0.31336394 0.27644123 0.13123462 0.20399333 0.07496688]]"
52,"[[0.23921095 0.26855037 0.23504699 0.13704586 0.12014582]
 [0.26979821 0.25666277 0.25514401 0.12320373 0.09519128]
 [0.11841153 0.14077004 0.08274976 0.47529902 0.18276965]
 [0.29890083 0.22637324 0.18819054 0.15674755 0.12978783]
 [0.22940746 0.38294857 0.30064963 0.08611418 0.00088016]]"
53,"[[0.18165616 0.45256298 0.25399288 0.06695675 0.04483122]
 [0.24748831 0.30039394 0.22338261 0.05537718 0.17335796]
 [0.02095272 0.28036707 0.23230953 0.24830859 0.21806209]
 [0.39257765 0.13787023 0.26028744 0.07377803 0.13548665]
 [0.26942925 0.33048145 0.18869017 0.17910782 0.03229131]]"
54,"[[0.32025765 0.14797002 0.27130377 0.17368903 0.08677954]
 [0.47084843 0.20840483 0.04065241 0.27891724 0.00117709]
 [0.24720564 0.24298504 0.22491503 0.1742749  0.11061939]
 [0.33165618 0.07562899 0.29832821 0.27133982 0.0230468 ]
 [0.20919143 0.27736516 0.23838048 0.18235386 0.09270907]]"
55,"[[0.30065256 0.05737937 0.25303459 0.24280656 0.14612692]
 [0.27094675 0.28629037 0.06121299 0.2462086  0.13534129]
 [0.24408129 0.33874565 0.09102413 0.19780151 0.12834743]
 [0.31629953 0.32531712 0.18584261 0.11096349 0.06157725]
 [0.38196049 0.32106656 0.02949052 0.17778654 0.0896959 ]]"
56,"[[0.29299971 0.26759172 0.29051451 0.09464731 0.05424675]
 [0.29302841 0.28587644 0.14993601 0.25218466 0.01897448]
 [0.22975132 0.20104873 0.36616308 0.19366621 0.00937066]
 [0.19063594 0.23486667 0.29460231 0.14810962 0.13178545]
 [0.19338936 0.18992149 0.3361748  0.13123834 0.149276  ]]"
57,"[[0.38356085 0.04001964 0.3908966  0.15122057 0.03430234]
 [0.26286701 0.22889983 0.33183783 0.01187771 0.16451761]
 [0.35148758 0.33454135 0.21628555 0.00553381 0.09215171]
 [0.25589987 0.30854002 0.25404635 0.15365485 0.0278589 ]
 [0.33763597 0.22453971 0.18985444 0.1319259  0.11604398]]"
58,"[[0.35890075 0.08167409 0.3271771  0.22625931 0.00598875]
 [0.34882605 0.32426171 0.28037211 0.02501424 0.02152588]
 [0.36358635 0.30541983 0.1268852  0.16438581 0.03972282]
 [0.08300274 0.30557445 0.40163485 0.05023952 0.15954844]
 [0.36275856 0.28107314 0.1038319  0.24111508 0.01122132]]"
59,"[[0.31701894 0.26423679 0.20948104 0.15254569 0.05671755]
 [0.48381785 0.16891332 0.15321997 0.13545773 0.05859113]
 [0.27145086 0.35322018 0.21033059 0.13458281 0.03041556]
 [0.23573816 0.19384412 0.43932802 0.11959709 0.01149262]
 [0.36020776 0.05121647 0.27376596 0.09041542 0.22439439]]"
60,"[[0.35699132 0.23102543 0.21765782 0.1901311  0.00419433]
 [0.29675323 0.20059359 0.3021156  0.14887737 0.05166022]
 [0.31083936 0.13461371 0.29927787 0.20813042 0.04713863]
 [0.3547475  0.22304939 0.0701144  0.18143114 0.17065756]
 [0.48019331 0.23927929 0.09329509 0.14808641 0.0391459 ]]"
61,"[[0.30782205 0.22489812 0.20806079 0.20026464 0.05895439]
 [0.23860029 0.13849634 0.21503339 0.40466927 0.0032007 ]
 [0.28649325 0.23242908 0.06341766 0.18288529 0.23477471]
 [0.59596395 0.13235631 0.09721783 0.10338932 0.0710726 ]
 [0.38685305 0.38379079 0.18205077 0.00625985 0.04104553]]"
62,"[[0.28948668 0.20453805 0.23213429 0.19100556 0.08283542]
 [0.15102728 0.24680549 0.27051799 0.18353463 0.14811461]
 [0.25553943 0.31410629 0.15354567 0.26399761 0.012811  ]
 [0.44037123 0.11512778 0.02992284 0.40421729 0.01036086]
 [0.39804986 0.41114502 0.09901237 0.07056228 0.02123048]]"
63,"[[0.1682692  0.44408041 0.15503292 0.06773228 0.16488518]
 [0.29258414 0.20261191 0.2187076  0.10152389 0.18457246]
 [0.33039742 0.16795154 0.14270291 0.05807092 0.3008772 ]
 [0.39353381 0.26249172 0.13701113 0.19923991 0.00772343]
 [0.25809228 0.29188062 0.2131269  0.0776874  0.1592128 ]]"
64,"[[0.28448348 0.12958548 0.11081794 0.45566866 0.01944445]
 [0.43338905 0.38212569 0.05529738 0.1108303  0.01835758]
 [0.18867055 0.30825036 0.22225624 0.15679005 0.12403281]
 [0.30480788 0.29906701 0.17548292 0.20074061 0.01990158]
 [0.37413656 0.18547114 0.27391305 0.14570963 0.02076963]]"
65,"[[0.3231208  0.37597517 0.13175954 0.0927772  0.07636729]
 [0.27427104 0.2303875  0.20852955 0.24002667 0.04678524]
 [0.27813431 0.24141072 0.2313986  0.21115339 0.03790298]
 [0.41846197 0.19192049 0.02487659 0.35742351 0.00731744]
 [0.37147953 0.29411178 0.04210447 0.27225802 0.0200462 ]]"
66,"[[0.21595942 0.02151364 0.49457701 0.15735713 0.1105928 ]
 [0.35343108 0.08564827 0.23045634 0.02708564 0.30337867]
 [0.25452281 0.27598154 0.2616985  0.15490529 0.05289186]
 [0.39980843 0.36270881 0.16795343 0.03591054 0.0336188 ]
 [0.30417959 0.19365197 0.17101459 0.1862119  0.14494194]]"
67,"[[0.24807527 0.23295001 0.19569372 0.11293324 0.21034776]
 [0.32137774 0.18518357 0.11949955 0.07539324 0.2985459 ]
 [0.13689595 0.40800438 0.2998877  0.09511516 0.06009682]
 [0.25545923 0.14360095 0.37609868 0.17622257 0.04861857]
 [0.60357401 0.2115479  0.0978614  0.08220293 0.00481376]]"
68,"[[0.24257485 0.25900793 0.19657868 0.22766338 0.07417516]
 [0.30218931 0.21112443 0.29160692 0.0977963  0.09728304]
 [0.23936726 0.2623418  0.22542213 0.18581631 0.08705251]
 [0.29756979 0.28636172 0.09202099 0.25958888 0.06445861]
 [0.28554795 0.19820439 0.18632976 0.17251344 0.15740445]]"
69,"[[0.56431348 0.07558758 0.30788106 0.02852612 0.02369176]
 [0.22915761 0.27344863 0.2472279  0.19645886 0.053707  ]
 [0.21886233 0.44015109 0.25326184 0.07358701 0.01413772]
 [0.3524132  0.27713452 0.23728135 0.11199933 0.0211716 ]
 [0.28705772 0.28065136 0.24521573 0.04710582 0.13996938]]"
70,"[[0.29953237 0.19525327 0.26663899 0.18648413 0.05209124]
 [0.28077682 0.40219323 0.26203668 0.02875418 0.0262391 ]
 [0.38956307 0.28102801 0.1647981  0.05282649 0.11178434]
 [0.3438599  0.26934911 0.14875433 0.13149445 0.10654221]
 [0.32037089 0.30589918 0.29732162 0.04324387 0.03316444]]"
71,"[[0.40402154 0.20171906 0.17535756 0.17404047 0.04486137]
 [0.38088471 0.35501379 0.16136952 0.05934742 0.04338456]
 [0.42381556 0.21548837 0.16818989 0.15932581 0.03318037]
 [0.44587389 0.20157267 0.15709271 0.11351899 0.08194174]
 [0.24871745 0.33987465 0.23893364 0.00382113 0.16865313]]"
72,"[[0.24594284 0.22925521 0.15528949 0.15589403 0.21361843]
 [0.36606267 0.03675555 0.22544315 0.19802885 0.17370978]
 [0.27261434 0.23223238 0.29346213 0.05087644 0.15081471]
 [0.20967222 0.25489468 0.30361681 0.20605351 0.02576278]
 [0.32336531 0.07350312 0.29480113 0.26008101 0.04824943]]"
73,"[[0.27932368 0.27319851 0.06557496 0.24004858 0.14185427]
 [0.26678773 0.21262242 0.18925209 0.1508437  0.18049406]
 [0.33465353 0.19748046 0.07543069 0.31600387 0.07643146]
 [0.26521739 0.4750781  0.16111641 0.04543114 0.05315695]
 [0.39587352 0.24181505 0.16914382 0.12782839 0.06533922]]"
74,"[[0.6523574  0.09474652 0.20673507 0.02507071 0.0210903 ]
 [0.29396344 0.38367651 0.14940233 0.09111891 0.0818388 ]
 [0.22184519 0.22077225 0.18394524 0.22059096 0.15284636]
 [0.29656269 0.15378523 0.27845499 0.14494518 0.1262519 ]
 [0.28326136 0.35964821 0.17750242 0.04241887 0.13716914]]"
75,"[[0.38325648 0.02746569 0.10030447 0.25985418 0.22911918]
 [0.41573619 0.22941268 0.22539366 0.00494313 0.12451434]
 [0.34200509 0.26085651 0.12022773 0.21049634 0.06641432]
 [0.37751631 0.26263256 0.17794587 0.14606199 0.03584326]
 [0.30966535 0.23636601 0.25016939 0.15083336 0.05296589]]"
76,"[[0.33524596 0.14797568 0.28463726 0.06239876 0.16974236]
 [0.28911395 0.24116983 0.25506098 0.18473684 0.0299184 ]
 [0.30005441 0.25424295 0.20443119 0.16408706 0.07718438]
 [0.2453739  0.28361811 0.20303381 0.21513793 0.05283625]
 [0.36010411 0.241061   0.21507727 0.04481922 0.1389384 ]]"
77,"[[0.25133337 0.39569087 0.2350861  0.07474971 0.04313994]
 [0.35000945 0.31897329 0.24022117 0.01118398 0.07961211]
 [0.22595466 0.20843871 0.27994688 0.08731625 0.1983435 ]
 [0.40745765 0.1151261  0.33297354 0.0580588  0.08638391]
 [0.29337062 0.24575192 0.18486305 0.10019879 0.17581562]]"
78,"[[0.25628295 0.2613133  0.28417547 0.16607933 0.03214895]
 [0.27177035 0.18793397 0.23768109 0.15749645 0.14511814]
 [0.29010449 0.2161742  0.33664569 0.00693254 0.15014308]
 [0.41271206 0.37028207 0.09335691 0.03559579 0.08805316]
 [0.27306254 0.24747263 0.17778146 0.16216695 0.13951643]]"
79,"[[0.36029234 0.01237695 0.18161301 0.28640759 0.15931011]
 [0.24838238 0.18580286 0.22731907 0.15470862 0.18378708]
 [0.30196125 0.35985596 0.19204167 0.00250031 0.14364082]
 [0.39473155 0.3184176  0.1475132  0.12211057 0.01722709]
 [0.39268993 0.35578961 0.00161322 0.19660582 0.05330142]]"
80,"[[0.3546355  0.22626855 0.14389283 0.14132861 0.1338745 ]
 [0.27137952 0.34066986 0.20997949 0.17338499 0.00458614]
 [0.38942764 0.27268979 0.14212195 0.07045044 0.12531018]
 [0.29630301 0.24904236 0.21331026 0.162821   0.07852338]
 [0.45991559 0.29254364 0.11367941 0.07658787 0.0572735 ]]"
81,"[[0.269993   0.10345164 0.09431885 0.49881464 0.03342186]
 [0.38143457 0.21140258 0.34694944 0.01440607 0.04580735]
 [0.27725364 0.27518888 0.25412056 0.15905817 0.03437875]
 [0.29623575 0.09680017 0.18286052 0.17297875 0.25112482]
 [0.16401288 0.29281968 0.15624953 0.07348333 0.31343457]]"
82,"[[0.3400484  0.11141898 0.02739893 0.31772037 0.20341332]
 [0.35392372 0.15446456 0.35471723 0.08689282 0.05000167]
 [0.26977169 0.19550725 0.19383964 0.17300437 0.16787705]
 [0.28292173 0.2777175  0.11764318 0.07257647 0.24914111]
 [0.43537293 0.35688288 0.0151616  0.05560255 0.13698003]]"
83,"[[0.2691407  0.18414722 0.22862876 0.17133905 0.14674427]
 [0.48529195 0.41903479 0.05346509 0.00569383 0.03651434]
 [0.34929928 0.26054666 0.09402784 0.21479813 0.08132808]
 [0.35304793 0.13827405 0.18430664 0.17719575 0.14717563]
 [0.29218211 0.25660685 0.22181758 0.10263655 0.12675691]]"
84,"[[0.32452656 0.00512624 0.26892288 0.27888251 0.12254181]
 [0.48455263 0.27533892 0.08981756 0.14669717 0.00359372]
 [0.38349807 0.34684886 0.13699483 0.09738915 0.03526909]
 [0.31311316 0.30500196 0.30281564 0.05220795 0.02686129]
 [0.24001042 0.26360198 0.19584082 0.12622198 0.17432479]]"
85,"[[0.25486238 0.25301077 0.26035312 0.17741538 0.05435835]
 [0.38189575 0.34261072 0.15997547 0.08272479 0.03279326]
 [0.42231542 0.12832559 0.25487296 0.11154852 0.08293751]
 [0.29662783 0.13242086 0.24430558 0.12888348 0.19776225]
 [0.24814951 0.28289116 0.17463035 0.20545521 0.08887377]]"
86,"[[0.25782804 0.24753994 0.16125934 0.20319039 0.13018229]
 [0.34745524 0.27632405 0.26095832 0.07757868 0.03768371]
 [0.22050097 0.20872398 0.25188828 0.1479934  0.17089337]
 [0.25614112 0.19155068 0.25713221 0.17013059 0.1250454 ]
 [0.21440894 0.28522151 0.22292572 0.07702356 0.20042028]]"
87,"[[0.30977916 0.27088719 0.2745792  0.10804342 0.03671104]
 [0.2836164  0.27287651 0.22080868 0.0632322  0.15946621]
 [0.26408222 0.25098576 0.2453135  0.23022874 0.00938978]
 [0.22581607 0.290267   0.17462679 0.24042833 0.06886181]
 [0.26479594 0.20682911 0.08555083 0.24437313 0.19845098]]"
88,"[[0.40120957 0.25904554 0.21024405 0.12583156 0.00366928]
 [0.57546435 0.147793   0.14597842 0.10883322 0.02193101]
 [0.23705235 0.22145667 0.208337   0.18276785 0.15038613]
 [0.28615119 0.27463183 0.03349524 0.25741985 0.14830188]
 [0.29676186 0.38408529 0.1585148  0.15419798 0.00644007]]"
89,"[[0.37544489 0.33218744 0.05383383 0.15787922 0.08065461]
 [0.12248023 0.19208075 0.31885139 0.27843203 0.0881556 ]
 [0.35776064 0.19709685 0.08435621 0.26118657 0.09959972]
 [0.30756194 0.24480586 0.2497642  0.18239829 0.01546971]
 [0.26199085 0.2485793  0.11333257 0.19187227 0.184225  ]]"
90,"[[0.29336183 0.27194448 0.08440519 0.22138972 0.12889877]
 [0.42607605 0.2712963  0.12761112 0.15092343 0.0240931 ]
 [0.34457501 0.29789613 0.22445373 0.03451813 0.098557  ]
 [0.14979081 0.31300748 0.35788809 0.13816901 0.04114461]
 [0.17720575 0.31767817 0.09545516 0.31216444 0.09749648]]"
91,"[[0.22572988 0.28740844 0.21741665 0.09105439 0.17839064]
 [0.35743723 0.30674035 0.14513243 0.13509055 0.05559945]
 [0.10161076 0.3072472  0.32307725 0.17273921 0.09532558]
 [0.35332044 0.28187023 0.23391609 0.12490196 0.00599128]
 [0.2856064  0.25067405 0.21499539 0.10141896 0.1473052 ]]"
92,"[[0.22689119 0.21634288 0.21668022 0.19742848 0.14265722]
 [0.21872564 0.30722635 0.19666433 0.2510636  0.02632009]
 [0.29980316 0.19377702 0.34435075 0.07468521 0.08738386]
 [0.3843227  0.23078643 0.18816105 0.16631272 0.0304171 ]
 [0.25718703 0.22726342 0.24839028 0.0598657  0.20729357]]"
93,"[[0.22848367 0.28093026 0.29708918 0.04654704 0.14694984]
 [0.29518123 0.2917299  0.26845272 0.01555287 0.12908328]
 [0.31352999 0.16244048 0.15009246 0.31828697 0.0556501 ]
 [0.49715681 0.02300042 0.35195079 0.02359072 0.10430125]
 [0.32382706 0.13869735 0.25027264 0.25716785 0.0300351 ]]"
94,"[[0.38905325 0.14010615 0.20652492 0.26339073 0.00092495]
 [0.20307506 0.1488419  0.41159744 0.11852721 0.11795838]
 [0.48580751 0.12088194 0.15036559 0.13758807 0.10535688]
 [0.27886903 0.29163401 0.14554446 0.18995648 0.09399602]
 [0.3936911  0.33142792 0.15134559 0.10764815 0.01588725]]"
95,"[[0.38567292 0.16268704 0.30308516 0.10921103 0.03934385]
 [0.13606571 0.30915393 0.35886673 0.12113195 0.07478168]
 [0.33045935 0.24353982 0.09674493 0.03157788 0.29767802]
 [0.23975022 0.19989395 0.19200306 0.19047599 0.17787678]
 [0.25758684 0.32509158 0.14882009 0.13876673 0.12973476]]"
96,"[[0.20056616 0.25014944 0.09835023 0.2619197  0.18901446]
 [0.29521511 0.12396227 0.29108324 0.19525488 0.09448449]
 [0.46270855 0.03589772 0.21989027 0.22528861 0.05621486]
 [0.23030708 0.2481803  0.17160507 0.19119586 0.15871168]
 [0.16098079 0.16006612 0.27077728 0.38184363 0.02633219]]"
97,"[[0.30559346 0.08915034 0.46846127 0.10036838 0.03642656]
 [0.34561896 0.14753235 0.2927595  0.02938986 0.18469933]
 [0.25676788 0.38709031 0.02241127 0.19028785 0.14344268]
 [0.17683111 0.26051218 0.30558263 0.16281742 0.09425666]
 [0.31247987 0.26790739 0.00717502 0.24161753 0.17082019]]"
98,"[[0.315787   0.27208326 0.26164274 0.11222549 0.03826151]
 [0.3227573  0.34869383 0.03902065 0.21091443 0.07861379]
 [0.12242501 0.42797392 0.16802194 0.27058542 0.0109937 ]
 [0.27066363 0.15940549 0.14553417 0.37896346 0.04543325]
 [0.29673861 0.1944648  0.28178876 0.19288525 0.03412258]]"
99,"[[0.30994844 0.31080043 0.23479525 0.07264998 0.0718059 ]
 [0.22400556 0.42907396 0.17799066 0.10010468 0.06882513]
 [0.47261835 0.24489636 0.1135482  0.15131362 0.01762347]
 [0.32261221 0.24308932 0.10488877 0.20241896 0.12699074]
 [0.2874816  0.3491337  0.07304971 0.24206401 0.04827099]]"
100,"[[0.2244818  0.2956747  0.17867644 0.17329792 0.12786914]
 [0.28693307 0.27113286 0.11985641 0.11042354 0.21165413]
 [0.24132919 0.23007809 0.18351979 0.10178623 0.24328669]
 [0.4146377  0.17577636 0.0705068  0.18914395 0.1499352 ]
 [0.36396059 0.36389014 0.17025395 0.00380838 0.09808694]]"
101,"[[0.07433148 0.30288489 0.16240868 0.05858767 0.10596007 0.04898974
  0.04161851 0.01638985 0.18841259 0.00041652]
 [0.18699382 0.17877853 0.11066732 0.10346889 0.0815369  0.08388468
  0.0644166  0.07612059 0.06431949 0.04981318]
 [0.19266042 0.09699007 0.20004094 0.15590416 0.14160331 0.06816264
  0.05199498 0.03049006 0.05229252 0.00986091]
 [0.3192203  0.11729167 0.11201933 0.12762977 0.10975629 0.08689722
  0.05438072 0.03174955 0.03100388 0.01005127]
 [0.17521985 0.17269025 0.16784779 0.1097666  0.07718547 0.0937222
  0.07999784 0.05521822 0.00422927 0.0641225 ]
 [0.15433562 0.10419694 0.19340495 0.11783837 0.11543462 0.08433875
  0.0547422  0.09325499 0.03613495 0.04631859]
 [0.2166942  0.16087936 0.22425036 0.08516828 0.12230763 0.06958609
  0.05945348 0.0301136  0.01733645 0.01421055]
 [0.3433344  0.17807778 0.11983858 0.14367983 0.07138268 0.07103429
  0.01633795 0.03745204 0.01002583 0.00883661]
 [0.13179843 0.17965121 0.1564196  0.12106384 0.10153875 0.04053964
  0.09239416 0.07683429 0.07051507 0.029245  ]
 [0.1442007  0.14126538 0.11766982 0.12617346 0.10681527 0.10501608
  0.0834137  0.06193446 0.08196304 0.03154809]]"
102,"[[0.16794298 0.23818679 0.12306077 0.11910913 0.10731668 0.06382414
  0.08690021 0.05339098 0.02271819 0.01755014]
 [0.18342942 0.15418871 0.1494547  0.11543625 0.13698948 0.11507259
  0.1000643  0.00524882 0.00186963 0.03824609]
 [0.16086189 0.19724139 0.11459609 0.06809764 0.09884137 0.0279494
  0.0654994  0.06811659 0.15253855 0.04625767]
 [0.1627237  0.13754798 0.15554116 0.14675274 0.13138452 0.10660102
  0.02338673 0.06955222 0.01902273 0.04748718]
 [0.15553099 0.1467603  0.14340862 0.13899551 0.13561089 0.12605202
  0.08100553 0.01816338 0.04007317 0.01439958]
 [0.20377999 0.16832183 0.09334802 0.220273   0.10552447 0.03080399
  0.08902126 0.04084475 0.02707761 0.02100508]
 [0.19148957 0.13113609 0.13271977 0.09598655 0.11894667 0.10833935
  0.08481322 0.089179   0.02616334 0.02122645]
 [0.14604836 0.14043277 0.12527571 0.13447939 0.11850083 0.11640001
  0.00771283 0.08351214 0.04543533 0.08220262]
 [0.20173426 0.16310018 0.18862956 0.15789474 0.12444444 0.05292167
  0.06055003 0.02057617 0.01969538 0.01045357]
 [0.17311094 0.16329774 0.16213869 0.14346513 0.13442027 0.06423122
  0.05826413 0.04134711 0.04534178 0.01438299]]"
103,"[[0.19959239 0.1186764  0.18260283 0.09769062 0.12383753 0.07869564
  0.08088926 0.06140519 0.05544941 0.00116072]
 [0.1463822  0.15072393 0.16879496 0.10014002 0.07231362 0.13568194
  0.11575523 0.07111749 0.03077944 0.00831118]
 [0.11344434 0.15151261 0.13664759 0.12415397 0.12606364 0.11391104
  0.10005315 0.05105792 0.06260444 0.0205513 ]
 [0.17129829 0.13404863 0.13821548 0.11479141 0.11930574 0.11163618
  0.11160396 0.06601623 0.02128795 0.01179613]
 [0.15028178 0.16088109 0.14858183 0.15869693 0.11016987 0.09897227
  0.04940128 0.08804721 0.02200119 0.01296654]
 [0.17529209 0.14003418 0.1595175  0.13884298 0.11386334 0.08418141
  0.0758023  0.01545123 0.08186873 0.01514625]
 [0.18137428 0.11734187 0.17268886 0.17576106 0.04454744 0.07036651
  0.12079737 0.09212521 0.01206703 0.01293036]
 [0.20580613 0.15661787 0.17940677 0.17019188 0.09528224 0.08893119
  0.04207662 0.02838541 0.02126651 0.01203536]
 [0.19781152 0.14649518 0.12914895 0.1866692  0.08633701 0.07335371
  0.07995482 0.05873037 0.02885089 0.01264834]
 [0.15793034 0.22393445 0.22131696 0.09490169 0.08065506 0.03834132
  0.08995043 0.05257434 0.01420146 0.02619395]]"
104,"[[0.18886176 0.18454734 0.12972471 0.15629832 0.08942812 0.1080718
  0.05625094 0.04025437 0.02410785 0.02245478]
 [0.15377671 0.17757938 0.13905675 0.11492621 0.08923698 0.07578207
  0.00598891 0.05897112 0.03566713 0.14901473]
 [0.15241705 0.14357743 0.11751423 0.09542619 0.09380438 0.09102284
  0.08268376 0.07518618 0.06860573 0.07976221]
 [0.21940336 0.21555983 0.21285646 0.10794206 0.05725762 0.05503419
  0.06866155 0.02124428 0.0241125  0.01792816]
 [0.16558283 0.0843301  0.0744031  0.08186398 0.18348386 0.08114638
  0.03711901 0.05192042 0.13438538 0.10576493]
 [0.18769672 0.15651374 0.15001189 0.10455915 0.05816622 0.08612976
  0.06535656 0.09064538 0.03693429 0.06398629]
 [0.20690771 0.12481061 0.07913641 0.13216187 0.11267673 0.0691573
  0.13478375 0.07296655 0.04876619 0.0186329 ]
 [0.18725683 0.17642674 0.13577657 0.13504012 0.11020302 0.1033347
  0.10880655 0.0119196  0.00048232 0.03075355]
 [0.19083976 0.17102083 0.13936132 0.08867989 0.10103911 0.04993837
  0.08682956 0.08545903 0.0524843  0.03434783]
 [0.15607218 0.13712348 0.19161628 0.07668565 0.10762342 0.1142726
  0.03893143 0.02845907 0.11358981 0.03562609]]"
105,"[[0.19377094 0.21498331 0.18754088 0.094036   0.08755062 0.0848948
  0.05557317 0.05080826 0.01634236 0.01449966]
 [0.16728397 0.18218081 0.17870572 0.1347285  0.09583016 0.07986142
  0.06808419 0.0623871  0.02474567 0.00619246]
 [0.16289581 0.14541769 0.11905132 0.10361774 0.1027     0.08238368
  0.07694096 0.00547026 0.06943108 0.13209145]
 [0.19942734 0.17703426 0.1226712  0.09259921 0.14798696 0.10335133
  0.04706547 0.07524187 0.02197343 0.01264894]
 [0.14792325 0.11849916 0.12178751 0.104331   0.16235612 0.08454625
  0.08315787 0.0536447  0.07038983 0.05336432]
 [0.11146349 0.15658887 0.15758119 0.10828787 0.09601055 0.08166604
  0.13329364 0.07019011 0.06232686 0.02259139]
 [0.13881674 0.14852657 0.14669162 0.11099391 0.159788   0.09976148
  0.09778055 0.04167624 0.02023896 0.03572593]
 [0.23099187 0.23221475 0.17618743 0.07614682 0.04660143 0.12422166
  0.05150772 0.0429684  0.007589   0.0115709 ]
 [0.08560648 0.22300212 0.21490844 0.13808702 0.07134644 0.05024065
  0.05325067 0.09430276 0.04019254 0.02906287]
 [0.12241184 0.19253134 0.20502673 0.16072118 0.07626785 0.05746334
  0.06794356 0.06171192 0.03584283 0.0200794 ]]"
106,"[[0.19224715 0.15047069 0.17689088 0.14074677 0.09496481 0.0882436
  0.03722875 0.03604981 0.01659952 0.06655802]
 [0.18898437 0.18404141 0.15166986 0.12963038 0.11641544 0.0668409
  0.10155362 0.01724462 0.03558172 0.00803768]
 [0.18418525 0.15511954 0.0843057  0.10475794 0.18408941 0.07346076
  0.07674506 0.07309348 0.04334275 0.02090012]
 [0.15913046 0.12989224 0.11674298 0.11508639 0.11364634 0.12185078
  0.10193666 0.08508471 0.03924637 0.01738306]
 [0.16630753 0.14350645 0.14142486 0.10049781 0.085083   0.08774104
  0.07471518 0.04491112 0.06497035 0.09084266]
 [0.16482233 0.1498094  0.13861877 0.12751767 0.11437903 0.11922461
  0.03646997 0.08576621 0.05456821 0.00882379]
 [0.12247318 0.17616906 0.17019695 0.16469045 0.1193613  0.04203672
  0.10207737 0.03007661 0.02408924 0.04882913]
 [0.14595643 0.13754268 0.1343701  0.13015047 0.11568282 0.09750582
  0.11458484 0.02293161 0.06576967 0.03550555]
 [0.15322066 0.12512009 0.11607001 0.12329752 0.1205471  0.10767724
  0.0904354  0.08666864 0.03871126 0.03825207]
 [0.17401017 0.16425912 0.15601209 0.10112113 0.09493892 0.09350155
  0.01210613 0.07284516 0.0785322  0.05267353]]"
107,"[[0.15938284 0.15849252 0.14267659 0.13466144 0.12280582 0.12274489
  0.09542834 0.0036053  0.03125094 0.02895132]
 [0.14745454 0.1514319  0.14022562 0.14760635 0.11341787 0.06512151
  0.09561039 0.06645017 0.05130251 0.02137915]
 [0.20192037 0.14324625 0.22790092 0.12883649 0.10741378 0.08851497
  0.06280537 0.02086959 0.01807764 0.00041462]
 [0.17221734 0.17304427 0.16528065 0.12244138 0.11903692 0.02737935
  0.08008827 0.08406011 0.04816341 0.00828832]
 [0.14676972 0.16746302 0.148103   0.1347868  0.07346629 0.07953846
  0.12856869 0.06456186 0.05280235 0.00393981]
 [0.1641018  0.25364434 0.08694507 0.14309826 0.06216099 0.06455227
  0.06129048 0.12228271 0.02916962 0.01275446]
 [0.13523212 0.1728189  0.16671379 0.13021326 0.10239162 0.03720903
  0.10839659 0.08307617 0.03484894 0.02909957]
 [0.15010815 0.13472466 0.14518562 0.12420793 0.13310975 0.11884965
  0.04993507 0.07307697 0.0464917  0.02431049]
 [0.14894061 0.12176733 0.15356051 0.1320526  0.14061894 0.11038066
  0.08236136 0.0718765  0.0052373  0.03320419]
 [0.18830432 0.15781377 0.18329012 0.10071806 0.15156669 0.08970042
  0.0390805  0.0515628  0.03145301 0.00651032]]"
108,"[[0.17134288 0.16727669 0.15113963 0.08572119 0.12433322 0.04156955
  0.05691663 0.00869881 0.1316192  0.0613822 ]
 [0.17717645 0.20180526 0.13523831 0.06340342 0.12283392 0.12200525
  0.09440291 0.0247458  0.01980584 0.03858284]
 [0.18985113 0.16905533 0.16513513 0.14417608 0.12825578 0.0350289
  0.03692311 0.01644789 0.08322222 0.03190443]
 [0.1964389  0.16795647 0.0717718  0.08873444 0.18815166 0.13094008
  0.04739865 0.06524837 0.02577033 0.01758931]
 [0.19684754 0.20165072 0.1702708  0.12568128 0.10704408 0.09380908
  0.0526219  0.04289547 0.00570021 0.00347892]
 [0.1701203  0.15346065 0.16034966 0.14075421 0.05492159 0.13168189
  0.04792668 0.04150129 0.06835309 0.03093064]
 [0.22292145 0.15668795 0.16427847 0.11897983 0.08803404 0.0268695
  0.08821964 0.08769391 0.04090704 0.00540816]
 [0.15451505 0.14294168 0.12935362 0.12135377 0.12849243 0.10614922
  0.02731299 0.08959182 0.06694105 0.03334838]
 [0.29765017 0.19195561 0.12502875 0.05147099 0.1775879  0.05016784
  0.02613265 0.02133417 0.04214132 0.0165306 ]
 [0.22882765 0.18359615 0.18287475 0.11102195 0.06678727 0.09220189
  0.08440253 0.02728199 0.02052418 0.00248165]]"
109,"[[0.15764075 0.13217572 0.11676748 0.11582114 0.08282618 0.12787548
  0.12134804 0.08063564 0.04141304 0.02349653]
 [0.15616776 0.16660816 0.11298258 0.13441686 0.10796375 0.12152361
  0.01816054 0.09623562 0.07170962 0.01423149]
 [0.19091045 0.17685852 0.1482855  0.10241826 0.10232198 0.09621522
  0.06907255 0.03935917 0.06508881 0.00946956]
 [0.20323927 0.18526106 0.13562972 0.16006866 0.12428488 0.0972662
  0.02942581 0.03761484 0.02315715 0.00405241]
 [0.15757217 0.20368832 0.14363683 0.13114939 0.09235161 0.1238407
  0.10708288 0.0258594  0.01105006 0.00376861]
 [0.14918491 0.14142297 0.12353954 0.11874457 0.06746536 0.1459648
  0.07597843 0.09015284 0.05813136 0.02941524]
 [0.19092607 0.17689708 0.13574367 0.11252212 0.10389778 0.09804895
  0.0825193  0.07546607 0.01702161 0.00695736]
 [0.16892431 0.14632974 0.10575383 0.14661629 0.10169492 0.0881955
  0.09661053 0.05117673 0.05020356 0.04449458]
 [0.1969748  0.16641674 0.11326558 0.15629499 0.10160734 0.11108415
  0.09225952 0.02469703 0.0147163  0.02268354]
