,0
1,"[[0.19274299 0.18423844 0.25678477 0.14386998 0.22236382]
 [0.23101604 0.34838697 0.1061364  0.22850071 0.08595987]
 [0.26546594 0.19109653 0.42555025 0.0739826  0.04390467]
 [0.13659048 0.4494407  0.31801629 0.03691455 0.05903797]
 [0.1169257  0.32065397 0.27624803 0.19675272 0.08941959]]"
2,"[[0.22735802 0.23928459 0.15034648 0.15058062 0.23243029]
 [0.26803535 0.2381542  0.19308899 0.1365272  0.16419426]
 [0.2514706  0.20748065 0.16564863 0.16106753 0.2143326 ]
 [0.24205066 0.23589282 0.24035644 0.09831068 0.1833894 ]
 [0.53282879 0.26087007 0.06957858 0.10382054 0.03290202]]"
3,"[[0.44221403 0.2887023  0.18084576 0.03320476 0.05503315]
 [0.4850971  0.01456982 0.20093417 0.28666159 0.01273732]
 [0.16122569 0.27475658 0.22271094 0.22090342 0.12040338]
 [0.36531761 0.20497166 0.29666277 0.03141061 0.10163735]
 [0.20127359 0.66511627 0.1134343  0.01690532 0.00327052]]"
4,"[[0.24833726 0.05657909 0.23389303 0.26594039 0.19525023]
 [0.23874951 0.26415641 0.22879599 0.05087843 0.21741966]
 [0.29035797 0.39990398 0.1516254  0.11119777 0.04691488]
 [0.36900595 0.25662375 0.23853849 0.09828463 0.03754717]
 [0.39538441 0.29144558 0.23144255 0.05353505 0.0281924 ]]"
5,"[[0.38086318 0.30847298 0.14034492 0.0984826  0.07183631]
 [0.1932402  0.52834077 0.1574348  0.11965289 0.00133134]
 [0.253908   0.21981561 0.20688483 0.21833669 0.10105486]
 [0.25230936 0.21669739 0.07674295 0.21847295 0.23577736]
 [0.40586203 0.3307018  0.0733931  0.14558861 0.04445446]]"
6,"[[0.27088846 0.25157305 0.22388485 0.18558151 0.06807212]
 [0.13475225 0.05527937 0.35218906 0.05098806 0.40679127]
 [0.29194549 0.24080835 0.22232301 0.08021863 0.16470453]
 [0.22906552 0.37578349 0.15336988 0.14585521 0.0959259 ]
 [0.40060661 0.2454309  0.24074408 0.04865762 0.06456079]]"
7,"[[0.28867419 0.25724159 0.25659237 0.13367945 0.0638124 ]
 [0.30004436 0.39101532 0.01122804 0.02777286 0.26993943]
 [0.30510163 0.26347666 0.09186053 0.2984883  0.04107288]
 [0.58687317 0.04527585 0.17893909 0.18586236 0.00304954]
 [0.31600674 0.36883063 0.09389412 0.15709863 0.06416988]]"
8,"[[0.24991454 0.24639194 0.23093671 0.06837901 0.2043778 ]
 [0.24784914 0.24268343 0.26925584 0.11960608 0.12060552]
 [0.31008187 0.26200811 0.12593433 0.19556506 0.10641063]
 [0.29551318 0.32316628 0.09450034 0.07831358 0.20850662]
 [0.35291297 0.26219439 0.25125616 0.08702888 0.0466076 ]]"
9,"[[0.21748135 0.30637977 0.25812686 0.17915377 0.03885824]
 [0.38024897 0.24421372 0.18354864 0.18264629 0.00934239]
 [0.32815892 0.2390263  0.15609111 0.23334308 0.0433806 ]
 [0.37960769 0.28835126 0.20246947 0.08994842 0.03962317]
 [0.26822513 0.30009163 0.10462325 0.08878029 0.2382797 ]]"
10,"[[0.13551421 0.26592982 0.38257546 0.11699251 0.098988  ]
 [0.23211239 0.15773394 0.00075868 0.02025019 0.58914481]
 [0.51534492 0.31713473 0.12628109 0.01783537 0.02340389]
 [0.27309762 0.27238428 0.20939126 0.12520654 0.1199203 ]
 [0.25999449 0.22303688 0.17314676 0.1600355  0.18378638]]"
11,"[[0.23738232 0.31773137 0.16666847 0.24150383 0.03671401]
 [0.32743421 0.31191898 0.10757518 0.13102884 0.12204279]
 [0.35252507 0.34453857 0.11335944 0.09710793 0.092469  ]
 [0.27626881 0.27100911 0.17260209 0.12582074 0.15429925]
 [0.28487844 0.27663668 0.22634938 0.01752604 0.19460946]]"
12,"[[0.35660078 0.34642698 0.14875983 0.02326153 0.12495088]
 [0.33159026 0.19408351 0.27186526 0.10751872 0.09494224]
 [0.29994901 0.22139585 0.17341554 0.16726129 0.13797831]
 [0.33955189 0.30723449 0.03171913 0.09181987 0.22967461]
 [0.34592052 0.18935534 0.33101053 0.12811831 0.00559529]]"
13,"[[0.32389796 0.25762454 0.17954218 0.14822529 0.09071003]
 [0.31541667 0.25535949 0.15450755 0.14815268 0.12656361]
 [0.47698737 0.10322392 0.17609852 0.15320627 0.09048392]
 [0.3774395  0.22979689 0.21332651 0.03146832 0.14796878]
 [0.40572824 0.28415412 0.17413432 0.09281169 0.04317164]]"
14,"[[0.17016413 0.73407575 0.04685499 0.00632743 0.0425777 ]
 [0.31237813 0.28958243 0.16443654 0.19787469 0.0357282 ]
 [0.19772336 0.19190348 0.26950396 0.11549953 0.22536968]
 [0.35039277 0.30624287 0.07063123 0.22256024 0.05017289]
 [0.38740352 0.23276236 0.1940284  0.15725262 0.02855309]]"
15,"[[0.25711513 0.25298605 0.24562619 0.09012592 0.15414672]
 [0.2771765  0.26468576 0.23349398 0.21766844 0.00697533]
 [0.49570258 0.38173163 0.01352352 0.00113118 0.10791109]
 [0.30308585 0.25620643 0.18240596 0.17791351 0.08038826]
 [0.27793782 0.28798663 0.22223623 0.17403692 0.0378024 ]]"
16,"[[0.3255822  0.26338725 0.22464402 0.10326759 0.08311894]
 [0.24327953 0.12126309 0.27825208 0.25538145 0.10182385]
 [0.43834025 0.32531118 0.18755694 0.02319782 0.02559381]
 [0.26594923 0.25045885 0.22702731 0.07215463 0.18440998]
 [0.26713766 0.20661102 0.15576232 0.12784784 0.24264116]]"
17,"[[0.28802942 0.24069784 0.20738594 0.19697697 0.06690984]
 [0.52394341 0.07351552 0.19814643 0.04285859 0.16153605]
 [0.29066219 0.27172443 0.0700863  0.29251289 0.07501419]
 [0.3148796  0.24635852 0.14889974 0.18099878 0.10886336]
 [0.36091552 0.30336435 0.0732773  0.23163359 0.03080924]]"
18,"[[0.39838311 0.29994145 0.09647248 0.11509314 0.09010983]
 [0.3040817  0.2352655  0.15212002 0.15475707 0.15377571]
 [0.36727383 0.06347765 0.49306852 0.06686034 0.00931966]
 [0.26249029 0.23947104 0.23121092 0.235216   0.03161176]
 [0.31557344 0.061188   0.39477553 0.18079178 0.04767124]]"
19,"[[0.2575526  0.18364971 0.25168826 0.14559599 0.16151344]
 [0.28173122 0.41894216 0.15487348 0.06625282 0.07820033]
 [0.32781998 0.28696987 0.26027661 0.10086177 0.02407178]
 [0.41887087 0.45158193 0.02456464 0.01635542 0.08862714]
 [0.30456048 0.24855022 0.19929452 0.1137926  0.13380217]]"
20,"[[0.31009868 0.28915162 0.285779   0.08413514 0.03083556]
 [0.40638032 0.17698319 0.21461413 0.07753533 0.12448704]
 [0.31300463 0.2956829  0.14443342 0.23695508 0.00992396]
 [0.2762101  0.32424144 0.16585506 0.18646757 0.04722583]
 [0.18827904 0.22760691 0.24694176 0.23521812 0.10195417]]"
21,"[[0.32156226 0.31845677 0.20734865 0.13638901 0.01624331]
 [0.2222517  0.2535269  0.08968499 0.23245154 0.20208487]
 [0.31061167 0.25160832 0.22297813 0.2068039  0.00799799]
 [0.25651322 0.24353438 0.25532718 0.21646508 0.02816014]
 [0.33975865 0.18849989 0.3297281  0.10767143 0.03434193]]"
22,"[[0.32313336 0.31315963 0.00504521 0.12056111 0.2381007 ]
 [0.27435865 0.25087558 0.21705228 0.13717534 0.12053815]
 [0.20685477 0.28481561 0.20046812 0.19160749 0.11625402]
 [0.40732482 0.26574833 0.07214741 0.17103695 0.08374249]
 [0.34401203 0.27004247 0.15719441 0.14101684 0.08773425]]"
23,"[[0.24187674 0.1901924  0.32935757 0.04540732 0.19316597]
 [0.35182061 0.23032874 0.18120402 0.10465994 0.13198668]
 [0.26697445 0.41296866 0.20938069 0.09549998 0.01517623]
 [0.25019364 0.08597196 0.5146441  0.07504746 0.07414284]
 [0.49213526 0.07564761 0.05206936 0.0013291  0.37881867]]"
24,"[[0.37538304 0.26324277 0.14730482 0.16563339 0.04843598]
 [0.31181355 0.29423572 0.22226652 0.1358137  0.03587052]
 [0.31059416 0.18582858 0.27598501 0.14973225 0.07786001]
 [0.28518513 0.10784061 0.29906869 0.28636347 0.0215421 ]
 [0.26291134 0.1254739  0.25618688 0.12080911 0.23461876]]"
25,"[[0.34409501 0.33932375 0.10998843 0.11500322 0.09158959]
 [0.22568394 0.28417337 0.1732653  0.27998246 0.03689492]
 [0.41078161 0.31748409 0.05080079 0.1165465  0.10438702]
 [0.27165074 0.29475462 0.27066617 0.14315    0.01977846]
 [0.26840037 0.29916276 0.18492836 0.16408504 0.08342347]]"
26,"[[0.28507978 0.28333814 0.15577847 0.13529037 0.14051324]
 [0.30998557 0.1209582  0.30352696 0.21736182 0.04816745]
 [0.25928748 0.35847414 0.30027104 0.03754473 0.04442261]
 [0.31966661 0.21531335 0.1937996  0.15320404 0.11801641]
 [0.27695942 0.24425957 0.19913052 0.18025527 0.09939522]]"
27,"[[0.21606774 0.1590388  0.20335894 0.33489593 0.0866386 ]
 [0.28756003 0.19332936 0.33911684 0.05655661 0.12343716]
 [0.33462328 0.1865499  0.15999431 0.18591901 0.13291351]
 [0.29077441 0.19545582 0.34227651 0.13375197 0.03774129]
 [0.33624923 0.2778392  0.23960874 0.1426926  0.00361022]]"
28,"[[0.30664097 0.05892416 0.37235624 0.2441073  0.01797133]
 [0.30856979 0.20534259 0.18428544 0.27383189 0.02797029]
 [0.31692409 0.29703454 0.10627195 0.24870675 0.03106267]
 [0.27153781 0.40600705 0.16318402 0.14344419 0.01582693]
 [0.21709174 0.29204253 0.14594364 0.06081736 0.28410473]]"
29,"[[0.21942031 0.57300478 0.14809262 0.05874532 0.00073698]
 [0.30578647 0.2327965  0.18007681 0.23203308 0.04930714]
 [0.30817823 0.14596098 0.26095704 0.14401726 0.1408865 ]
 [0.1050065  0.29305354 0.28957949 0.19551467 0.11684581]
 [0.27926295 0.24926407 0.19522611 0.19393781 0.08230906]]"
30,"[[0.35808692 0.16862599 0.19099401 0.24773963 0.03455345]
 [0.290932   0.27452616 0.07506219 0.11640232 0.24307732]
 [0.42610496 0.25310831 0.26793587 0.00917159 0.04367928]
 [0.46143076 0.08841392 0.11353573 0.23643268 0.10018691]
 [0.32764211 0.22556123 0.15596511 0.15346226 0.13736929]]"
31,"[[0.25571475 0.25436573 0.19608934 0.22644777 0.06738242]
 [0.51848464 0.17733391 0.09816922 0.12650459 0.07950763]
 [0.33202864 0.32525575 0.2998817  0.03051158 0.01232232]
 [0.25529635 0.32813903 0.19568478 0.00637988 0.21449996]
 [0.3114573  0.24924841 0.19358441 0.18119096 0.06451891]]"
32,"[[0.34620773 0.29733827 0.17634181 0.00990505 0.17020714]
 [0.30456088 0.23747021 0.28511308 0.10569989 0.06715594]
 [0.35531761 0.35975627 0.22221998 0.04578647 0.01691967]
 [0.37163854 0.32343779 0.17104513 0.12455704 0.0093215 ]
 [0.35907113 0.29298222 0.10488037 0.15866326 0.08440302]]"
33,"[[0.34734715 0.2397394  0.17658328 0.08534058 0.15098959]
 [0.29201156 0.2431611  0.2494722  0.20928566 0.00606948]
 [0.14268528 0.24931205 0.28262177 0.05152141 0.27385949]
 [0.2223207  0.231665   0.23789264 0.19292586 0.1151958 ]
 [0.21917998 0.20944882 0.19726165 0.19279389 0.18131566]]"
34,"[[0.26889606 0.09054015 0.46624634 0.06663738 0.10768006]
 [0.39873415 0.23633794 0.2387411  0.08150302 0.0446838 ]
 [0.37183049 0.37322936 0.16168572 0.00292978 0.09032465]
 [0.62642843 0.22909577 0.09071671 0.04898185 0.00477723]
 [0.36110916 0.29960579 0.18251949 0.11819066 0.03857491]]"
35,"[[0.39037277 0.11728326 0.1087924  0.01111402 0.37243755]
 [0.39302967 0.13804284 0.30729932 0.12580614 0.03582203]
 [0.26586955 0.35644968 0.20695022 0.1535704  0.01716015]
 [0.06497003 0.39442257 0.50558404 0.02208051 0.01294285]
 [0.30382514 0.16638435 0.08068046 0.2697469  0.17936316]]"
36,"[[0.30799032 0.30947993 0.21736613 0.08697898 0.07818464]
 [0.29985502 0.22285894 0.45646599 0.01054834 0.01027171]
 [0.27253526 0.23493749 0.18407873 0.12360012 0.18484839]
 [0.35039712 0.22480518 0.10003821 0.23645078 0.08830871]
 [0.28870699 0.27922684 0.21151163 0.17834974 0.0422048 ]]"
37,"[[0.30222792 0.25158938 0.2513859  0.15963093 0.03516586]
 [0.31518611 0.20562147 0.21459467 0.19660358 0.06799417]
 [0.4107753  0.24081784 0.14988117 0.0706976  0.12782809]
 [0.05513947 0.20567967 0.39998608 0.30483772 0.03435705]
 [0.30096621 0.21446885 0.21684624 0.12733031 0.1403884 ]]"
38,"[[0.11485608 0.43274737 0.31125475 0.0473591  0.0937827 ]
 [0.2462026  0.28807875 0.25501912 0.04812251 0.16257702]
 [0.19614657 0.32207172 0.27843173 0.13698126 0.06636872]
 [0.29591279 0.29085083 0.25146661 0.13824784 0.02352193]
 [0.28850379 0.27649723 0.00469213 0.1966395  0.23366735]]"
39,"[[0.07467037 0.26491619 0.28767478 0.19784658 0.17489208]
 [0.26011724 0.20729604 0.05829529 0.27676517 0.19752625]
 [0.31984112 0.25286376 0.20450777 0.19623245 0.02655491]
 [0.48431819 0.27135223 0.0567469  0.14117846 0.04640422]
 [0.1386217  0.12410502 0.31213769 0.0615299  0.36360569]]"
40,"[[0.28172738 0.21092614 0.24003387 0.16229015 0.10502247]
 [0.27694343 0.45322537 0.12670945 0.07738973 0.06573202]
 [0.28215277 0.27157831 0.13341958 0.23054809 0.08230124]
 [0.21057376 0.23920973 0.20666274 0.18381939 0.15973438]
 [0.25973027 0.20247101 0.1933652  0.20216698 0.14226654]]"
41,"[[0.1995352  0.19647449 0.23533372 0.21735121 0.15130538]
 [0.2504908  0.24681297 0.22948882 0.14311763 0.13008978]
 [0.30464675 0.28724914 0.26342882 0.00813956 0.13653574]
 [0.29632491 0.2615345  0.16042518 0.23872429 0.04299112]
 [0.24397132 0.29765103 0.27004958 0.10089205 0.08743602]]"
42,"[[0.27392032 0.2231129  0.23200178 0.16801107 0.10295393]
 [0.28027185 0.1549336  0.24449678 0.2223201  0.09797767]
 [0.33387071 0.22598462 0.17322808 0.14282009 0.12409651]
 [0.45430914 0.31406146 0.10613099 0.08040997 0.04508844]
 [0.35921482 0.23673941 0.01976535 0.27958801 0.10469241]]"
43,"[[0.30714679 0.02523042 0.62057411 0.02450681 0.02254188]
 [0.3667376  0.2316491  0.14721387 0.13087585 0.12352357]
 [0.27474117 0.38502144 0.2288423  0.00391192 0.10748317]
 [0.27951404 0.20476701 0.18625194 0.18803697 0.14143004]
 [0.26876134 0.15567024 0.26275254 0.13834445 0.17447143]]"
44,"[[0.17240585 0.22678411 0.33113287 0.22057499 0.04910217]
 [0.29855101 0.22870546 0.25603895 0.1691452  0.04755938]
 [0.37272502 0.29819046 0.11792469 0.08342044 0.1277394 ]
 [0.4729264  0.13305586 0.21132192 0.12671455 0.05598126]
 [0.31638544 0.26156351 0.04060021 0.20214511 0.17930574]]"
45,"[[0.12433173 0.35611658 0.3929734  0.06074401 0.06583427]
 [0.26298598 0.29337681 0.27744401 0.14939785 0.01679535]
 [0.22246864 0.20477949 0.29294721 0.20248316 0.07732149]
 [0.33584224 0.33058889 0.19205614 0.00692471 0.13458802]
 [0.33209119 0.29905167 0.11751675 0.15394746 0.09739293]]"
46,"[[0.29679594 0.25215755 0.20137941 0.14381321 0.10585389]
 [0.58041122 0.02460514 0.30288681 0.08902455 0.00307227]
 [0.4889633  0.2986063  0.13038268 0.07081888 0.01122884]
 [0.2240922  0.17171862 0.24740938 0.04570055 0.31107925]
 [0.03911711 0.34400614 0.28621151 0.27082991 0.05983533]]"
47,"[[0.26405214 0.07246176 0.11558478 0.29211746 0.25578385]
 [0.27785044 0.188738   0.2310876  0.18662356 0.1157004 ]
 [0.36734067 0.20613505 0.19935665 0.04896505 0.17820258]
 [0.22743899 0.16015971 0.24398105 0.24455972 0.12386052]
 [0.30711662 0.27995675 0.25963327 0.04532673 0.10796663]]"
48,"[[0.2880838  0.26765791 0.2052634  0.13849977 0.10049512]
 [0.25365573 0.2774279  0.19934414 0.17482378 0.09474844]
 [0.56351581 0.22559396 0.10843113 0.05489593 0.04756316]
 [0.34090764 0.15284008 0.29149959 0.11129485 0.10345784]
 [0.33682907 0.18292889 0.19864164 0.15809178 0.12350863]]"
49,"[[0.50367939 0.06282912 0.34778713 0.0272661  0.05843827]
 [0.33889725 0.1469978  0.24549112 0.17805927 0.09055456]
 [0.3667777  0.37492502 0.16825779 0.08855986 0.00147963]
 [0.26051186 0.25458906 0.20114827 0.18666179 0.09708901]
 [0.29516568 0.25814278 0.14405833 0.2145351  0.08809811]]"
50,"[[0.26153228 0.25706361 0.18701127 0.13119767 0.16319517]
 [0.30815922 0.27552412 0.1113796  0.25905341 0.04588365]
 [0.3149709  0.06546042 0.25940268 0.31385795 0.04630806]
 [0.25573799 0.18857369 0.31206662 0.13289656 0.11072515]
 [0.36616662 0.22413161 0.19175816 0.13769773 0.08024588]]"
51,"[[0.27123514 0.28805372 0.08747984 0.26633555 0.08689575]
 [0.33506274 0.25700484 0.22020388 0.16480124 0.0229273 ]
 [0.33808191 0.24027399 0.33471404 0.07109309 0.01583696]
 [0.3164569  0.28173301 0.21208307 0.06181925 0.12790777]
 [0.3133899  0.30543015 0.13992432 0.17914652 0.06210911]]"
52,"[[0.18565372 0.46639827 0.16346366 0.15631076 0.02817359]
 [0.35687052 0.23765374 0.20262094 0.1687841  0.03407071]
 [0.08545964 0.09337202 0.04957777 0.40911822 0.36247235]
 [0.27897179 0.24246384 0.23145031 0.22170459 0.02540946]
 [0.22084224 0.27234136 0.26286046 0.16071846 0.08323748]]"
53,"[[0.18423294 0.28745544 0.22039854 0.17598325 0.13192982]
 [0.26490705 0.48460136 0.12388681 0.05895778 0.067647  ]
 [0.08955126 0.30310035 0.23329776 0.23412725 0.13992338]
 [0.37027298 0.14833579 0.28672371 0.06408992 0.13057761]
 [0.31444104 0.43828883 0.20712074 0.02431261 0.01583678]]"
54,"[[0.34601418 0.18316865 0.28388053 0.18590348 0.00103316]
 [0.36097666 0.16612386 0.14025437 0.30100233 0.03164278]
 [0.29298998 0.27141814 0.25804503 0.15804311 0.01950374]
 [0.35511906 0.08932611 0.27400671 0.26411099 0.01743713]
 [0.16987939 0.46344372 0.28800035 0.06480565 0.01387089]]"
55,"[[0.30191927 0.06589183 0.2714473  0.18463017 0.17611142]
 [0.19339801 0.40153966 0.10640355 0.1863271  0.11233169]
 [0.27497371 0.27709221 0.07258335 0.24741798 0.12793275]
 [0.23062729 0.23350669 0.20852399 0.18993806 0.13740396]
 [0.35087268 0.26685334 0.02440684 0.25071068 0.10715645]]"
56,"[[0.36155106 0.21241398 0.21407607 0.12691835 0.08504054]
 [0.54950314 0.1604226  0.09171748 0.10810268 0.0902541 ]
 [0.30708668 0.2225018  0.32694475 0.07724572 0.06622105]
 [0.22741141 0.25410026 0.36390722 0.10568054 0.04890057]
 [0.27002616 0.17772021 0.30551796 0.10542651 0.14130916]]"
57,"[[0.27797101 0.06618719 0.36040145 0.26273821 0.03270214]
 [0.2708392  0.17350501 0.3836809  0.00711904 0.16485585]
 [0.27071015 0.2424344  0.21882133 0.05459351 0.21344062]
 [0.27396275 0.34297789 0.26262477 0.11690342 0.00353117]
 [0.36508534 0.28553682 0.25984245 0.08391178 0.00562362]]"
58,"[[0.33388321 0.10149937 0.28483448 0.18078578 0.09899716]
 [0.42545651 0.35719055 0.12558265 0.08521322 0.00655707]
 [0.42583875 0.29086128 0.09873313 0.16631543 0.01825141]
 [0.11613039 0.27068788 0.37350207 0.04222966 0.19745   ]
 [0.31140049 0.22412831 0.15774613 0.20561965 0.10110542]]"
59,"[[0.28596502 0.23194795 0.1975531  0.16329317 0.12124075]
 [0.32187511 0.27361671 0.21161372 0.12048258 0.07241189]
 [0.28751554 0.2974923  0.26423456 0.09795603 0.05280157]
 [0.3556003  0.10039282 0.45673861 0.07959375 0.00767452]
 [0.34584747 0.03228215 0.26847807 0.13496097 0.21843135]]"
60,"[[0.34423157 0.28954955 0.18213108 0.13122084 0.05286697]
 [0.25858398 0.18225896 0.27716657 0.15399145 0.12799904]
 [0.3491243  0.13524382 0.23260061 0.21990992 0.06312135]
 [0.29557969 0.26996179 0.09906935 0.19361896 0.1417702 ]
 [0.36592278 0.22056161 0.13226719 0.19558889 0.08565954]]"
61,"[[0.40546333 0.28222881 0.16043956 0.11364211 0.0382262 ]
 [0.2810443  0.05377306 0.21662997 0.43449222 0.01406045]
 [0.23274023 0.20214331 0.15726557 0.19141168 0.21643921]
 [0.28518456 0.265172   0.13408805 0.20652179 0.1090336 ]
 [0.35775057 0.31724402 0.27080579 0.01031159 0.04388803]]"
62,"[[0.3247696  0.29273943 0.29328891 0.06695456 0.0222475 ]
 [0.18351324 0.21604331 0.22239806 0.20336235 0.17468304]
 [0.22764784 0.32698283 0.15351839 0.25637983 0.03547111]
 [0.24557624 0.19437782 0.16838988 0.24269    0.14896606]
 [0.26915686 0.38894237 0.13171576 0.13132153 0.07886349]]"
63,"[[0.31626455 0.46089799 0.04820859 0.04208326 0.1325456 ]
 [0.28364574 0.22124978 0.2429777  0.12015722 0.13196956]
 [0.44137284 0.19957007 0.03135504 0.01356546 0.31413659]
 [0.24388004 0.23355936 0.16272047 0.20574812 0.15409202]
 [0.23885152 0.26402234 0.1907062  0.14905657 0.15736336]]"
64,"[[0.28889689 0.16299676 0.05277221 0.44671127 0.04862287]
 [0.26073142 0.21211439 0.19008436 0.20166488 0.13540495]
 [0.20905273 0.35903768 0.28524107 0.08288007 0.06378846]
 [0.61489751 0.17457807 0.08218427 0.08843249 0.03990766]
 [0.3600218  0.25420355 0.25756326 0.09277654 0.03543485]]"
65,"[[0.23487885 0.33130245 0.22070618 0.19787168 0.01524084]
 [0.35960284 0.16407887 0.13600736 0.22720543 0.11310549]
 [0.33312526 0.22037548 0.21366878 0.14966636 0.08316412]
 [0.25915308 0.1967679  0.17868862 0.22244981 0.14294059]
 [0.25970817 0.23060104 0.19344077 0.21112054 0.10512948]]"
66,"[[0.25337995 0.01316994 0.37872824 0.21286365 0.14185821]
 [0.33281822 0.10091167 0.22251769 0.02528139 0.31847104]
 [0.14614766 0.34614429 0.33327765 0.0926504  0.08177999]
 [0.32095349 0.31300115 0.1987217  0.16329644 0.00402722]
 [0.42054769 0.36411629 0.07049738 0.11686505 0.02797358]]"
67,"[[0.2736551  0.26781121 0.13856166 0.10208198 0.21789004]
 [0.34802497 0.13768178 0.1144394  0.09079558 0.30905827]
 [0.18555216 0.4142577  0.33681245 0.03339578 0.02998191]
 [0.24934313 0.09203477 0.35877836 0.24304118 0.05680257]
 [0.25541163 0.24360797 0.23980245 0.19219114 0.06898681]]"
68,"[[0.26073238 0.40228412 0.13668076 0.19789081 0.00241193]
 [0.31982352 0.18751882 0.20525302 0.16172854 0.12567609]
 [0.28026424 0.39957843 0.16924164 0.11200404 0.03891165]
 [0.34139082 0.26278064 0.11333779 0.23088505 0.05160569]
 [0.31674761 0.2956345  0.26277963 0.09756639 0.02727187]]"
69,"[[0.31801291 0.24466748 0.25058977 0.09565384 0.09107601]
 [0.09019604 0.63422504 0.1978061  0.06928832 0.0084845 ]
 [0.09374295 0.60209711 0.16405396 0.07312861 0.06697736]
 [0.29933926 0.27716834 0.25338356 0.15159488 0.01851397]
 [0.38002881 0.28414385 0.19171121 0.03446907 0.10964705]]"
70,"[[0.35606808 0.21510517 0.23931071 0.18390971 0.00560633]
 [0.35320972 0.36294746 0.18227342 0.08076161 0.0208078 ]
 [0.36855632 0.27041284 0.15339114 0.09153706 0.11610264]
 [0.23484624 0.20839763 0.20369996 0.2005323  0.15252387]
 [0.32924853 0.30288861 0.21294209 0.12657431 0.02834646]]"
71,"[[0.27259081 0.23872484 0.22598668 0.19103943 0.07165823]
 [0.28803617 0.26474765 0.23668755 0.20176795 0.00876068]
 [0.32318976 0.31695005 0.24715887 0.06568741 0.0470139 ]
 [0.4046956  0.25318077 0.13655694 0.11185901 0.09370768]
 [0.23411068 0.25283467 0.20020099 0.13052162 0.18233203]]"
72,"[[0.34300216 0.22231399 0.06244589 0.183775   0.18846295]
 [0.26835693 0.11789396 0.26811514 0.18029115 0.16534282]
 [0.20536857 0.18844764 0.45536834 0.03296627 0.11784917]
 [0.19460351 0.28982674 0.29635293 0.13538473 0.08383208]
 [0.29111022 0.18191898 0.25095643 0.22307501 0.05293936]]"
73,"[[0.28082967 0.22479505 0.11284746 0.20496057 0.17656725]
 [0.40685461 0.34508239 0.1504347  0.03557763 0.06205067]
 [0.34379869 0.14829708 0.03840931 0.34119244 0.12830248]
 [0.26163986 0.32635069 0.21192918 0.0360207  0.16405957]
 [0.32428491 0.30623112 0.19758863 0.11263744 0.0592579 ]]"
74,"[[0.4304128  0.21125425 0.26841047 0.08057549 0.00934699]
 [0.25963218 0.4477833  0.16011062 0.06842444 0.06404945]
 [0.43926559 0.19289169 0.13115239 0.19165081 0.04503951]
 [0.41948787 0.2017207  0.28829155 0.06240176 0.02809813]
 [0.25967512 0.30849703 0.16926299 0.11649664 0.14606822]]"
75,"[[0.37161702 0.06887199 0.10406494 0.35045604 0.10499001]
 [0.36855048 0.29992347 0.12927617 0.09272173 0.10952815]
 [0.27862984 0.24472175 0.16403673 0.23488833 0.07772334]
 [0.32678806 0.27764455 0.18235353 0.13298111 0.08023274]
 [0.27658468 0.20202712 0.22826335 0.18471225 0.10841261]]"
76,"[[0.25911712 0.15834098 0.23205001 0.14567734 0.20481455]
 [0.32916841 0.20360841 0.30323363 0.14250177 0.02148778]
 [0.29197348 0.24921749 0.19997514 0.14141382 0.11742007]
 [0.30187078 0.31534218 0.08492478 0.21479636 0.08306589]
 [0.33668076 0.29516381 0.22082996 0.0707676  0.07655787]]"
77,"[[0.31564758 0.46474378 0.11916348 0.05860176 0.0418434 ]
 [0.3100933  0.28727975 0.24277353 0.0328192  0.12703422]
 [0.22372666 0.21006361 0.29528098 0.12874245 0.1421863 ]
 [0.62374234 0.10971915 0.15781654 0.05120222 0.05751975]
 [0.27030613 0.25524368 0.24858705 0.02523218 0.20063096]]"
78,"[[0.18424382 0.36814956 0.38933077 0.04948442 0.00879143]
 [0.3374908  0.17571228 0.32166709 0.09949623 0.06563361]
 [0.28574908 0.19676007 0.33247508 0.0573223  0.12769348]
 [0.41877795 0.25388181 0.19342895 0.05442024 0.07949106]
 [0.34416575 0.25958063 0.21361987 0.09843943 0.08419432]]"
79,"[[0.32341512 0.05015534 0.27481155 0.29548436 0.05613363]
 [0.2903588  0.17739702 0.22938091 0.13433314 0.16853012]
 [0.26309963 0.27319307 0.22868336 0.10791884 0.1271051 ]
 [0.35212384 0.30935461 0.16270856 0.14398407 0.03182891]
 [0.35406713 0.28638101 0.03820764 0.19367355 0.12767067]]"
80,"[[0.35705865 0.33491832 0.24928887 0.05481932 0.00391484]
 [0.29864332 0.40464227 0.19750856 0.07722446 0.02198139]
 [0.44920899 0.3322644  0.13504516 0.01232583 0.07115562]
 [0.33481485 0.33248084 0.18815511 0.12951387 0.01503534]
 [0.48682456 0.20473911 0.15211079 0.12771716 0.02860839]]"
81,"[[0.27481392 0.2370779  0.0320071  0.43082171 0.02527937]
 [0.25965874 0.19651573 0.24757947 0.11326368 0.18298238]
 [0.42063609 0.29398944 0.16016147 0.08779887 0.03741414]
 [0.46958646 0.080065   0.09922104 0.09501983 0.25610767]
 [0.22066304 0.27183603 0.12272335 0.01680556 0.36797202]]"
82,"[[0.25964776 0.19264943 0.08985658 0.23285329 0.22499294]
 [0.28839048 0.17527723 0.31857637 0.13288776 0.08486817]
 [0.36557315 0.3554888  0.16554822 0.09969687 0.01369296]
 [0.41791994 0.31362252 0.10106618 0.06144935 0.10594201]
 [0.28818983 0.28427443 0.06289461 0.14940157 0.21523957]]"
83,"[[0.38939147 0.18461695 0.29077804 0.07836525 0.05684829]
 [0.25677751 0.24256437 0.23361361 0.11313389 0.15391062]
 [0.32245808 0.26659094 0.18422063 0.19272603 0.03400433]
 [0.30610519 0.08925248 0.23654239 0.20870817 0.15939176]
 [0.29118088 0.28870289 0.18568709 0.11068575 0.12374339]]"
84,"[[0.52639453 0.0119292  0.13959956 0.20790766 0.11416905]
 [0.38679691 0.26464726 0.08589448 0.24113173 0.02152962]
 [0.37113204 0.28731003 0.1729761  0.15408576 0.01449608]
 [0.27836146 0.27180278 0.20636942 0.20555382 0.03791251]
 [0.35666196 0.36130218 0.20707409 0.01287658 0.06208519]]"
85,"[[0.29597074 0.19172227 0.31624207 0.16559311 0.0304718 ]
 [0.28207201 0.24825634 0.22083774 0.16309265 0.08574125]
 [0.36824087 0.1597033  0.31154393 0.11022938 0.05028252]
 [0.30207201 0.14138495 0.25286203 0.05919857 0.24448244]
 [0.22767539 0.33938968 0.18734737 0.21907253 0.02651502]]"
86,"[[0.3298439  0.23985867 0.16498437 0.19428893 0.07102413]
 [0.38976399 0.18396286 0.17848882 0.13610429 0.11168003]
 [0.24295711 0.22033916 0.27122121 0.04560174 0.21988078]
 [0.25737373 0.221295   0.27834786 0.14122696 0.10175644]
 [0.25206813 0.31722022 0.2603242  0.01239172 0.15799573]]"
87,"[[0.34460776 0.16186845 0.21095014 0.14434748 0.13822617]
 [0.31379729 0.27810058 0.14784963 0.11953393 0.14071858]
 [0.43419168 0.20722817 0.17920938 0.1271481  0.05222268]
 [0.26104091 0.32064342 0.10994769 0.2729545  0.03541348]
 [0.30938488 0.26822944 0.00621521 0.29082339 0.12534707]]"
88,"[[0.30150695 0.22690468 0.19829071 0.18306132 0.09023634]
 [0.23946334 0.23646953 0.23271826 0.17092374 0.12042513]
 [0.26124179 0.23298415 0.17348031 0.16815356 0.16414019]
 [0.29337366 0.25383585 0.01860681 0.23755409 0.19662959]
 [0.26804533 0.34642995 0.18268008 0.11569434 0.08715029]]"
89,"[[0.30346246 0.25276619 0.11360871 0.18389724 0.1462654 ]
 [0.01582413 0.28467833 0.37627856 0.3191852  0.00403378]
 [0.24541978 0.22296817 0.0894337  0.23855258 0.20362577]
 [0.29736111 0.24455402 0.26936688 0.18154799 0.00717001]
 [0.31603729 0.22230682 0.13213905 0.17941931 0.15009754]]"
90,"[[0.29998516 0.256577   0.11340743 0.20719224 0.12283817]
 [0.27520781 0.23662412 0.16085872 0.21721727 0.11009209]
 [0.23392368 0.2201785  0.21191102 0.14557225 0.18841455]
 [0.20736811 0.22701341 0.2452724  0.18607077 0.13427531]
 [0.18906242 0.31148099 0.06094999 0.25686417 0.18164243]]"
91,"[[0.2704502  0.3271703  0.208827   0.06985194 0.12370056]
 [0.30061218 0.2939173  0.20892134 0.168413   0.02813618]
 [0.16883836 0.23652963 0.26403968 0.21120434 0.11938799]
 [0.26070578 0.19869738 0.19361277 0.18361097 0.16337309]
 [0.4631059  0.29743098 0.1740348  0.00379212 0.0616362 ]]"
92,"[[0.33981893 0.22094335 0.22413244 0.15092983 0.06417544]
 [0.18979404 0.3046586  0.1700585  0.20383728 0.13165159]
 [0.20844126 0.18615959 0.38696299 0.09240905 0.12602711]
 [0.38917698 0.28743631 0.14564692 0.13392471 0.04381508]
 [0.3103455  0.15109719 0.30834966 0.11343959 0.11676807]]"
93,"[[0.11862132 0.4058713  0.41697513 0.02845811 0.03007414]
 [0.27691906 0.27663785 0.24973126 0.03243821 0.16427362]
 [0.28259037 0.0961669  0.07978788 0.53417254 0.00728231]
 [0.48736654 0.01603905 0.25301805 0.11994825 0.12362811]
 [0.3337447  0.14584817 0.15188856 0.32371557 0.044803  ]]"
94,"[[0.42121276 0.07437351 0.17993454 0.25489129 0.06958789]
 [0.23407215 0.22058439 0.32689003 0.14925484 0.0691986 ]
 [0.4313938  0.17711659 0.19698102 0.1781468  0.01636179]
 [0.37500993 0.38942506 0.00768376 0.22085807 0.00702317]
 [0.38540699 0.31651125 0.13623853 0.12126135 0.04058187]]"
95,"[[0.38778137 0.26541906 0.27380992 0.06022243 0.01276722]
 [0.22849894 0.22885474 0.24440485 0.15280139 0.14544009]
 [0.34355252 0.18354739 0.11968433 0.10779391 0.24542185]
 [0.37004213 0.21553727 0.20703813 0.12696027 0.0804222 ]
 [0.23648762 0.29523801 0.19073335 0.18217194 0.09536909]]"
96,"[[0.12177596 0.36807498 0.00193252 0.39840123 0.1098153 ]
 [0.46111316 0.10487858 0.22038048 0.17163012 0.04199766]
 [0.31669325 0.13262507 0.18596306 0.21018409 0.15453453]
 [0.31924897 0.32853665 0.06075316 0.28193766 0.00952357]
 [0.2035978  0.18825737 0.20394171 0.25272201 0.15148111]]"
97,"[[3.08228589e-01 1.11756281e-01 3.88578608e-01 1.69217059e-01
  2.22194620e-02]
 [5.80556564e-01 1.02381871e-02 3.09790194e-01 7.11961383e-03
  9.22954418e-02]
 [2.41752041e-01 4.37510862e-01 9.42487278e-05 1.97226604e-01
  1.23416244e-01]
 [2.18331009e-01 2.92894888e-01 3.93656278e-01 8.58842459e-02
  9.23357925e-03]
 [3.20420068e-01 2.14691463e-01 1.50915749e-01 1.61879262e-01
  1.52093458e-01]]"
98,"[[0.33706349 0.25648715 0.18923084 0.14375704 0.07346147]
 [0.25665556 0.34984794 0.10909716 0.14850837 0.13589097]
 [0.16798915 0.2473401  0.22580758 0.23895588 0.11990728]
 [0.22783577 0.22742388 0.17547457 0.26563965 0.10362612]
 [0.3764166  0.20606787 0.34258037 0.05953856 0.01539659]]"
99,"[[0.31215376 0.31407384 0.20849457 0.10203948 0.06323835]
 [0.2859343  0.28698114 0.24114257 0.10323512 0.08270686]
 [0.30019637 0.24943147 0.14194856 0.1969635  0.11146009]
 [0.3894357  0.31289912 0.02524401 0.22783789 0.04458328]
 [0.36673797 0.37428112 0.06395124 0.17209078 0.02293889]]"
100,"[[0.30331426 0.3633043  0.16694772 0.13093182 0.03550189]
 [0.29671472 0.2868436  0.12641017 0.1199884  0.17004311]
 [0.21608911 0.19577291 0.15944329 0.14513353 0.28356115]
 [0.46826584 0.1920201  0.03139607 0.24578733 0.06253066]
 [0.34248541 0.30986763 0.18972048 0.06775767 0.09016881]]"
101,"[[0.13137127 0.20029412 0.17989152 0.06870727 0.13641296 0.03882281
  0.02813563 0.01624372 0.19756693 0.00255377]
 [0.16093577 0.15497003 0.14019959 0.12138229 0.10157441 0.11478624
  0.04677993 0.08940233 0.04163832 0.02833111]
 [0.17864671 0.14131235 0.20794522 0.16224162 0.15026071 0.08738092
  0.00950243 0.00617529 0.05586193 0.00067282]
 [0.15753583 0.12362672 0.11115658 0.15471114 0.10201435 0.08467786
  0.07883272 0.07372446 0.06547824 0.0482421 ]
 [0.1985006  0.19849975 0.18820659 0.134562   0.05499258 0.1279762
  0.05964411 0.00939524 0.00514533 0.0230776 ]
 [0.13747675 0.10450869 0.13885499 0.11279122 0.10980715 0.0942674
  0.08986894 0.09949039 0.02549706 0.0874374 ]
 [0.17234055 0.13566783 0.18854386 0.11094803 0.12419175 0.08499424
  0.05916051 0.05626702 0.03686765 0.03101856]
 [0.19017411 0.15823523 0.12083715 0.14628846 0.11064725 0.07797186
  0.05087001 0.05569168 0.04832325 0.040961  ]
 [0.09685212 0.35712431 0.1241407  0.09368627 0.08440741 0.01531685
  0.07888343 0.07528475 0.06193716 0.01236699]
 [0.16120992 0.1550058  0.11810377 0.14790806 0.11616314 0.10022198
  0.07383577 0.04409142 0.06043438 0.02302576]]"
102,"[[0.15095902 0.17308255 0.14277134 0.11423265 0.11187516 0.10328244
  0.10663834 0.04864287 0.03358481 0.01493084]
 [0.1704626  0.16736174 0.16184954 0.11107164 0.13617335 0.10423988
  0.08579646 0.02463384 0.00700592 0.03140502]
 [0.14983086 0.17077195 0.1140083  0.05903171 0.10887603 0.03937146
  0.0587472  0.09446101 0.14858104 0.05632045]
 [0.16011414 0.12413317 0.15795218 0.14018519 0.10867257 0.10465244
  0.05484407 0.07498042 0.00522827 0.06923755]
 [0.19230408 0.16479559 0.16433008 0.15275155 0.12439371 0.07680561
  0.0708277  0.01023886 0.03461148 0.00894135]
 [0.18535981 0.18229377 0.07506858 0.23327916 0.10374577 0.05695604
  0.06462585 0.06131099 0.01884172 0.0185183 ]
 [0.15928584 0.14488337 0.15639717 0.10016414 0.12811829 0.10887802
  0.06919191 0.07494342 0.03472513 0.02341269]
 [0.15750246 0.15457631 0.12720584 0.13488422 0.10904452 0.10615863
  0.01313    0.0920608  0.04185996 0.06357724]
 [0.16114797 0.15689248 0.16100392 0.1179842  0.11139742 0.08937651
  0.09908697 0.05330999 0.04071008 0.00909047]
 [0.14045194 0.13586191 0.13227708 0.12923209 0.12528455 0.11181725
  0.10814252 0.04277013 0.0476437  0.02651882]]"
103,"[[0.16677981 0.14041037 0.14894364 0.12410451 0.14492454 0.07933641
  0.08894564 0.05501262 0.04061649 0.01092598]
 [0.17403192 0.18491845 0.20126001 0.09483663 0.03717625 0.13477119
  0.1032274  0.03158468 0.02861064 0.00958282]
 [0.08398801 0.14725465 0.14599449 0.11784053 0.12863166 0.08944697
  0.08300033 0.07788603 0.0799446  0.04601272]
 [0.20851304 0.15383102 0.15844157 0.1238718  0.143683   0.09346286
  0.04026987 0.0330198  0.03132248 0.01358457]
 [0.1296682  0.16245518 0.12763035 0.16006653 0.10588683 0.09662715
  0.07101827 0.09170177 0.03783068 0.01711503]
 [0.13699725 0.13366371 0.13598619 0.12780182 0.1194871  0.11352193
  0.07627557 0.04605394 0.08263536 0.02757714]
 [0.18190573 0.11170356 0.14550322 0.16475069 0.05495498 0.05674979
  0.12778749 0.10539366 0.02281168 0.02843919]
 [0.17582613 0.16674532 0.17291191 0.1723078  0.1169434  0.05512879
  0.04327289 0.03976045 0.03142626 0.02567706]
 [0.21939777 0.13849524 0.13724967 0.17925192 0.0901239  0.07637966
  0.0832101  0.034292   0.02871935 0.01288039]
 [0.1293183  0.14737975 0.13576671 0.11084166 0.09877595 0.0791682
  0.10510907 0.09245001 0.02680244 0.07438789]]"
104,"[[0.1712348  0.16354851 0.134192   0.15469445 0.08253846 0.11341877
  0.0606402  0.04946542 0.04043454 0.02983286]
 [0.18133382 0.18464319 0.11753957 0.11396868 0.08918091 0.08171549
  0.00316977 0.06170257 0.0193334  0.14741261]
 [0.2124152  0.1647405  0.12645125 0.11441667 0.10680722 0.08275934
  0.07483604 0.05104788 0.00092241 0.06560348]
 [0.15080098 0.14913339 0.13189232 0.1285583  0.10506605 0.10190053
  0.12777523 0.03698334 0.04647098 0.02141889]
 [0.17444441 0.1225035  0.03882526 0.08319555 0.17630376 0.07357354
  0.00261367 0.02750562 0.1666002  0.1344345 ]
 [0.18103852 0.1733473  0.15883829 0.14774738 0.01879577 0.09664727
  0.06253085 0.11775854 0.00993196 0.03336412]
 [0.16777414 0.15191308 0.07305759 0.1631277  0.10910449 0.05155333
  0.16545188 0.05653419 0.03873153 0.02275206]
 [0.15432989 0.14127044 0.12164772 0.11572934 0.10102884 0.09602123
  0.09707326 0.08339123 0.00472499 0.08478306]
 [0.22563065 0.21228529 0.1273779  0.10052453 0.12577915 0.00643343
  0.08917176 0.07729526 0.02953126 0.00597078]
 [0.18435808 0.17125168 0.19152597 0.05408583 0.08982434 0.1353134
  0.04688638 0.00477362 0.0931532  0.0288275 ]]"
105,"[[0.15940796 0.17319604 0.12434364 0.10941013 0.10127967 0.08982785
  0.08362694 0.08129342 0.07500693 0.00260743]
 [0.17662332 0.23347541 0.22254632 0.15156819 0.07586377 0.05909145
  0.03113548 0.0274191  0.0211198  0.00115715]
 [0.154435   0.13435859 0.11943137 0.10141553 0.09652165 0.08389982
  0.0712621  0.05299936 0.06269295 0.12298362]
 [0.17236313 0.14061103 0.11432779 0.0763     0.14039127 0.11010486
  0.06805725 0.07321858 0.06555501 0.03907108]
 [0.15227468 0.12922549 0.14031963 0.11452453 0.1575651  0.09275529
  0.07681285 0.04845327 0.06656439 0.02150477]
 [0.1176566  0.15365349 0.23924456 0.08919068 0.08459392 0.07985094
  0.12799004 0.0530588  0.03625338 0.01850757]
 [0.12845907 0.1716279  0.14111547 0.08905197 0.17857417 0.08897363
  0.06782424 0.05585477 0.03734707 0.04117172]
 [0.19565598 0.20185003 0.15800818 0.09608425 0.07633166 0.10196309
  0.08950955 0.06845287 0.00218706 0.00995732]
 [0.12028225 0.17162597 0.16504007 0.16096336 0.08164483 0.02956585
  0.07624178 0.15538567 0.0210229  0.01822732]
 [0.1177591  0.13850686 0.14118749 0.13631024 0.11632019 0.07564222
  0.11625945 0.09556824 0.03665378 0.02579243]]"
106,"[[0.16341391 0.12155992 0.12590419 0.11768634 0.10133778 0.09684384
  0.07962306 0.06326497 0.04321438 0.0871516 ]
 [0.21298492 0.17662463 0.14924108 0.13779425 0.11563415 0.06229023
  0.06393115 0.02776673 0.04213008 0.01160278]
 [0.15944931 0.15575028 0.10919128 0.14658791 0.1590142  0.0667163
  0.09918457 0.05014479 0.0384213  0.01554006]
 [0.17898699 0.14827113 0.1404231  0.11833447 0.09947394 0.14380198
  0.08108282 0.05161367 0.03596926 0.00204263]
 [0.16948085 0.1628123  0.15565235 0.15039855 0.04355951 0.11288101
  0.03905518 0.01300295 0.02646235 0.12669495]
 [0.15233622 0.1463047  0.1291324  0.12667719 0.07829082 0.10385931
  0.05612193 0.07828965 0.07513833 0.05384946]
 [0.10477068 0.15338949 0.15329816 0.13315594 0.10116003 0.08293549
  0.08609511 0.05933322 0.04020435 0.08565753]
 [0.14672209 0.14481544 0.13966355 0.13525628 0.09491863 0.07770067
  0.08321919 0.04631312 0.07292191 0.05846913]
 [0.17514749 0.15197515 0.09999422 0.13539169 0.12388316 0.09949163
  0.09937779 0.04629034 0.0445875  0.02386102]
 [0.18872064 0.1537446  0.15339964 0.12451244 0.11564104 0.09921213
  0.00443334 0.06602401 0.07020044 0.02411172]]"
107,"[[1.62674767e-01 1.50526797e-01 1.25065010e-01 1.24767000e-01
  1.03035784e-01 9.91892695e-02 9.61251250e-02 8.02203176e-04
  9.26478322e-02 4.51662124e-02]
 [1.46814016e-01 1.63803835e-01 1.45748678e-01 1.57870476e-01
  1.41969545e-01 6.05467833e-02 9.72394459e-02 7.33457182e-02
  6.81386714e-03 5.84763506e-03]
 [1.48467976e-01 1.32418461e-01 1.59588675e-01 1.19212172e-01
  1.13532674e-01 1.12754038e-01 1.05301621e-01 5.13630713e-02
  3.75694847e-02 1.97918290e-02]
 [1.69593721e-01 1.72702594e-01 1.54280951e-01 1.25546905e-01
  1.23176680e-01 2.69168289e-02 9.45332074e-02 1.03332252e-01
  2.97755909e-02 1.41270284e-04]
 [1.53535304e-01 1.87996002e-01 1.87050092e-01 1.43591651e-01
  5.34224630e-02 8.72994796e-02 9.27718305e-02 3.75382772e-02
  2.84439324e-02 2.83509690e-02]
 [1.66874135e-01 1.83469751e-01 1.38213575e-01 1.65491347e-01
  3.80964368e-02 8.43620707e-02 3.14253369e-02 1.47444590e-01
  2.74779233e-02 1.71448343e-02]
 [1.34348309e-01 1.47801598e-01 1.43413019e-01 1.31449127e-01
  8.71795610e-02 6.59059547e-02 1.26353094e-01 6.72894701e-02
  6.56363874e-02 3.06234801e-02]
 [1.50034262e-01 1.30231514e-01 1.46300662e-01 1.15065900e-01
  1.21381748e-01 7.93940905e-02 6.93998054e-02 7.41939049e-02
  6.54858616e-02 4.85122511e-02]
 [1.45099400e-01 1.07836956e-01 1.54848192e-01 1.14954796e-01
  1.29493041e-01 1.00164980e-01 9.07483283e-02 7.44755963e-02
  3.90280046e-02 4.33507055e-02]
 [2.75753833e-01 1.36513365e-01 1.93685823e-01 9.81873058e-02
  1.25585636e-01 7.02884352e-02 3.25236265e-02 4.29417007e-02
  1.73289755e-02 7.19130016e-03]]"
108,"[[0.20216238 0.15596764 0.12503064 0.08485577 0.0968451  0.04535666
  0.08064649 0.02111209 0.10615603 0.08186721]
 [0.14856632 0.18964308 0.11333126 0.08624192 0.1066804  0.0999257
  0.09182528 0.05228749 0.03240253 0.07909602]
 [0.2165484  0.20337985 0.1599313  0.12545354 0.09313143 0.04429087
  0.05776234 0.01769017 0.06208187 0.01973022]
 [0.18069219 0.14000337 0.09285513 0.11677486 0.14509512 0.12431099
  0.07317106 0.09234649 0.01773199 0.01701881]
 [0.15825163 0.17674672 0.12879658 0.12105707 0.11569701 0.10752563
  0.08628394 0.07623684 0.0193742  0.01003039]
 [0.23065859 0.20867467 0.21146919 0.10747846 0.02887344 0.0954288
  0.02189432 0.01600687 0.07803776 0.00147789]
 [0.16661071 0.13916286 0.15590333 0.10894117 0.09845227 0.04502149
  0.10353663 0.09337106 0.0820485  0.00695199]
 [0.17697113 0.16442483 0.16083722 0.10586442 0.1491855  0.07817517
  0.0092214  0.07493767 0.04371656 0.0366661 ]
 [0.19468335 0.16217254 0.12696396 0.12657945 0.1327282  0.07547261
  0.06168729 0.02556584 0.07354362 0.02060313]
 [0.1549795  0.15411185 0.14483466 0.13493402 0.09370737 0.13281092
  0.09484939 0.05426217 0.03088696 0.00462316]]"
109,"[[0.14115614 0.13805873 0.10985194 0.1050174  0.09562652 0.11545368
  0.11542008 0.08091271 0.06128807 0.03721473]
 [0.13072486 0.15303642 0.10796276 0.12748606 0.09763118 0.1253539
  0.06249871 0.09254673 0.0832123  0.01954708]
 [0.16373525 0.15787529 0.15314013 0.13411836 0.11726248 0.11151255
  0.06973264 0.02165632 0.06114561 0.00982137]
 [0.27256756 0.26840428 0.12107404 0.1388744  0.09127465 0.04916549
  0.01758688 0.02970134 0.00809589 0.00325549]
 [0.1928606  0.22351614 0.1891847  0.12709782 0.05952825 0.09171766
  0.0640219  0.0308715  0.01086932 0.01033211]
