1,"[[0.22375443 0.32978669 0.23193312 0.10872985 0.10579592]
 [0.29275983 0.03906882 0.08953294 0.32775564 0.25088276]
 [0.04203605 0.03259986 0.06103175 0.42834628 0.43598606]
 [0.27018272 0.25700267 0.21314143 0.10913895 0.15053424]
 [0.37801215 0.10055759 0.00186816 0.25308064 0.26648145]]"
2,"[[0.30937311 0.0202261  0.05220985 0.28353861 0.33465233]
 [0.3128017  0.10948754 0.26719202 0.03497189 0.27554685]
 [0.15040311 0.28513997 0.12076342 0.33750989 0.10618362]
 [0.28639377 0.1296663  0.40421902 0.00541436 0.17430654]
 [0.30101416 0.16682405 0.16917814 0.24786116 0.1151225 ]]"
3,"[[0.24108264 0.28481622 0.03306606 0.16217819 0.27885689]
 [0.22886184 0.21323524 0.20507034 0.23387619 0.11895639]
 [0.24315019 0.23603308 0.23183674 0.20654671 0.08243329]
 [0.07859738 0.19432992 0.40430449 0.06533601 0.2574322 ]
 [0.25273794 0.12993609 0.25337787 0.23058629 0.13336181]]"
4,"[[0.35089643 0.20101726 0.10197046 0.02308147 0.32303438]
 [0.02413241 0.37500099 0.07871318 0.2892412  0.23291221]
 [0.3722822  0.28313386 0.04466063 0.24699196 0.05293135]
 [0.19678945 0.34111113 0.03165971 0.27466403 0.15577567]
 [0.34657844 0.22027906 0.31305066 0.11656415 0.00352769]]"
5,"[[0.32104917 0.18717518 0.29650233 0.12037004 0.07490328]
 [0.07199074 0.27815755 0.04906009 0.26050208 0.34028954]
 [0.24494447 0.26751818 0.2714126  0.18010557 0.03601918]
 [0.43335071 0.07850891 0.3501899  0.02425007 0.11370041]
 [0.25870411 0.11803238 0.30366931 0.29392593 0.02566828]]"
6,"[[0.0401724  0.16872715 0.12913664 0.30393281 0.358031  ]
 [0.37921135 0.33830589 0.01797756 0.00155442 0.26295078]
 [0.24151379 0.28635024 0.19247964 0.17312147 0.10653486]
 [0.26362922 0.0244804  0.38917596 0.10213622 0.2205782 ]
 [0.1452643  0.03778788 0.52086561 0.28903894 0.00704327]]"
7,"[[0.24727817 0.16732373 0.36053742 0.17646998 0.0483907 ]
 [0.10034765 0.28522229 0.21469924 0.22132414 0.17840669]
 [0.00318503 0.41341913 0.32002201 0.1390916  0.12428222]
 [0.27357171 0.15390877 0.20462841 0.10419596 0.26369515]
 [0.2619869  0.14966634 0.25643725 0.10371059 0.22819892]]"
8,"[[0.33091389 0.31050856 0.04993258 0.05413037 0.2545146 ]
 [0.27681166 0.23175118 0.07147014 0.21157508 0.20839195]
 [0.22152019 0.12936386 0.19674219 0.32588977 0.12648398]
 [0.18112848 0.01669563 0.02720905 0.44501733 0.32994951]
 [0.37626944 0.25100645 0.0417008  0.19024745 0.14077586]]"
9,"[[0.29785469 0.19205528 0.12041175 0.28446721 0.10521107]
 [0.39991874 0.30613602 0.19428128 0.01635141 0.08331255]
 [0.18041275 0.28809348 0.11769281 0.17950678 0.23429418]
 [0.10764265 0.30729318 0.21621556 0.10907786 0.25977075]
 [0.12730391 0.2202369  0.19203899 0.14175381 0.31866639]]"
10,"[[0.34663287 0.11908689 0.27306116 0.20631854 0.05490054]
 [0.34136726 0.09327298 0.24718818 0.13214768 0.1860239 ]
 [0.22226351 0.2711966  0.26625169 0.18893635 0.05135185]
 [0.26540312 0.11962804 0.17980093 0.23575854 0.19940937]
 [0.22104545 0.22436426 0.08299131 0.30249355 0.16910543]]"
11,"[[0.32359795 0.31428908 0.18993048 0.07359899 0.09858351]
 [0.32657062 0.26558598 0.07171543 0.24774897 0.08837899]
 [0.31522508 0.31285532 0.01850436 0.20462668 0.14878855]
 [0.34623508 0.14992268 0.14096005 0.23813266 0.12474953]
 [0.24054905 0.15481009 0.15127281 0.18555207 0.26781597]]"
12,"[[5.52150553e-02 4.35580126e-01 4.04702668e-02 3.91226448e-02
  4.29611907e-01]
 [1.67593719e-01 2.14164372e-01 7.43391309e-02 4.08820355e-01
  1.35082423e-01]
 [2.50288768e-01 2.89016448e-01 5.80423349e-02 2.42553413e-01
  1.60099036e-01]
 [1.41328926e-01 4.82882281e-01 2.02495783e-01 1.46904629e-01
  2.63883814e-02]
 [2.84017440e-01 2.19072698e-01 1.85112971e-01 3.11514079e-01
  2.82812534e-04]]"
13,"[[0.34343335 0.26498839 0.10212934 0.24535719 0.04409173]
 [0.18711523 0.1101752  0.45845354 0.13742988 0.10682616]
 [0.14839597 0.21565413 0.22092713 0.1687515  0.24627127]
 [0.28155915 0.23874254 0.26917849 0.02356072 0.1869591 ]
 [0.17409187 0.31645331 0.32850161 0.13877213 0.04218108]]"
14,"[[0.17961839 0.32466333 0.05682135 0.26030786 0.17858906]
 [0.25685468 0.2252366  0.21104958 0.01970044 0.2871587 ]
 [0.21875675 0.21140792 0.19216444 0.10310063 0.27457027]
 [0.30901812 0.25087081 0.17925804 0.21807282 0.04278021]
 [0.19926984 0.17830127 0.11908317 0.38324634 0.12009939]]"
15,"[[0.2526488  0.23616926 0.19949005 0.1173852  0.19430669]
 [0.23290285 0.18661217 0.19252251 0.20874088 0.17922159]
 [0.20510324 0.26494439 0.22471332 0.12832649 0.17691256]
 [0.05581005 0.07882686 0.2707647  0.28904487 0.30555353]
 [0.29956655 0.33561507 0.01874736 0.23831122 0.1077598 ]]"
16,"[[0.46477316 0.17863942 0.11254821 0.13902855 0.10501067]
 [0.27158657 0.07200101 0.31907028 0.06936703 0.26797512]
 [0.24942667 0.21895586 0.20826844 0.25044687 0.07290216]
 [0.05038267 0.31500195 0.03707193 0.0695559  0.52798755]
 [0.23162333 0.26664085 0.23595592 0.05124658 0.21453332]]"
17,"[[0.09603928 0.3926788  0.34794316 0.05657522 0.10676355]
 [0.22695166 0.2674655  0.05250171 0.26668698 0.18639416]
 [0.01759819 0.31450858 0.16117031 0.33654331 0.17017961]
 [0.04907088 0.3031337  0.27340994 0.20033948 0.174046  ]
 [0.27912144 0.19877744 0.0463307  0.27315375 0.20261666]]"
18,"[[0.07396291 0.04970049 0.1579797  0.11530651 0.60305039]
 [0.15108188 0.40939597 0.31639784 0.03776239 0.08536191]
 [0.44831949 0.11227821 0.13562867 0.12196631 0.18180732]
 [0.41587343 0.23159124 0.17438251 0.11290294 0.06524988]
 [0.18217073 0.17289789 0.294199   0.11028686 0.24044551]]"
19,"[[0.24386381 0.08808046 0.21173175 0.1275713  0.32875267]
 [0.14939609 0.28951486 0.12542663 0.13489978 0.30076263]
 [0.21760148 0.20460258 0.29930559 0.14445828 0.13403208]
 [0.28726743 0.12026371 0.20678237 0.18822316 0.19746332]
 [0.27039081 0.06854282 0.13842377 0.31871962 0.20392298]]"
20,"[[0.26415086 0.20410281 0.26829069 0.15136145 0.11209419]
 [0.04866759 0.03284482 0.61001088 0.16949899 0.13897771]
 [0.32073002 0.12045043 0.26266746 0.18173062 0.11442147]
 [0.31031333 0.35524608 0.14792457 0.16511008 0.02140594]
 [0.09222952 0.16656341 0.01364547 0.4621874  0.26537421]]"
21,"[[0.26777589 0.32875857 0.10009163 0.19637544 0.10699847]
 [0.24032504 0.02555583 0.31521217 0.29752159 0.12138537]
 [0.26262362 0.21074534 0.08002832 0.23686458 0.20973814]
 [0.28644532 0.12418964 0.188322   0.26616633 0.13487671]
 [0.15438431 0.0971522  0.2019911  0.37412585 0.17234654]]"
22,"[[0.44586199 0.24257217 0.13140034 0.09051386 0.08965163]
 [0.28042474 0.26611818 0.16257564 0.12738187 0.16349958]
 [0.07221048 0.27922718 0.07309655 0.31190755 0.26355824]
 [0.24006051 0.34696184 0.06664392 0.15952458 0.18680915]
 [0.16016461 0.18205103 0.35167358 0.25060867 0.05550212]]"
23,"[[0.04476356 0.1198536  0.30963743 0.30264167 0.22310373]
 [0.06005069 0.52528977 0.00721371 0.01132979 0.39611605]
 [0.16863703 0.37203955 0.26060044 0.09227854 0.10644444]
 [0.37108511 0.12130332 0.21575168 0.00435675 0.28750314]
 [0.21469557 0.23968607 0.24672984 0.17621235 0.12267617]]"
24,"[[0.25141245 0.02925097 0.39291672 0.17534755 0.15107231]
 [0.28113337 0.20906721 0.08252007 0.05163437 0.37564498]
 [0.31029424 0.03434593 0.12100656 0.29455967 0.23979361]
 [0.3508509  0.32224122 0.03722457 0.15373572 0.1359476 ]
 [0.23653818 0.23911834 0.1272608  0.29649102 0.10059165]]"
25,"[[0.0777689  0.30600478 0.19661507 0.33602676 0.08358449]
 [0.37365032 0.10664287 0.10281698 0.03290793 0.3839819 ]
 [0.28007413 0.14637625 0.21645713 0.20539553 0.15169696]
 [0.1963512  0.23795592 0.22734818 0.2381851  0.1001596 ]
 [0.2441441  0.11125768 0.24080444 0.1711762  0.23261759]]"
26,"[[0.13284739 0.30494686 0.25429897 0.2507058  0.05720098]
 [0.30917573 0.16564523 0.09126037 0.28174192 0.15217675]
 [0.13833936 0.32291485 0.28296123 0.04605403 0.20973054]
 [0.05213082 0.13287855 0.29733154 0.35977002 0.15788906]
 [0.01586133 0.38951772 0.24330923 0.2002949  0.15101681]]"
27,"[[0.06335371 0.30147884 0.06163085 0.53262823 0.04090837]
 [0.01309875 0.26879373 0.26491347 0.20063138 0.25256266]
 [0.22291609 0.26105426 0.2130844  0.18229249 0.12065276]
 [0.15401453 0.16210186 0.07427863 0.29818938 0.31141559]
 [0.20944719 0.13867051 0.12361455 0.19644143 0.33182633]]"
28,"[[0.2572531  0.25942694 0.1778374  0.17775319 0.12772937]
 [0.40724633 0.29104316 0.0226271  0.19487169 0.08421173]
 [0.27214296 0.22276385 0.1969395  0.03681299 0.2713407 ]
 [0.06122362 0.24281421 0.26499908 0.19968523 0.23127786]
 [0.1744309  0.406111   0.15070862 0.14939551 0.11935397]]"
29,"[[0.30939457 0.3514341  0.22477883 0.03142638 0.08296612]
 [0.30867045 0.12018701 0.1993783  0.06468607 0.30707816]
 [0.12687201 0.23673505 0.00920142 0.33722061 0.28997092]
 [0.21501503 0.21879069 0.28239856 0.17250302 0.11129269]
 [0.07380287 0.138871   0.35466137 0.27581841 0.15684635]]"
30,"[[0.2270755  0.18658052 0.24534576 0.02283763 0.31816059]
 [0.41078617 0.21482296 0.0195204  0.09235599 0.26251449]
 [0.33361933 0.16736571 0.22315339 0.00986661 0.26599496]
 [0.28188197 0.25934462 0.13303523 0.23212807 0.0936101 ]
 [0.22807351 0.42617828 0.0484801  0.17395763 0.12331049]]"
31,"[[0.11880343 0.2779638  0.24712426 0.17447499 0.18163352]
 [0.19287843 0.17350948 0.21967076 0.40367986 0.01026147]
 [0.36591245 0.20501488 0.28748459 0.06047804 0.08111005]
 [0.22545839 0.42084593 0.07732327 0.2089376  0.0674348 ]
 [0.23549379 0.07886169 0.28579174 0.34297282 0.05687996]]"
32,"[[0.34191378 0.19578685 0.08462428 0.2046945  0.17298059]
 [0.16968268 0.1347004  0.22298366 0.25562947 0.21700379]
 [0.22911826 0.2269571  0.12728503 0.22686744 0.18977218]
 [0.02260106 0.45321705 0.18413654 0.02239146 0.31765389]
 [0.18586897 0.35855066 0.1334901  0.2212331  0.10085717]]"
33,"[[0.36952292 0.32091393 0.17346107 0.10285776 0.03324431]
 [0.10205484 0.28456937 0.0381287  0.1501857  0.42506138]
 [0.21595512 0.15241786 0.28262365 0.12193771 0.22706566]
 [0.2935023  0.16787698 0.13502802 0.16903665 0.23455605]
 [0.1909191  0.16166811 0.31830953 0.00909131 0.32001196]]"
34,"[[0.22383255 0.19605567 0.18791436 0.20620972 0.1859877 ]
 [0.30575943 0.14460611 0.09324581 0.27303112 0.18335753]
 [0.04584403 0.04378699 0.24705442 0.41094655 0.252368  ]
 [0.47613915 0.2355281  0.11201485 0.15629137 0.02002652]
 [0.42101499 0.22468446 0.15548395 0.17952502 0.01929158]]"
35,"[[0.36440161 0.15242106 0.38190365 0.06215494 0.03911874]
 [0.1759966  0.14595768 0.17390239 0.36872988 0.13541346]
 [0.07021241 0.3550841  0.26777146 0.00894035 0.29799169]
 [0.23375478 0.36556348 0.09534635 0.10326842 0.20206697]
 [0.26749327 0.45378821 0.06047548 0.10901913 0.10922392]]"
36,"[[0.07914806 0.33349804 0.28050986 0.16673664 0.1401074 ]
 [0.11996724 0.27881473 0.27973116 0.15116553 0.17032134]
 [0.23245557 0.24018351 0.22595912 0.16781344 0.13358835]
 [0.27927974 0.15663914 0.32657422 0.02096305 0.21654385]
 [0.09410781 0.24408256 0.48886447 0.0377944  0.13515076]]"
37,"[[0.23653821 0.1505859  0.15021308 0.22871094 0.23395187]
 [0.41080647 0.08928871 0.05546901 0.01431568 0.43012013]
 [0.54174583 0.04590087 0.13584582 0.22407526 0.05243221]
 [0.01982682 0.46782908 0.09416592 0.22405586 0.19412232]
 [0.21500061 0.23074731 0.17784832 0.18248989 0.19391387]]"
38,"[[0.13574942 0.10892963 0.4621511  0.20881272 0.08435713]
 [0.4363511  0.09269041 0.14331403 0.21963206 0.10801241]
 [0.2256645  0.27600113 0.14550195 0.29149166 0.06134077]
 [0.32170304 0.24988105 0.04695905 0.1969271  0.18452976]
 [0.06186142 0.1625787  0.22911585 0.10743267 0.43901136]]"
39,"[[0.23845808 0.24015942 0.02473846 0.32148604 0.175158  ]
 [0.25127104 0.16683569 0.29234265 0.24280398 0.04674665]
 [0.11731452 0.28065107 0.15482862 0.26860131 0.17860448]
 [0.19934802 0.2571826  0.12513195 0.18970598 0.22863145]
 [0.08476275 0.52163873 0.12353232 0.21221927 0.05784693]]"
40,"[[0.1131355  0.0895267  0.43635237 0.27153493 0.0894505 ]
 [0.35474674 0.2335638  0.07649271 0.19365526 0.1415415 ]
 [0.16843157 0.24830652 0.13217374 0.22109205 0.22999613]
 [0.26729847 0.1043345  0.35298569 0.1400281  0.13535325]
 [0.2127891  0.3429355  0.26980957 0.11413988 0.06032595]]"
41,"[[0.29988089 0.20891351 0.21882919 0.10372231 0.1686541 ]
 [0.29922563 0.27230738 0.16828033 0.07891684 0.18126982]
 [0.21479642 0.13366509 0.23239419 0.22889528 0.19024902]
 [0.1768152  0.30980686 0.12109279 0.07711398 0.31517117]
 [0.23864061 0.08882642 0.26756707 0.0190814  0.3858845 ]]"
42,"[[0.15949676 0.02364203 0.3738694  0.03128748 0.41170433]
 [0.0433872  0.52294744 0.0284853  0.02511001 0.38007005]
 [0.18568558 0.0233368  0.20845824 0.11172458 0.4707948 ]
 [0.1061099  0.38930387 0.19840766 0.23449922 0.07167934]
 [0.17590382 0.20684885 0.14761577 0.14313121 0.32650034]]"
43,"[[0.27433044 0.45853555 0.01153976 0.18419061 0.07140365]
 [0.31570379 0.22417375 0.07641222 0.22566596 0.15804428]
 [0.4021821  0.36012173 0.17857931 0.05766799 0.00144886]
 [0.39240399 0.18288569 0.23729838 0.14587191 0.04154003]
 [0.20208984 0.21735873 0.03871207 0.2802688  0.26157056]]"
44,"[[0.11237187 0.37457745 0.20757276 0.2565622  0.04891572]
 [0.38000759 0.25792195 0.00070621 0.18128206 0.18008219]
 [0.25927627 0.26105873 0.07701193 0.14886301 0.25379006]
 [0.29369053 0.15607617 0.15549674 0.22726877 0.16746779]
 [0.02843955 0.21925368 0.30323427 0.01906898 0.43000352]]"
45,"[[0.28545089 0.13365239 0.15486184 0.38048273 0.04555215]
 [0.27142703 0.26279667 0.09797426 0.23898533 0.12881671]
 [0.40698096 0.47257201 0.07947275 0.00803374 0.03294054]
 [0.1663784  0.0487861  0.35785027 0.38415611 0.04282913]
 [0.09810718 0.21880758 0.06051133 0.34704921 0.2755247 ]]"
46,"[[0.21454091 0.26366185 0.25114678 0.01871645 0.251934  ]
 [0.1942763  0.16970672 0.27552401 0.33410675 0.02638622]
 [0.1850266  0.26278042 0.19775085 0.13478907 0.21965306]
 [0.27755937 0.2769108  0.29427264 0.13278927 0.01846792]
 [0.30659862 0.01542295 0.24354953 0.17166432 0.26276458]]"
47,"[[0.26367604 0.17504426 0.03240394 0.14279322 0.38608255]
 [0.12215325 0.36754603 0.26198012 0.02650729 0.22181331]
 [0.21331302 0.30597058 0.20703818 0.27162955 0.00204867]
 [0.26905074 0.19189654 0.03411557 0.29449761 0.21043955]
 [0.2677611  0.22010595 0.29916549 0.18323642 0.02973105]]"
48,"[[0.16914177 0.37178128 0.10194726 0.35422737 0.00290232]
 [0.08982763 0.22378345 0.05373644 0.33312353 0.29952895]
 [0.23396683 0.34305414 0.19615017 0.13711945 0.08970941]
 [0.27034157 0.26236857 0.31142476 0.07165353 0.08421157]
 [0.23064393 0.15617085 0.25993989 0.22615031 0.12709503]]"
49,"[[0.23029167 0.24843364 0.301343   0.12194198 0.0979897 ]
 [0.24502143 0.0505941  0.2133525  0.29551963 0.19551234]
 [0.03679607 0.44117192 0.31129322 0.06962889 0.1411099 ]
 [0.36630998 0.20464437 0.26157059 0.10233953 0.06513552]
 [0.4287279  0.09642079 0.09668617 0.0179354  0.36022974]]"
50,"[[0.32557266 0.20300185 0.22038233 0.11346319 0.13757998]
 [0.27629728 0.14628106 0.42852398 0.01848074 0.13041695]
 [0.46610572 0.17477917 0.06954198 0.05245823 0.2371149 ]
 [0.2438073  0.2142583  0.20535025 0.03354117 0.30304297]
 [0.06679947 0.41521291 0.10771641 0.26217643 0.14809479]]"
51,"[[0.16900294 0.11046404 0.31349236 0.07947803 0.32756264]
 [0.28064929 0.47256601 0.12924949 0.09199789 0.02553732]
 [0.04498481 0.46656599 0.03926978 0.22925827 0.21992115]
 [0.22685956 0.17265186 0.05599985 0.26489111 0.27959762]
 [0.15958268 0.3623896  0.06203639 0.05424673 0.3617446 ]]"
52,"[[0.2652544  0.22696101 0.20249133 0.19820899 0.10708427]
 [0.55045812 0.15131284 0.00216135 0.18347768 0.11259001]
 [0.17079751 0.25424159 0.02714289 0.26879871 0.2790193 ]
 [0.21692195 0.2324969  0.14268764 0.38866472 0.01922878]
 [0.23079082 0.50323539 0.02651689 0.02707854 0.21237836]]"
53,"[[0.29321916 0.25103925 0.03939211 0.40359545 0.01275403]
 [0.30863957 0.04890007 0.17425449 0.22145416 0.24675172]
 [0.32942822 0.1727498  0.24348474 0.07250027 0.18183696]
 [0.11305445 0.25196097 0.14395681 0.28406363 0.20696414]
 [0.21163159 0.07221281 0.31901283 0.08385705 0.31328572]]"
54,"[[0.12079086 0.28493162 0.27628879 0.18708149 0.13090724]
 [0.20252713 0.20814102 0.13499378 0.17058676 0.28375131]
 [0.34942657 0.28875752 0.05418133 0.12705859 0.18057599]
 [0.358121   0.29141468 0.23254811 0.04164405 0.07627216]
 [0.20556366 0.1864877  0.38983013 0.15378743 0.06433109]]"
55,"[[0.23354014 0.2903818  0.22135295 0.13304595 0.12167917]
 [0.00333207 0.08701751 0.34115536 0.1675227  0.40097236]
 [0.22746992 0.13195926 0.35870503 0.26384277 0.01802302]
 [0.38525347 0.10406975 0.39758699 0.06168039 0.05140939]
 [0.24328964 0.0809003  0.29294273 0.20407826 0.17878907]]"
56,"[[0.17567497 0.14696473 0.25878091 0.21808867 0.20049072]
 [0.31667432 0.28939558 0.29322103 0.04318515 0.05752392]
 [0.09039684 0.3554306  0.25979327 0.15895162 0.13542767]
 [0.36954804 0.15860184 0.3982082  0.04812335 0.02551856]
 [0.20403638 0.30882292 0.09402768 0.30169433 0.09141869]]"
57,"[[0.29838123 0.02460398 0.25595527 0.18830667 0.23275285]
 [0.29402601 0.20558036 0.20454913 0.15314217 0.14270233]
 [0.05986316 0.23827814 0.20793257 0.1772954  0.31663073]
 [0.14708678 0.31433623 0.28015578 0.13328903 0.12513218]
 [0.15372969 0.4034969  0.32036874 0.0534572  0.06894748]]"
58,"[[0.11479433 0.14509179 0.31682097 0.32791018 0.09538272]
 [0.34989924 0.27048142 0.254843   0.10975664 0.0150197 ]
 [0.17789903 0.34698762 0.29365661 0.05454152 0.12691521]
 [0.16244308 0.20356025 0.30525231 0.05625549 0.27248887]
 [0.23727921 0.16447865 0.16747935 0.13599969 0.29476311]]"
59,"[[0.26267409 0.12787001 0.03160402 0.14884054 0.42901133]
 [0.03916887 0.3938534  0.09997659 0.24750997 0.21949117]
 [0.30595965 0.09833103 0.29196838 0.28958537 0.01415558]
 [0.19489716 0.26173818 0.23773641 0.29629863 0.00932961]
 [0.30734845 0.31533854 0.12949019 0.19056039 0.05726242]]"
60,"[[0.36415265 0.05678789 0.19422855 0.2708585  0.1139724 ]
 [0.32987102 0.20974682 0.37824114 0.01406495 0.06807607]
 [0.0762419  0.21090056 0.32900534 0.16081331 0.2230389 ]
 [0.46682282 0.14965226 0.09907926 0.02992947 0.25451618]
 [0.22664071 0.23644374 0.09395573 0.22998719 0.21297264]]"
61,"[[0.03897688 0.28422727 0.22441216 0.20293591 0.24944777]
 [0.15772598 0.30414381 0.11818847 0.11123569 0.30870604]
 [0.45154656 0.01085526 0.35065889 0.0254688  0.1614705 ]
 [0.25916239 0.13728435 0.04741485 0.54447043 0.01166798]
 [0.3316069  0.23573072 0.24552225 0.03508183 0.1520583 ]]"
62,"[[0.26059289 0.12779697 0.15602094 0.06435365 0.39123555]
 [0.26400553 0.01546202 0.1515307  0.16261127 0.40639048]
 [0.02958055 0.33569284 0.09852365 0.30964078 0.22656218]
 [0.12411926 0.31832752 0.07229754 0.2889851  0.19627059]
 [0.19011111 0.30163643 0.1833925  0.30465537 0.02020459]]"
63,"[[0.20097956 0.24451601 0.30259189 0.21564165 0.03627089]
 [0.29190455 0.22252627 0.08392883 0.15451048 0.24712987]
 [0.43525269 0.23442663 0.01796767 0.22303828 0.08931472]
 [0.02683043 0.35245608 0.00690118 0.16045048 0.45336183]
 [0.28865316 0.1504936  0.3830031  0.12692996 0.05092018]]"
64,"[[0.26230102 0.20949627 0.20055647 0.04608897 0.28155726]
 [0.20421581 0.05736612 0.15330662 0.44010384 0.14500761]
 [0.11024603 0.32778402 0.13832333 0.30846252 0.1151841 ]
 [0.14711217 0.4572558  0.11936155 0.04737439 0.22889609]
 [0.22036509 0.19629167 0.17751875 0.24367341 0.16215107]]"
65,"[[0.29005068 0.2247541  0.25792086 0.07460569 0.15266866]
 [0.00161684 0.12102239 0.37284315 0.28866013 0.21585749]
 [0.08962299 0.33329522 0.3254532  0.05394558 0.19768301]
 [0.25299812 0.03841981 0.25041171 0.31326782 0.14490254]
 [0.13328859 0.19350685 0.41467377 0.21380157 0.04472922]]"
66,"[[0.28812001 0.16826043 0.11957317 0.19492423 0.22912215]
 [0.14102516 0.26891901 0.40877481 0.15118897 0.03009205]
 [0.27728398 0.36801293 0.17793211 0.15657523 0.02019576]
 [0.30737135 0.34486196 0.24995022 0.01976606 0.07805041]
 [0.28388343 0.29217608 0.18449214 0.08444246 0.15500589]]"
67,"[[0.16393843 0.32941554 0.16660917 0.00726112 0.33277574]
 [0.0151853  0.31890714 0.38863907 0.20715123 0.07011725]
 [0.22656139 0.15895599 0.15835108 0.22677873 0.22935281]
 [0.10701828 0.2067232  0.23276556 0.29841957 0.15507339]
 [0.26184091 0.21232863 0.02579402 0.21665285 0.2833836 ]]"
68,"[[0.22963172 0.21332437 0.15931148 0.19580237 0.20193006]
 [0.21651965 0.08245999 0.34880213 0.05636013 0.29585809]
 [0.20745612 0.21592028 0.20381143 0.19596507 0.1768471 ]
 [0.21237765 0.20747554 0.00838747 0.18928658 0.38247276]
 [0.13412805 0.05948074 0.31389633 0.3441335  0.14836138]]"
69,"[[0.10828617 0.07969834 0.10628708 0.4642657  0.24146272]
 [0.05834562 0.43778052 0.03511913 0.3613025  0.10745222]
 [0.27504501 0.22830213 0.23236541 0.15023642 0.11405103]
 [0.29427801 0.26579567 0.11717666 0.20703774 0.11571193]
 [0.10613134 0.16193263 0.46868844 0.18348117 0.07976642]]"
70,"[[0.122537   0.35205803 0.36624052 0.09742307 0.06174137]
 [0.30221662 0.0866202  0.45379546 0.13445977 0.02290795]
 [0.18063977 0.3126502  0.10964893 0.27519838 0.12186271]
 [0.27510786 0.09235138 0.25608615 0.22863657 0.14781805]
 [0.19296869 0.30264451 0.32809069 0.09096328 0.08533284]]"
71,"[[0.28194513 0.24420595 0.31269088 0.13335562 0.02780242]
 [0.29626228 0.38633455 0.20572721 0.10093326 0.0107427 ]
 [0.29854645 0.38907326 0.00841946 0.13161562 0.17234521]
 [0.19753689 0.31992061 0.03678467 0.33131048 0.11444735]
 [0.24384804 0.03002932 0.07769858 0.42573271 0.22269135]]"
72,"[[0.04698685 0.34406079 0.15218612 0.16729623 0.28947001]
 [0.40874956 0.21842126 0.08173339 0.11742487 0.17367091]
 [0.32038797 0.07032306 0.42912107 0.15304548 0.02712242]
 [0.17895185 0.15176977 0.2908181  0.25425748 0.1242028 ]
 [0.60726383 0.19868089 0.11937486 0.02388807 0.05079235]]"
73,"[[0.1664829  0.29773808 0.38630378 0.09670729 0.05276795]
 [0.13649654 0.15648863 0.37171453 0.25831366 0.07698664]
 [0.25934536 0.15640964 0.03168479 0.33933696 0.21322324]
 [0.27458625 0.21883881 0.29192196 0.09646425 0.11818872]
 [0.23646009 0.05368718 0.23482729 0.24257107 0.23245437]]"
74,"[[0.30280895 0.35823964 0.12509006 0.11350431 0.10035703]
 [0.31665918 0.35509344 0.08669528 0.19560645 0.04594564]
 [0.18663309 0.23069798 0.10086125 0.2566886  0.22511907]
 [0.21753405 0.14177712 0.37371619 0.1902204  0.07675224]
 [0.33120065 0.10686731 0.04998838 0.23378165 0.27816201]]"
75,"[[0.43254799 0.02608928 0.12086471 0.30383466 0.11666337]
 [0.22265456 0.15586914 0.29453066 0.11522973 0.2117159 ]
 [0.13881534 0.23448539 0.09276988 0.29517942 0.23874997]
 [0.16081837 0.37144623 0.28672275 0.01953341 0.16147924]
 [0.24386223 0.24845358 0.11329618 0.1563696  0.23801841]]"
76,"[[0.36853681 0.05427581 0.10664941 0.37667785 0.09386012]
 [0.36227268 0.37332409 0.13609461 0.11287925 0.01542938]
 [0.15013747 0.26840957 0.30009677 0.18597469 0.0953815 ]
 [0.04816795 0.24514284 0.31916918 0.29261267 0.09490736]
 [0.05050411 0.39202788 0.03348257 0.13922502 0.38476043]]"
77,"[[0.04517487 0.14556627 0.28083097 0.19457366 0.33385423]
 [0.04903365 0.3681257  0.13350749 0.22280145 0.22653171]
 [0.36076894 0.15116102 0.28891538 0.03897881 0.16017585]
 [0.27519737 0.24690525 0.31349914 0.05002715 0.11437108]
 [0.23063752 0.37804316 0.04597339 0.23204873 0.11329719]]"
78,"[[0.45577436 0.04021162 0.05984547 0.16025386 0.2839147 ]
 [0.12391997 0.41183213 0.03181859 0.16053691 0.2718924 ]
 [0.20168571 0.31556144 0.13431797 0.14102735 0.20740753]
 [0.11077167 0.11303413 0.40306228 0.33618434 0.03694757]
 [0.41573903 0.1275509  0.08773518 0.06191559 0.3070593 ]]"
79,"[[0.22241708 0.27984576 0.15706025 0.07568696 0.26498995]
 [0.23312805 0.19169551 0.29253399 0.25669158 0.02595087]
 [0.28121442 0.21656532 0.1264216  0.20218917 0.17360949]
 [0.3902558  0.28457234 0.21487065 0.05405291 0.0562483 ]
 [0.02022366 0.28501309 0.05980748 0.30568591 0.32926986]]"
80,"[[0.1842429  0.17429842 0.24313726 0.22689387 0.17142755]
 [0.21895802 0.09325462 0.23653298 0.04908835 0.40216602]
 [0.01949074 0.28114399 0.07794194 0.20574018 0.41568315]
 [0.1452968  0.05873578 0.25744482 0.27848023 0.26004238]
 [0.22207309 0.15577527 0.21607318 0.20566655 0.2004119 ]]"
81,"[[0.07462518 0.1289383  0.22504924 0.18664004 0.38474725]
 [0.28875359 0.03332284 0.35227286 0.20523422 0.12041648]
 [0.07476792 0.36596256 0.06917821 0.14758926 0.34250205]
 [0.27147873 0.26818061 0.09183991 0.11505757 0.25344318]
 [0.13117411 0.42903231 0.17253412 0.0981389  0.16912057]]"
82,"[[0.1180508  0.15681602 0.07197047 0.33448201 0.31868069]
 [0.28188375 0.29982671 0.16520779 0.04425486 0.2088269 ]
 [0.21888866 0.26921787 0.22477894 0.23829691 0.04881763]
 [0.28629983 0.23557418 0.23952032 0.23563596 0.0029697 ]
 [0.35411846 0.07197967 0.17276751 0.08350626 0.3176281 ]]"
83,"[[0.33816916 0.08868448 0.16851729 0.17775907 0.22687   ]
 [0.03360499 0.27979565 0.29464319 0.24946679 0.14248937]
 [0.24100225 0.29096845 0.18015307 0.16514968 0.12272655]
 [0.210074   0.34838065 0.11124973 0.22168562 0.10860999]
 [0.30544446 0.22322327 0.18361613 0.03749576 0.25022039]]"
84,"[[0.34361442 0.16426928 0.24937996 0.02500098 0.21773535]
 [0.11441419 0.12757786 0.25828549 0.22230186 0.2774206 ]
 [0.21331673 0.27102128 0.25392436 0.21630798 0.04542965]
 [0.13454636 0.09315969 0.34558732 0.21235209 0.21435453]
 [0.26360103 0.15885318 0.21348263 0.29830217 0.06576099]]"
85,"[[0.1407199  0.44303646 0.21448961 0.03241421 0.16933982]
 [0.29081145 0.03983123 0.14727753 0.3500101  0.1720697 ]
 [0.186453   0.50097298 0.11339506 0.10956188 0.08961709]
 [0.32452884 0.1355313  0.21738776 0.14657455 0.17597755]
 [0.06028417 0.62658778 0.02921425 0.23959386 0.04431994]]"
86,"[[0.30889604 0.29895714 0.28389206 0.05410498 0.05414978]
 [0.057913   0.15807006 0.6958637  0.05073884 0.0374144 ]
 [0.42712449 0.11373454 0.00444865 0.1838351  0.27085721]
 [0.33182497 0.30048748 0.2317404  0.0407634  0.09518376]
 [0.23733646 0.14942538 0.30197841 0.08085832 0.23040142]]"
87,"[[0.26008492 0.06648188 0.1018938  0.26865311 0.30288629]
 [0.09933116 0.32057255 0.29208526 0.01498874 0.2730223 ]
 [0.18485126 0.22290728 0.19645255 0.24890595 0.14688297]
 [0.30814612 0.05667794 0.34627286 0.12711543 0.16178764]
 [0.30659554 0.23316792 0.03095328 0.07210687 0.35717639]]"
88,"[[0.28763302 0.15947215 0.21099224 0.04356896 0.29833363]
 [0.15522156 0.31085716 0.29485361 0.09533471 0.14373295]
 [0.16726087 0.28134279 0.16372056 0.11521697 0.27245882]
 [0.49328811 0.10863443 0.0511635  0.22599869 0.12091526]
 [0.17025454 0.16756598 0.09713638 0.35247707 0.21256602]]"
89,"[[0.25242435 0.00763374 0.23691806 0.38553133 0.11749253]
 [0.21945693 0.22843218 0.09642413 0.22558883 0.23009793]
 [0.28855095 0.25775833 0.15737096 0.24781388 0.04850588]
 [0.38920015 0.12282759 0.14671182 0.03480039 0.30646005]
 [0.40539784 0.3163602  0.19522632 0.05346822 0.02954743]]"
90,"[[0.33493723 0.17149452 0.07319346 0.30281395 0.11756083]
 [0.15304345 0.3141123  0.26500678 0.23701731 0.03082016]
 [0.19389838 0.20659435 0.04754431 0.23217027 0.31979268]
 [0.0414229  0.52133096 0.03057751 0.16088424 0.2457844 ]
 [0.3956128  0.26306876 0.08701093 0.08112222 0.17318528]]"
91,"[[0.27802221 0.13135891 0.2687997  0.25753615 0.06428303]
 [0.30525927 0.07746576 0.13522151 0.38150825 0.10054522]
 [0.34354452 0.4770602  0.08457228 0.02222536 0.07259764]
 [0.44440316 0.2597168  0.0621645  0.10629624 0.1274193 ]
 [0.48379797 0.32895872 0.10192793 0.059943   0.02537239]]"
92,"[[0.35189207 0.34294247 0.00715983 0.1643775  0.13362812]
 [0.01900599 0.12302426 0.2309495  0.3323073  0.29471294]
 [0.1628282  0.32474794 0.42403055 0.01355783 0.07483549]
 [0.17919275 0.19004255 0.1556425  0.25026369 0.22485851]
 [0.35722685 0.42801737 0.12892781 0.08178331 0.00404466]]"
93,"[[0.29816908 0.19996207 0.02597897 0.28036647 0.19552341]
 [0.30633515 0.0017528  0.28945931 0.27888396 0.12356878]
 [0.32756206 0.05695363 0.15770877 0.17562479 0.28215075]
 [0.08149857 0.32611545 0.30802171 0.02962975 0.25473452]
 [0.24436231 0.26492797 0.01340808 0.15447868 0.32282296]]"
94,"[[0.09735149 0.25035683 0.31071489 0.05823013 0.28334665]
 [0.24058226 0.37000086 0.11396889 0.13906651 0.13638148]
 [0.15685266 0.10867564 0.42535531 0.28228709 0.02682931]
 [0.25354078 0.29657652 0.20801152 0.17973009 0.06214109]
 [0.12423362 0.17553668 0.15758954 0.22322529 0.31941487]]"
95,"[[0.23346083 0.21719252 0.21244664 0.25551675 0.08138325]
 [0.16336228 0.17523275 0.22254016 0.32471409 0.11415072]
 [0.25267946 0.1952381  0.04443084 0.3953641  0.11228751]
 [0.31867346 0.04541048 0.1063377  0.39358885 0.13598951]
 [0.24814447 0.29448034 0.28190167 0.0319397  0.14353382]]"
96,"[[0.30239356 0.39903049 0.1080955  0.15467532 0.03580513]
 [0.36131014 0.18282554 0.35959932 0.01289284 0.08337216]
 [0.16192607 0.24876129 0.21559728 0.17403347 0.19968189]
 [0.24306006 0.23555361 0.22620645 0.19613847 0.0990414 ]
 [0.22186103 0.10458297 0.19284975 0.13035323 0.35035301]]"
97,"[[0.24519295 0.26339278 0.32795557 0.00516678 0.15829191]
 [0.3371057  0.33237297 0.05714865 0.0016179  0.27175479]
 [0.10323169 0.33727951 0.24270715 0.11327533 0.20350632]
 [0.12702385 0.32343442 0.32474953 0.14359643 0.08119578]
 [0.07799177 0.23683282 0.08017107 0.41710306 0.18790128]]"
98,"[[0.08397323 0.33300869 0.2105994  0.35994165 0.01247702]
 [0.06293119 0.17905889 0.10772796 0.0607406  0.58954136]
 [0.18463359 0.28423535 0.17681035 0.14247778 0.21184292]
 [0.2148926  0.17587947 0.31816955 0.05899806 0.23206032]
 [0.23063104 0.19377213 0.14384341 0.31570601 0.11604742]]"
99,"[[0.24441083 0.3145374  0.04700655 0.26007977 0.13396545]
 [0.22623202 0.32417297 0.17297501 0.18435969 0.0922603 ]
 [0.28100168 0.20980023 0.22344714 0.03993537 0.24581558]
 [0.23466059 0.23031292 0.19439582 0.1917783  0.14885237]
 [0.12547125 0.24996242 0.24239765 0.14990573 0.23226295]]"
100,"[[0.2647288  0.28733386 0.1029358  0.31477535 0.03022618]
 [0.49756394 0.31402317 0.11864044 0.05572529 0.01404716]
 [0.01520577 0.25663965 0.35289528 0.14328682 0.23197247]
 [0.17509301 0.36613361 0.3212523  0.11406446 0.02345663]
 [0.22712645 0.26378008 0.28125485 0.09946869 0.12836993]]"
101,"[[0.09586696 0.11040706 0.12025561 0.11511318 0.03799205 0.11150977
  0.13566215 0.12759241 0.02396723 0.12163357]
 [0.07082559 0.06089549 0.18721903 0.1608172  0.15531907 0.09596053
  0.02855157 0.06119905 0.0639175  0.11529496]
 [0.05516466 0.13775306 0.19518009 0.20051868 0.06278682 0.0978345
  0.12613645 0.04043456 0.05666353 0.02752765]
 [0.15453705 0.14313868 0.05701504 0.14075922 0.08451718 0.1355019
  0.10686782 0.07200018 0.08714751 0.01851542]
 [0.14423505 0.02021315 0.11442743 0.14135953 0.10985137 0.08538943
  0.14931142 0.13752212 0.08658979 0.01110071]
 [0.07919671 0.11870109 0.13818554 0.14017834 0.13301552 0.14274448
  0.07077768 0.09247588 0.03176675 0.05295801]
 [0.19200604 0.13736402 0.09689499 0.06751748 0.04815477 0.1133945
  0.17687998 0.08673293 0.06778298 0.01327231]
 [0.12690221 0.14219843 0.13309297 0.11151007 0.10816224 0.08240384
  0.04158363 0.04763868 0.16936892 0.03713901]
 [0.14927729 0.12841615 0.13147251 0.04006371 0.07864522 0.11630154
  0.11041866 0.0383849  0.1572646  0.04975542]
 [0.12206677 0.11926916 0.15953333 0.15672599 0.0868094  0.09121505
  0.07105984 0.10551535 0.07076448 0.01704064]]"
102,"[[0.09749327 0.06126807 0.18654633 0.00031796 0.21250268 0.02753799
  0.07455046 0.16050324 0.16550659 0.01377342]
 [0.13266792 0.14892437 0.021164   0.20288989 0.11488244 0.16070355
  0.03585816 0.06409336 0.09016973 0.02864658]
 [0.22441382 0.09766103 0.15779002 0.01693373 0.125365   0.16038771
  0.03944772 0.10091287 0.03570186 0.04138623]
 [0.13754163 0.07324133 0.13997623 0.12211349 0.04701953 0.1437238
  0.06748534 0.1351168  0.01803257 0.11574928]
 [0.0792773  0.14853742 0.07209841 0.11662161 0.15161421 0.04623038
  0.15218287 0.00750175 0.16526395 0.06067211]
 [0.21598559 0.08049137 0.12294823 0.12990061 0.01181015 0.18824661
  0.08716404 0.04823334 0.04124043 0.07397963]
 [0.1343227  0.1105404  0.09753976 0.11579326 0.01278312 0.09636919
  0.08106914 0.08470825 0.12302489 0.1438493 ]
 [0.17732823 0.08031374 0.05023767 0.00533203 0.14824686 0.13338577
  0.04020402 0.18213632 0.05711742 0.12569795]
 [0.0058725  0.00493934 0.16164536 0.13294719 0.13280539 0.15862164
  0.11454732 0.13137686 0.016077   0.14116741]
 [0.07054725 0.18754082 0.10024007 0.16011273 0.21078982 0.12028679
  0.03488856 0.02755797 0.04528935 0.04274664]]"
103,"[[0.14461596 0.13745506 0.03830695 0.13363893 0.14626056 0.04566145
  0.12856807 0.06385751 0.033545   0.12809052]
 [0.09918482 0.09283154 0.00858412 0.16866087 0.13750888 0.09644288
  0.1603517  0.11349595 0.10684186 0.01609739]
 [0.11132043 0.14010879 0.15154448 0.02633629 0.08667989 0.05964291
  0.08098597 0.11590599 0.09901867 0.12845657]
 [0.11492891 0.16089261 0.04120395 0.16006168 0.03894909 0.09839395
  0.13687502 0.1261713  0.02594758 0.09657592]
 [0.1734432  0.06684738 0.17464487 0.13778554 0.04252385 0.13277133
  0.10886222 0.02098717 0.07922087 0.06291355]
 [0.11530206 0.09800037 0.04732272 0.11313622 0.03400629 0.05076445
  0.05118192 0.08476252 0.21833658 0.18718689]
 [0.16513529 0.17430807 0.01245786 0.06867033 0.13464596 0.10117927
  0.11262936 0.0337258  0.12228399 0.07496406]
 [0.16494842 0.04417478 0.04123591 0.19725351 0.06441719 0.20732673
  0.12851309 0.05078444 0.08744299 0.01390295]
 [0.17387143 0.15177278 0.06714492 0.01330335 0.12546075 0.0431535
  0.01386242 0.22258744 0.15318677 0.03565666]
 [0.15029358 0.10729618 0.02093134 0.15526451 0.15784629 0.06170848
  0.13867972 0.04453824 0.07199401 0.09144766]]"
104,"[[0.21267623 0.14536111 0.19034097 0.01837898 0.11695035 0.08884175
  0.05280114 0.08268318 0.03820874 0.05375754]
 [0.03732373 0.12462529 0.16051776 0.14964556 0.11064655 0.08176447
  0.11256593 0.0710896  0.08812035 0.06370077]
 [0.0530961  0.13151275 0.11315477 0.11337696 0.16404929 0.1877191
  0.0252587  0.01679364 0.16102224 0.03401646]
 [0.15795044 0.11673828 0.12255532 0.17170791 0.13232137 0.114445
  0.09205675 0.04942037 0.02346405 0.01934051]
 [0.08644796 0.07063036 0.08636412 0.19376256 0.17932639 0.00822966
  0.05533869 0.1311751  0.00435981 0.18436536]
 [0.16195112 0.19167702 0.22076383 0.10002048 0.09587756 0.07086525
  0.02919993 0.06721105 0.05225577 0.01017798]
 [0.09342008 0.16231895 0.13013754 0.13062758 0.14607546 0.10042053
  0.09019019 0.03026287 0.05872336 0.05782345]
 [0.09769781 0.18258429 0.13647454 0.02736555 0.09291382 0.08731033
  0.17533913 0.04770886 0.12903858 0.02356708]
 [0.15291746 0.04531867 0.16455849 0.09783932 0.07094931 0.10930328
  0.15773628 0.11283399 0.04324662 0.04529656]
 [0.08615813 0.12266107 0.06676297 0.13672043 0.11838325 0.12103816
  0.05148615 0.08943471 0.06264051 0.14471461]]"
105,"[[0.03218759 0.0777066  0.26216748 0.18937593 0.23019665 0.04989582
  0.00446693 0.00942135 0.09217529 0.05240637]
 [0.16434271 0.12815836 0.1619525  0.10126095 0.07058901 0.07147228
  0.12264339 0.04792457 0.04643212 0.08522411]
 [0.1381472  0.07331738 0.15792369 0.1000749  0.06429229 0.09781682
  0.16544289 0.12025803 0.02768169 0.05504511]
 [0.08081492 0.08228156 0.10572545 0.17618301 0.11405769 0.06337713
  0.16992105 0.15417829 0.03996358 0.01349732]
 [0.20792248 0.04738348 0.19744    0.22519114 0.0245253  0.01729164
  0.08482345 0.14615891 0.04734928 0.00191433]
 [0.1047367  0.09472474 0.16390629 0.17923568 0.04243284 0.00386707
  0.08241613 0.13627439 0.06201326 0.1303929 ]
 [0.165012   0.10120385 0.14728059 0.06623264 0.08910233 0.03639494
  0.12723619 0.10478671 0.14490481 0.01784593]
 [0.0878359  0.15682057 0.0233169  0.07429086 0.16760791 0.1235567
  0.12719631 0.08790249 0.05336976 0.0981026 ]
 [0.07775071 0.1413376  0.15672972 0.14318263 0.05438268 0.11728868
  0.00349853 0.03679476 0.14770611 0.12132856]
 [0.02558252 0.20644045 0.08153856 0.21513594 0.00290833 0.15166668
  0.02345111 0.04187968 0.2382183  0.01317844]]"
106,"[[0.10576181 0.17046646 0.040135   0.12328291 0.15335952 0.115242
  0.03605128 0.14424322 0.03237641 0.07908137]
 [0.14702528 0.11029103 0.13488092 0.12113237 0.13308227 0.06021555
  0.09442    0.05378485 0.0967258  0.04844193]
 [0.20895629 0.15616756 0.14081334 0.11453132 0.12640653 0.00063013
  0.10018881 0.06704325 0.00591407 0.07934871]
 [0.17371356 0.13009195 0.17264347 0.09248194 0.01517629 0.01000139
  0.07012763 0.13144639 0.03137377 0.17294362]
 [0.12678963 0.10350983 0.10166988 0.12481094 0.15007718 0.11754348
  0.07305761 0.00275686 0.1205391  0.07924548]
 [0.18951852 0.12137116 0.10514241 0.13760366 0.23748833 0.10576496
  0.0603926  0.00449247 0.03685127 0.00137462]
 [0.17226925 0.21735802 0.10204553 0.03220973 0.19178149 0.07393806
  0.02047563 0.00044198 0.15159148 0.03788883]
 [0.2268246  0.18246801 0.0371897  0.0548131  0.04978943 0.06865731
  0.14204846 0.06933469 0.12442672 0.04444798]
 [0.00456848 0.14185494 0.136346   0.12204625 0.09968142 0.13864926
  0.01391374 0.06459144 0.03386192 0.24448655]
 [0.02713995 0.09755091 0.15117203 0.06654546 0.14818009 0.07532803
  0.18067993 0.10869578 0.13254052 0.01216731]]"
107,"[[0.18446096 0.20064184 0.14766132 0.08269074 0.10292243 0.08439966
  0.13446982 0.01052545 0.0294976  0.02273018]
 [0.14670071 0.15386411 0.00397785 0.26042301 0.02075779 0.08231899
  0.00719492 0.14585579 0.17399776 0.00490908]
 [0.14961944 0.12155843 0.16927906 0.01352794 0.02551007 0.16323855
  0.14375899 0.04431117 0.13467055 0.0345258 ]
 [0.12342334 0.06193299 0.03898525 0.04986239 0.025319   0.11258578
  0.21148    0.13837956 0.1644968  0.07353488]
 [0.12036879 0.05055492 0.1113387  0.16366178 0.04325058 0.05980978
  0.16269047 0.05539362 0.18216439 0.05076696]
 [0.136194   0.04016734 0.07622261 0.133941   0.13066432 0.13172579
  0.02908216 0.12380269 0.1381929  0.06000719]
 [0.06282086 0.21156458 0.21260448 0.03942865 0.04678565 0.13853814
  0.08367063 0.10073384 0.05676895 0.04708424]
 [0.19872909 0.0023739  0.18726707 0.04115    0.08708716 0.04741911
  0.1181253  0.10023674 0.10607335 0.11153825]
 [0.05604857 0.07249449 0.16165917 0.16434744 0.06179096 0.14319487
  0.07112195 0.14815051 0.08107719 0.04011485]
 [0.16006882 0.10453231 0.18744463 0.12423684 0.06443235 0.02871995
  0.10300105 0.06025685 0.09303549 0.07427172]]"
108,"[[0.23456698 0.17360245 0.06421637 0.03507443 0.05254559 0.04191583
  0.05620282 0.01034153 0.16197051 0.1695635 ]
 [0.15330494 0.09776227 0.14344725 0.12854338 0.15265233 0.15950589
  0.00870199 0.03157273 0.08236347 0.04214575]
 [0.05307744 0.134556   0.16211546 0.17334492 0.12434152 0.09678332
  0.08085244 0.02182492 0.06610864 0.08699535]
 [0.09525508 0.10594255 0.27572834 0.09498418 0.0616983  0.12663243
  0.00589244 0.05594379 0.03628264 0.14164026]
 [0.11903623 0.22054916 0.09712209 0.05806597 0.18026248 0.0227227
  0.11830245 0.11426458 0.01739809 0.05227625]
 [0.11676711 0.1350365  0.15304533 0.06764374 0.05901353 0.13262574
  0.03836693 0.04631926 0.12126818 0.12991368]
 [0.23967904 0.0346339  0.00892937 0.17595087 0.02471714 0.2101704
  0.16524035 0.10026276 0.0196868  0.02072937]
 [0.12830871 0.12629477 0.10841991 0.06409759 0.12100976 0.0733621
  0.14243481 0.07236038 0.16096099 0.00275098]
 [0.15619921 0.15506639 0.17326318 0.10606661 0.1203786  0.0526921
  0.00174486 0.02426721 0.01164891 0.19867292]
 [0.18675153 0.07023153 0.06386757 0.01393428 0.1910231  0.17013591
  0.02904804 0.10296461 0.1627331  0.00931033]]"
109,"[[0.15867193 0.05764425 0.21019619 0.00448929 0.18524314 0.14615952
  0.04092579 0.08037595 0.03035457 0.08593936]
 [0.05824666 0.28008099 0.1276706  0.00100276 0.10916967 0.011446
  0.29208235 0.02330952 0.0210348  0.07595664]
 [0.15907008 0.12264761 0.14357499 0.10441045 0.10306135 0.0796091
  0.13083105 0.05360378 0.06212039 0.04107119]
 [0.13995217 0.20517629 0.13647914 0.05345038 0.20350211 0.02892171
  0.06101213 0.02249975 0.00087605 0.14813028]
 [0.21593189 0.24904975 0.14969557 0.15036992 0.01813883 0.05066789
  0.1021259  0.01876309 0.04025118 0.00500599]
 [0.17526091 0.07779432 0.16147488 0.16174059 0.11854814 0.00157685
  0.13790009 0.09704753 0.06384223 0.00481446]
 [0.06592617 0.18962506 0.1656288  0.09218838 0.02074385 0.05322964
  0.06195129 0.13840083 0.20888959 0.00341638]
 [0.14681846 0.12040893 0.13859324 0.1094156  0.13381505 0.06830311
  0.08331762 0.08860361 0.0575723  0.05315208]
 [0.14551933 0.08215551 0.01611995 0.05502741 0.15541312 0.04579318
  0.03427145 0.11693919 0.12261278 0.22614808]
