,0
1,"[[0.25485533 0.25905319 0.33900711 0.08829938 0.05878499]
 [0.2209267  0.2594086  0.27701776 0.15072872 0.09191823]
 [0.26290011 0.29775149 0.36333386 0.07197507 0.00403948]
 [0.28075032 0.29105972 0.31041993 0.06953632 0.0482337 ]
 [0.18233761 0.20029881 0.2977628  0.16148833 0.15811245]]"
2,"[[0.03263169 0.20971447 0.1292007  0.52368663 0.10476652]
 [0.10279415 0.26111465 0.22699666 0.28469632 0.12439823]
 [0.0899288  0.24370863 0.20829039 0.25005257 0.20801961]
 [0.08044537 0.31339119 0.15398078 0.36594412 0.08623854]
 [0.05699695 0.31302551 0.21428156 0.31880087 0.0968951 ]]"
3,"[[0.22210888 0.18648075 0.17002719 0.19323486 0.22814831]
 [0.2134388  0.1196837  0.01386855 0.19348701 0.45952194]
 [0.30996314 0.12197741 0.10738244 0.14091107 0.31976594]
 [0.27964787 0.13773685 0.06519556 0.22649605 0.29092367]
 [0.25150291 0.14407494 0.08043173 0.17729572 0.3466947 ]]"
4,"[[0.14877174 0.05548102 0.48055776 0.03666731 0.27852218]
 [0.230447   0.16737314 0.26459295 0.10136323 0.23622369]
 [0.25629267 0.15231152 0.31748142 0.00429753 0.26961687]
 [0.22396615 0.18591269 0.24590472 0.10945607 0.23476037]
 [0.18793556 0.18306782 0.27913662 0.09910962 0.25075038]]"
5,"[[0.30954496 0.24603898 0.39377498 0.02651164 0.02412944]
 [0.26623379 0.24917341 0.28744551 0.10813605 0.08901124]
 [0.22990473 0.22144302 0.2336262  0.19004136 0.12498469]
 [0.39832742 0.14704402 0.4081327  0.03218045 0.01431541]
 [0.22989563 0.12436434 0.53608234 0.06808905 0.04156865]]"
6,"[[0.31417623 0.14756117 0.11995826 0.05986962 0.35843471]
 [0.24548391 0.16175396 0.13392381 0.1047086  0.35412973]
 [0.24226958 0.1678376  0.07149995 0.01856794 0.49982494]
 [0.31838648 0.21249878 0.15964755 0.05744983 0.25201736]
 [0.29434104 0.14110579 0.10680054 0.0343694  0.42338323]]"
7,"[[0.02197675 0.25175396 0.37136792 0.29833156 0.0565698 ]
 [0.05722705 0.22356435 0.29135477 0.24577867 0.18207516]
 [0.01504122 0.15559627 0.4223139  0.28867864 0.11836997]
 [0.11013527 0.16729002 0.36894359 0.23069374 0.12293738]
 [0.11203061 0.19581164 0.28373948 0.24696073 0.16145754]]"
8,"[[0.21597551 0.24077513 0.30696852 0.1373122  0.09896864]
 [0.22536395 0.29236506 0.36720128 0.08676757 0.02830214]
 [0.23712677 0.30841164 0.33216548 0.09077872 0.03151739]
 [0.18495479 0.34057118 0.34222284 0.12509922 0.00715197]
 [0.2726002  0.27736049 0.29658489 0.132361   0.02109343]]"
9,"[[0.27579657 0.12402732 0.03530703 0.34128473 0.22358435]
 [0.25782311 0.15167227 0.13992688 0.28192488 0.16865287]
 [0.28729544 0.17129506 0.01875925 0.31863238 0.20401786]
 [0.24178223 0.13855795 0.10931297 0.27964832 0.23069853]
 [0.27992667 0.12998638 0.04916751 0.3368985  0.20402094]]"
10,"[[0.3633314  0.20422519 0.2244184  0.08807186 0.11995315]
 [0.35875744 0.20429706 0.3260855  0.04138611 0.06947389]
 [0.30581664 0.19427722 0.23233387 0.08272791 0.18484436]
 [0.26918814 0.19224307 0.19792152 0.15121514 0.18943214]
 [0.42927999 0.24181933 0.24629966 0.01615324 0.06644778]]"
11,"[[0.14406407 0.22353541 0.36878923 0.0500458  0.21356549]
 [0.11631671 0.31398884 0.36295573 0.08224099 0.12449772]
 [0.10590077 0.36493652 0.39322732 0.02305992 0.11287547]
 [0.18873101 0.20738317 0.27695977 0.12603812 0.20088793]
 [0.13232263 0.23798609 0.35055303 0.04531324 0.23382501]]"
12,"[[0.31293989 0.20007229 0.02623647 0.16959194 0.29115941]
 [0.35426402 0.22079149 0.00310885 0.16609964 0.255736  ]
 [0.22807622 0.20373628 0.15765235 0.20092897 0.20960617]
 [0.39130114 0.15764109 0.0524826  0.11755542 0.28101974]
 [0.30092708 0.16062551 0.10837018 0.14540542 0.2846718 ]]"
13,"[[0.34767159 0.03290292 0.39081836 0.10600794 0.1225992 ]
 [0.29687264 0.0509574  0.29986937 0.08899515 0.26330544]
 [0.27500066 0.00907655 0.35768618 0.15737155 0.20086506]
 [0.2445497  0.06331535 0.35758588 0.12629248 0.20825658]
 [0.32697004 0.0127104  0.44117229 0.09038333 0.12876395]]"
14,"[[0.17887592 0.2547018  0.36492586 0.05018677 0.15130965]
 [0.16742803 0.17823865 0.4371501  0.10773001 0.10945322]
 [0.15898278 0.31324923 0.39520787 0.03735799 0.09520213]
 [0.15910862 0.2306265  0.37125723 0.09848059 0.14052705]
 [0.24561028 0.24814288 0.26299825 0.05965677 0.18359183]]"
15,"[[0.1158893  0.16882622 0.23279216 0.23852655 0.24396578]
 [0.0864986  0.16412189 0.20476293 0.23786917 0.30674741]
 [0.07551768 0.10062835 0.19650245 0.30402554 0.32332598]
 [0.06644061 0.17300205 0.21398382 0.22817411 0.31839941]
 [0.06513154 0.11563076 0.19504834 0.29108705 0.33310231]]"
16,"[[0.18410006 0.24618384 0.10199032 0.23658539 0.23114039]
 [0.1115214  0.43540757 0.03421423 0.22480631 0.1940505 ]
 [0.14385661 0.27836222 0.02313582 0.27793182 0.27671353]
 [0.07658366 0.41658164 0.01343477 0.40962847 0.08377146]
 [0.18595047 0.23922625 0.14150067 0.23658829 0.19673432]]"
17,"[[0.35357249 0.07826061 0.11760034 0.18672145 0.2638451 ]
 [0.37384832 0.01159102 0.05743998 0.27206675 0.28505393]
 [0.26493307 0.02058787 0.2227108  0.24416059 0.24760766]
 [0.29477582 0.03336839 0.18481227 0.2424092  0.24463432]
 [0.27834548 0.06852939 0.1997923  0.22017309 0.23315974]]"
18,"[[0.17571512 0.17148878 0.32387436 0.24966189 0.07925984]
 [0.17748464 0.12679831 0.34285435 0.32694738 0.02591532]
 [0.20742879 0.12544685 0.38628341 0.21606557 0.06477537]
 [0.16711374 0.12577395 0.39966772 0.30491683 0.00252776]
 [0.10863224 0.10733184 0.36075321 0.3312148  0.0920679 ]]"
19,"[[0.13803215 0.43379516 0.18931402 0.20666986 0.03218881]
 [0.17976905 0.26099635 0.2465833  0.24886001 0.06379129]
 [0.06805499 0.47190284 0.14710792 0.25121749 0.06171676]
 [0.0494913  0.3637643  0.22524974 0.35777036 0.00372429]
 [0.21937401 0.30247907 0.22659389 0.22725362 0.0242994 ]]"
20,"[[0.29694979 0.2856487  0.09225862 0.20404114 0.12110175]
 [0.46653948 0.19900734 0.07888242 0.13699505 0.1185757 ]
 [0.39013498 0.20101293 0.12697379 0.1460572  0.1358211 ]
 [0.2845131  0.2528505  0.0997501  0.18385489 0.17903141]
 [0.36863882 0.23982739 0.03937533 0.23433234 0.11782612]]"
21,"[[0.26088922 0.27190444 0.1032314  0.3062149  0.05776004]
 [0.21889582 0.27562259 0.21714682 0.28703844 0.00129633]
 [0.22051686 0.31652585 0.13168318 0.31676962 0.01450449]
 [0.16694251 0.36478244 0.03560147 0.4277612  0.00491239]
 [0.18597533 0.25900772 0.14539174 0.40013971 0.00948551]]"
22,"[[0.01496455 0.2949077  0.32906423 0.27284463 0.08821889]
 [0.16033259 0.22891249 0.27482645 0.1694537  0.16647477]
 [0.05855645 0.21821693 0.30364471 0.21700808 0.20257383]
 [0.04163695 0.30704326 0.30726063 0.2503135  0.09374567]
 [0.10252766 0.24429583 0.27861882 0.20887388 0.16568382]]"
23,"[[0.30415166 0.0237018  0.26232747 0.24530224 0.16451683]
 [0.31546024 0.04843915 0.29649435 0.17312869 0.16647758]
 [0.25732609 0.06605843 0.25615307 0.2505452  0.16991721]
 [0.25489546 0.05513644 0.29753045 0.25187442 0.14056323]
 [0.31580384 0.05676941 0.26314915 0.19919779 0.16507981]]"
24,"[[0.23189424 0.31016295 0.06772282 0.01590013 0.37431987]
 [0.21285153 0.22453546 0.14317694 0.07039885 0.34903722]
 [0.18119979 0.25026807 0.13147984 0.08007736 0.35697494]
 [0.26041228 0.1863723  0.14180344 0.14063069 0.27078129]
 [0.20114115 0.20293846 0.18654341 0.13459575 0.27478123]]"
25,"[[0.28018125 0.16747354 0.05235038 0.29933316 0.20066167]
 [0.25275372 0.12891295 0.09899647 0.31610094 0.20323592]
 [0.3062233  0.10745291 0.09739306 0.31309162 0.1758391 ]
 [0.22934034 0.21377246 0.09848616 0.23551295 0.22288809]
 [0.27011276 0.13103503 0.09692458 0.32012872 0.18179891]]"
26,"[[0.15684316 0.13820767 0.24139364 0.22780887 0.23574666]
 [0.15187039 0.09709472 0.30388295 0.16922921 0.27792273]
 [0.07764554 0.00802739 0.40699662 0.20642711 0.30090334]
 [0.11770438 0.00103527 0.36012485 0.21944229 0.30169321]
 [0.09999942 0.08054683 0.32527943 0.23460122 0.2595731 ]]"
27,"[[0.05931781 0.11250137 0.5355667  0.11447793 0.1781362 ]
 [0.01212401 0.05970203 0.39482229 0.16460206 0.36874961]
 [0.1293779  0.17019076 0.27502012 0.17937033 0.2460409 ]
 [0.05652417 0.17698528 0.3233007  0.20406889 0.23912096]
 [0.00739698 0.0146225  0.47181667 0.18773885 0.318425  ]]"
28,"[[0.12984109 0.25588487 0.26628095 0.22581975 0.12217333]
 [0.12798839 0.29389481 0.3492866  0.13619299 0.09263721]
 [0.07494958 0.30421287 0.3793396  0.21291879 0.02857916]
 [0.16327698 0.22925187 0.30833525 0.17284552 0.12629038]
 [0.05208566 0.30106175 0.41279342 0.20802937 0.0260298 ]]"
29,"[[0.35585925 0.08820427 0.20160844 0.30923431 0.04509373]
 [0.42581886 0.05162359 0.24296335 0.27637944 0.00321476]
 [0.27604922 0.13447397 0.20413345 0.26330383 0.12203953]
 [0.2987391  0.1495567  0.1750993  0.24323845 0.13336645]
 [0.4165899  0.10636584 0.1566344  0.251654   0.06875586]]"
30,"[[0.26873765 0.20799966 0.30578361 0.17810384 0.03937524]
 [0.27950757 0.1894326  0.39820124 0.05955486 0.07330373]
 [0.31268826 0.19076764 0.36719587 0.08183127 0.04751696]
 [0.26815743 0.26488004 0.28685115 0.12340327 0.05670811]
 [0.26634303 0.2662638  0.28325526 0.11768443 0.06645348]]"
31,"[[0.04959591 0.17899628 0.26064656 0.26066897 0.25009228]
 [0.04024486 0.09309077 0.34257655 0.34442558 0.17966224]
 [0.00773396 0.03788571 0.51449982 0.38062012 0.05926039]
 [0.08325805 0.17103016 0.24763393 0.29724978 0.20082808]
 [0.01774914 0.19134382 0.2767185  0.29629432 0.21789422]]"
32,"[[0.08608992 0.36689325 0.12994083 0.27881201 0.13826398]
 [0.00216888 0.44312366 0.0443446  0.44192613 0.06843673]
 [0.05692062 0.30135379 0.1491263  0.26352638 0.22907291]
 [0.11717189 0.41962281 0.12560685 0.17607482 0.16152363]
 [0.0190058  0.29682848 0.20409018 0.2403784  0.23969714]]"
33,"[[0.32616331 0.18949798 0.08180429 0.36854922 0.0339852 ]
 [0.23963031 0.18993679 0.15491635 0.26641848 0.14909806]
 [0.19327985 0.17510582 0.17011302 0.29526109 0.16624022]
 [0.28976785 0.17397916 0.16920182 0.29316498 0.07388619]
 [0.22246242 0.21055551 0.14624816 0.38026802 0.04046589]]"
34,"[[0.3071418  0.03017965 0.22835505 0.24053899 0.19378451]
 [0.34391569 0.05419512 0.2180989  0.28931545 0.09447484]
 [0.39356517 0.07278222 0.12895978 0.32908194 0.07561089]
 [0.30736593 0.01243799 0.2545308  0.26097    0.16469528]
 [0.38308597 0.03251393 0.36121251 0.12754197 0.09564562]]"
35,"[[0.05405693 0.20864049 0.28062684 0.36421521 0.09246053]
 [0.08742332 0.18997076 0.25198119 0.3058959  0.16472882]
 [0.07387724 0.19381187 0.24313287 0.40598118 0.08319684]
 [0.10964243 0.21069381 0.22799811 0.30994267 0.14172299]
 [0.09037928 0.22728204 0.23484043 0.24131867 0.20617958]]"
36,"[[0.14923819 0.2873184  0.06798083 0.25545173 0.24001085]
 [0.13800476 0.33387167 0.06212682 0.27702147 0.18897527]
 [0.15412602 0.27883275 0.12935969 0.27395515 0.16372639]
 [0.13749632 0.3246902  0.07962555 0.24418745 0.21400049]
 [0.09156822 0.41916068 0.01099664 0.30954356 0.16873089]]"
37,"[[0.10548705 0.11475018 0.20900171 0.24803805 0.32272301]
 [0.02778164 0.05887334 0.06632799 0.37431181 0.47270522]
 [0.0112397  0.07138983 0.26969959 0.29054965 0.35712123]
 [0.03338305 0.13836951 0.18055583 0.20348096 0.44421064]
 [0.02346409 0.08334462 0.21015856 0.24458987 0.43844286]]"
38,"[[0.08476625 0.43409208 0.24882736 0.00156995 0.23074436]
 [0.13865275 0.32504162 0.28800992 0.01975706 0.22853866]
 [0.12203102 0.30230523 0.24620217 0.09002236 0.23943921]
 [0.11013554 0.35549994 0.30157765 0.09782027 0.1349666 ]
 [0.12075112 0.39089112 0.25775753 0.01224334 0.21835689]]"
39,"[[0.12523349 0.25331866 0.45686921 0.08613406 0.07844458]
 [0.15422514 0.19672406 0.42786144 0.13927756 0.0819118 ]
 [0.20407024 0.30949591 0.37864707 0.06743504 0.04035173]
 [0.20962985 0.27615236 0.30556104 0.17229298 0.03636377]
 [0.24668568 0.27244325 0.36822238 0.0866448  0.02600389]]"
40,"[[0.18026398 0.18000136 0.23538805 0.19978592 0.20456069]
 [0.03449916 0.11254584 0.32049074 0.12429697 0.40816729]
 [0.06973231 0.09637267 0.39012083 0.20237661 0.24139759]
 [0.06391382 0.10923342 0.36564324 0.19421223 0.26699729]
 [0.02460893 0.11912735 0.36839554 0.20695634 0.28091184]]"
41,"[[0.15099768 0.00611876 0.11896318 0.38508696 0.33883343]
 [0.23753798 0.03466584 0.19579613 0.27451276 0.25748729]
 [0.23401045 0.08877501 0.11699524 0.28587104 0.27434826]
 [0.19689585 0.03629484 0.04185787 0.41204485 0.3129066 ]
 [0.2588807  0.00670293 0.10913227 0.31502688 0.31025722]]"
42,"[[0.25163799 0.07601255 0.31922469 0.07346367 0.2796611 ]
 [0.21433596 0.13309184 0.32382142 0.11371735 0.21503343]
 [0.20056006 0.15748121 0.26840968 0.11110015 0.2624489 ]
 [0.22380793 0.20625221 0.28530019 0.02518846 0.25945121]
 [0.22622261 0.03798311 0.390834   0.03681187 0.30814841]]"
43,"[[0.11328683 0.19887045 0.18935656 0.22327104 0.27521512]
 [0.06392663 0.2021675  0.17819337 0.24958046 0.30613204]
 [0.09796644 0.1586358  0.15032326 0.26548736 0.32758713]
 [0.06799112 0.21976569 0.1666656  0.26049013 0.28508746]
 [0.0601708  0.25824673 0.11012744 0.26715377 0.30430126]]"
44,"[[0.29424856 0.13125652 0.12506918 0.31036022 0.13906552]
 [0.3509594  0.09036696 0.03102135 0.36395576 0.16369653]
 [0.29482718 0.0976163  0.05378121 0.38641256 0.16736275]
 [0.21451066 0.15778392 0.13844551 0.32351974 0.16574016]
 [0.22653643 0.12314471 0.07275938 0.44167782 0.13588166]]"
45,"[[0.20190688 0.00778947 0.31014756 0.33475633 0.14539976]
 [0.19343054 0.1431383  0.2423058  0.25226665 0.1688587 ]
 [0.20082274 0.00814032 0.33013013 0.38058229 0.08032452]
 [0.13566822 0.08500989 0.31556537 0.34529977 0.11845674]
 [0.17832649 0.04433381 0.1978867  0.42739958 0.15205342]]"
46,"[[0.19984751 0.11434279 0.03798846 0.35328139 0.29453985]
 [0.16015094 0.11338704 0.10344931 0.3183039  0.30470881]
 [0.20347319 0.16792469 0.08843418 0.28533889 0.25482905]
 [0.21805776 0.20271035 0.01161249 0.30035297 0.26726644]
 [0.12444137 0.1097161  0.00433642 0.36613255 0.39537356]]"
47,"[[0.06504204 0.40624583 0.04119859 0.35877792 0.12873562]
 [0.15336265 0.33599256 0.00690278 0.26087012 0.24287189]
 [0.06456374 0.40286584 0.05693869 0.34029521 0.13533652]
 [0.12937628 0.35243142 0.09686428 0.28912448 0.13220354]
 [0.10651472 0.32961766 0.07703246 0.28138909 0.20544607]]"
48,"[[0.16559669 0.05811291 0.28701779 0.27675638 0.21251624]
 [0.12679318 0.060599   0.39783193 0.2551233  0.15965259]
 [0.11204964 0.03798229 0.5132655  0.20292521 0.13377736]
 [0.17263057 0.11059016 0.24762857 0.23595771 0.23319299]
 [0.05510906 0.04680554 0.42220706 0.33760808 0.13827027]]"
49,"[[0.22209343 0.24956825 0.25479552 0.21743203 0.05611076]
 [0.21725214 0.25204044 0.31027003 0.18398547 0.03645192]
 [0.2491306  0.27941337 0.30348385 0.14279751 0.02517467]
 [0.21964096 0.22698497 0.31355357 0.21625796 0.02356255]
 [0.09055498 0.18334249 0.64032386 0.06847928 0.0172994 ]]"
50,"[[0.44389225 0.18852918 0.2642143  0.0414767  0.06188757]
 [0.22380036 0.19638226 0.21928883 0.16809836 0.19243019]
 [0.33802104 0.19174293 0.28765752 0.04328727 0.13929124]
 [0.45673094 0.17357285 0.19879665 0.03671279 0.13418678]
 [0.29368355 0.21211524 0.25482761 0.11205998 0.12731362]]"
51,"[[0.38955654 0.20330938 0.00446731 0.06019561 0.34247116]
 [0.27692947 0.25012661 0.07912513 0.12677537 0.26704343]
 [0.25090265 0.21295772 0.09948313 0.19753183 0.23912466]
 [0.29803653 0.17168763 0.1212378  0.14708309 0.26195495]
 [0.30038047 0.20105922 0.10099697 0.18347428 0.21408906]]"
52,"[[0.22199276 0.05323664 0.0945199  0.18464823 0.44560247]
 [0.27633104 0.062338   0.1378746  0.155582   0.36787436]
 [0.1899462  0.01815657 0.16564156 0.16785295 0.45840271]
 [0.28280617 0.00071914 0.17306516 0.21342711 0.32998241]
 [0.21724061 0.10996577 0.16808271 0.19935483 0.30535607]]"
53,"[[0.18863719 0.17648486 0.0496012  0.3650839  0.22019285]
 [0.19547638 0.15557906 0.13788372 0.26147246 0.24958838]
 [0.18923019 0.18363115 0.10200563 0.27738887 0.24774415]
 [0.18140181 0.11286495 0.07182025 0.39204395 0.24186903]
 [0.09911282 0.05177584 0.00364443 0.43020413 0.41526278]]"
54,"[[0.31908384 0.21087858 0.2099332  0.08586371 0.17424066]
 [0.27807949 0.26733354 0.25269624 0.04699564 0.15489509]
 [0.2923648  0.27421961 0.22637654 0.0470355  0.16000355]
 [0.30793541 0.25267946 0.21963195 0.09802264 0.12173053]
 [0.34879458 0.29457822 0.29064979 0.0022046  0.0637728 ]]"
55,"[[0.11455102 0.13664282 0.30309044 0.22265937 0.22305634]
 [0.02076889 0.12484973 0.33293324 0.25356218 0.26788596]
 [0.090557   0.13892339 0.28495935 0.21791291 0.26764737]
 [0.02036625 0.11273471 0.37070444 0.1292553  0.3669393 ]
 [0.00056595 0.09173917 0.44263938 0.14176911 0.32328639]]"
56,"[[0.15320362 0.15137947 0.51417853 0.09927646 0.08196192]
 [0.22724137 0.21010986 0.24763405 0.1954889  0.11952583]
 [0.24113755 0.19300281 0.39268829 0.11992869 0.05324267]
 [0.25795877 0.22896175 0.2810084  0.13978782 0.09228326]
 [0.34467489 0.18782075 0.38254918 0.07488899 0.01006619]]"
57,"[[0.24832424 0.17329304 0.12436295 0.18976705 0.26425272]
 [0.33674755 0.03682434 0.03347136 0.2364583  0.35649845]
 [0.30658352 0.11101002 0.00918252 0.17903014 0.39419381]
 [0.35660822 0.02770046 0.01590455 0.22625444 0.37353233]
 [0.21662593 0.15364467 0.06646325 0.21549425 0.3477719 ]]"
58,"[[0.25108094 0.15061657 0.06767818 0.20705266 0.32357165]
 [0.21566993 0.16063284 0.02237896 0.16610807 0.4352102 ]
 [0.35416297 0.07061451 0.04093554 0.16853484 0.36575214]
 [0.2961694  0.07071393 0.04421266 0.2358054  0.35309861]
 [0.26684006 0.15107232 0.07501636 0.23206403 0.27500723]]"
59,"[[0.1725665  0.19048766 0.17975524 0.24954416 0.20764644]
 [0.04805882 0.18552053 0.17485049 0.34659734 0.24497282]
 [0.06734423 0.13783579 0.11357095 0.37597471 0.30527431]
 [0.00753118 0.19298023 0.13419426 0.34669632 0.31859802]
 [0.00753242 0.17937073 0.14296928 0.36077386 0.30935371]]"
60,"[[0.05770357 0.33875626 0.28425195 0.22240263 0.09688559]
 [0.0758607  0.37116918 0.36075273 0.11116112 0.08105628]
 [0.14552475 0.23218697 0.23170338 0.22653834 0.16404655]
 [0.0928516  0.37675263 0.21002459 0.17374296 0.14662823]
 [0.08672448 0.26066117 0.25568898 0.22998201 0.16694337]]"
61,"[[0.20918226 0.11825932 0.0609472  0.17263312 0.43897809]
 [0.31152791 0.09116425 0.06626226 0.19507409 0.33597149]
 [0.23839901 0.17417153 0.1255254  0.21645051 0.24545355]
 [0.28389208 0.09646629 0.0205795  0.21813213 0.38092999]
 [0.24168024 0.18222261 0.1296736  0.2033897  0.24303386]]"
62,"[[0.26612978 0.18911758 0.14342474 0.18531373 0.21601418]
 [0.46175565 0.17691581 0.00848372 0.16347936 0.18936546]
 [0.35724246 0.2475999  0.00622142 0.11622988 0.27270634]
 [0.26408792 0.20617949 0.13338861 0.17111897 0.22522501]
 [0.280658   0.17414488 0.15236086 0.16041966 0.2324166 ]]"
63,"[[0.36937855 0.04323092 0.33753843 0.09334965 0.15650245]
 [0.30759716 0.02944215 0.27861009 0.12438784 0.25996276]
 [0.30379204 0.00480311 0.2658702  0.19355906 0.23197559]
 [0.32121112 0.03185662 0.28290258 0.11181843 0.25221124]
 [0.28466149 0.00586818 0.27118934 0.21320822 0.22507277]]"
64,"[[0.00913223 0.28109982 0.15870204 0.39464884 0.15641708]
 [0.01551193 0.30151031 0.25060872 0.30336451 0.12900453]
 [0.03545435 0.21117584 0.26267434 0.30926203 0.18143344]
 [0.10041022 0.24844471 0.22733305 0.28644063 0.13737139]
 [0.07567705 0.26235223 0.20122455 0.28725818 0.173488  ]]"
65,"[[0.25004143 0.19861458 0.26410861 0.24864996 0.03858541]
 [0.31340165 0.05961679 0.46828466 0.14143544 0.01726147]
 [0.26047378 0.1456465  0.36799726 0.17356671 0.05231575]
 [0.3131952  0.1003496  0.32188204 0.21153206 0.0530411 ]
 [0.239828   0.1733219  0.27019961 0.23027863 0.08637185]]"
66,"[[0.34255067 0.00571342 0.24107547 0.31285455 0.09780589]
 [0.33045893 0.02390997 0.29491393 0.30277722 0.04793995]
 [0.42294231 0.04895284 0.16168326 0.26464737 0.10177421]
 [0.31059431 0.06311152 0.18231606 0.26970577 0.17427234]
 [0.3016327  0.06800043 0.23114509 0.28499881 0.11422297]]"
67,"[[0.44564147 0.24245051 0.14825186 0.12211348 0.04154269]
 [0.45687622 0.24780318 0.18499476 0.10699898 0.00332686]
 [0.48330594 0.2230039  0.22028335 0.05122511 0.02218171]
 [0.37274486 0.22871097 0.20955212 0.14010076 0.0488913 ]
 [0.30421917 0.27335018 0.26090833 0.15744882 0.00407349]]"
68,"[[0.16425755 0.35554172 0.01167074 0.39266184 0.07586815]
 [0.16374953 0.21494499 0.08352299 0.33019754 0.20758496]
 [0.12028632 0.2663617  0.10751065 0.34341974 0.16242158]
 [0.11515194 0.31782106 0.07392233 0.35331151 0.13979316]
 [0.21966335 0.26199878 0.00907779 0.28214966 0.22711043]]"
69,"[[0.29654294 0.15765592 0.29138032 0.13901284 0.11540798]
 [0.2764971  0.18149146 0.22699935 0.17844515 0.13656694]
 [0.30231688 0.25113745 0.28402729 0.08915681 0.07336158]
 [0.32375717 0.22395226 0.25158052 0.18181902 0.01889104]
 [0.47846123 0.14593137 0.25960007 0.08701669 0.02899063]]"
70,"[[0.10650002 0.07539226 0.39683464 0.0110682  0.41020488]
 [0.20501505 0.18665776 0.22005008 0.15347963 0.23479749]
 [0.1945507  0.19024028 0.21068931 0.13510285 0.26941686]
 [0.25673819 0.09565449 0.29555234 0.05548859 0.29656639]
 [0.13902116 0.14460801 0.28026618 0.13155889 0.30454577]]"
71,"[[0.24253634 0.18840558 0.23242873 0.10070625 0.23592311]
 [0.32913417 0.14492246 0.17823107 0.07025336 0.27745894]
 [0.48046123 0.04207281 0.17481851 0.00202726 0.30062019]
 [0.34174838 0.13304253 0.19253728 0.12109774 0.21157407]
 [0.28245116 0.21179872 0.22108029 0.03825859 0.24641124]]"
72,"[[0.0239561  0.17469764 0.31643174 0.22873995 0.25617457]
 [0.01884284 0.10358603 0.42036567 0.22022241 0.23698304]
 [0.08912616 0.097294   0.32542241 0.23434486 0.25381257]
 [0.02811402 0.0649375  0.49247347 0.17858058 0.23589443]
 [0.01182536 0.16990972 0.33038089 0.1787461  0.30913793]]"
73,"[[0.25821886 0.19650655 0.27950437 0.17642757 0.08934265]
 [0.22001654 0.16404926 0.30883288 0.15956829 0.14753303]
 [0.25898723 0.17869625 0.35796785 0.11234445 0.09200422]
 [0.35885754 0.1575897  0.37934203 0.0836602  0.02055052]
 [0.23621599 0.14793271 0.42436026 0.12504919 0.06644186]]"
74,"[[0.20411355 0.22921352 0.0761997  0.26851823 0.221955  ]
 [0.12320574 0.3042837  0.07580508 0.31096982 0.18573566]
 [0.07883541 0.26340423 0.07386107 0.47954776 0.10435153]
 [0.17609903 0.22124318 0.03950888 0.36523125 0.19791767]
 [0.11340987 0.2531378  0.09329851 0.28920641 0.2509474 ]]"
75,"[[0.08575535 0.16340078 0.25562525 0.20047469 0.29474393]
 [0.02576658 0.04550021 0.26098439 0.23290393 0.43484489]
 [0.04711319 0.12877127 0.31349737 0.136236   0.37438218]
 [0.0327658  0.05262852 0.35238519 0.10111826 0.46110224]
 [0.11893006 0.15198232 0.23053057 0.17459467 0.32396238]]"
76,"[[0.24221086 0.1922484  0.21443227 0.34118855 0.00991991]
 [0.3049123  0.09908338 0.19240853 0.37443944 0.02915636]
 [0.25739082 0.1319679  0.18329393 0.39278618 0.03456117]
 [0.24973923 0.18362471 0.23681445 0.27991463 0.04990698]
 [0.20268454 0.14683487 0.14818058 0.35899251 0.14330749]]"
77,"[[0.26730852 0.38009023 0.20868288 0.1343963  0.00952207]
 [0.26187229 0.27988684 0.22949121 0.17901813 0.04973154]
 [0.32074481 0.3289333  0.14744354 0.14325573 0.05962262]
 [0.28414725 0.40861335 0.21923445 0.07562278 0.01238218]
 [0.23496533 0.46836823 0.17381918 0.11820511 0.00464214]]"
78,"[[0.02659349 0.02323376 0.40163157 0.36710666 0.18143452]
 [0.21292251 0.02185771 0.26041649 0.25265483 0.25214846]
 [0.13273926 0.0596605  0.33680895 0.25580379 0.2149875 ]
 [0.06791244 0.04832835 0.33284503 0.33043713 0.22047705]
 [0.16270868 0.00092618 0.44736859 0.21885264 0.17014391]]"
79,"[[0.06938512 0.35963221 0.20200268 0.16145251 0.20752749]
 [0.02910869 0.51790117 0.13333881 0.13051325 0.18913807]
 [0.05895254 0.4189776  0.16412015 0.07234805 0.28560166]
 [0.055616   0.2983449  0.14787093 0.20731719 0.29085097]
 [0.04970597 0.3719905  0.19429582 0.10200763 0.28200008]]"
80,"[[0.17190972 0.41243172 0.2623552  0.14142279 0.01188058]
 [0.19975964 0.33635942 0.26056304 0.17638622 0.02693168]
 [0.19118796 0.28127854 0.27527132 0.14367343 0.10858875]
 [0.16027189 0.3526297  0.2295801  0.138953   0.1185653 ]
 [0.14138891 0.41492029 0.29411994 0.12305877 0.0265121 ]]"
81,"[[0.33523263 0.15300549 0.20961632 0.01732354 0.28482202]
 [0.27424923 0.18330954 0.20655202 0.1148044  0.22108481]
 [0.42517569 0.06818367 0.12090853 0.04018532 0.3455468 ]
 [0.3551761  0.1319755  0.20048091 0.10965348 0.20271401]
 [0.28485499 0.16502791 0.22057401 0.07400018 0.25554291]]"
82,"[[0.1201074  0.34233988 0.16642137 0.16850097 0.20263038]
 [0.01366976 0.30943361 0.17124554 0.21671659 0.2889345 ]
 [0.09973719 0.36463512 0.14859709 0.17183679 0.21519381]
 [0.00934848 0.31012278 0.19896692 0.24008256 0.24147925]
 [0.0066535  0.31574128 0.18760911 0.20250996 0.28748616]]"
83,"[[0.11327977 0.38898783 0.13136386 0.04189071 0.32447783]
 [0.06675448 0.37264907 0.16872359 0.05315237 0.33872048]
 [0.08114166 0.35073848 0.21318331 0.07811793 0.27681862]
 [0.06737786 0.57256911 0.12283836 0.00433631 0.23287836]
 [0.02643425 0.42794206 0.17195887 0.01429904 0.35936577]]"
84,"[[0.29078242 0.24089593 0.12376364 0.25415151 0.09040649]
 [0.45120965 0.10329338 0.02651003 0.41127518 0.00771176]
 [0.39286611 0.15008714 0.06439739 0.38712435 0.005525  ]
 [0.37452656 0.14102219 0.19743949 0.25140751 0.03560426]
 [0.29916571 0.22837177 0.09562399 0.29375426 0.08308427]]"
85,"[[0.11955395 0.24226732 0.23420072 0.19525686 0.20872115]
 [0.02458823 0.30658754 0.23036193 0.21645057 0.22201172]
 [0.09196645 0.31074409 0.25127494 0.16852478 0.17748973]
 [0.18351835 0.22324218 0.20771261 0.19021924 0.19530762]
 [0.00737448 0.51281278 0.33696294 0.03021141 0.11263838]]"
86,"[[0.11213402 0.40458252 0.00210662 0.11735107 0.36382576]
 [0.05971978 0.42648313 0.04716633 0.10458859 0.36204217]
 [0.08800786 0.35508583 0.08290215 0.13337326 0.34063091]
 [0.10326401 0.32921755 0.08894989 0.17162079 0.30694776]
 [0.12610616 0.3100634  0.01817865 0.25872616 0.28692562]]"
87,"[[0.06578195 0.15113791 0.31729534 0.20505342 0.26073138]
 [0.00953945 0.1836994  0.3201344  0.19577989 0.29084686]
 [0.01439362 0.20628728 0.27116935 0.24710567 0.26104407]
 [0.0455138  0.1701616  0.32629451 0.19960509 0.25842499]
 [0.14213577 0.16778961 0.23632906 0.22353636 0.2302092 ]]"
88,"[[0.34600691 0.30077761 0.06090787 0.18700856 0.10529905]
 [0.45464328 0.41936819 0.01051658 0.0761121  0.03935986]
 [0.29277598 0.25256229 0.01508612 0.23539166 0.20418395]
 [0.57275822 0.21975531 0.04421697 0.10399556 0.05927394]
 [0.30325266 0.29661194 0.03428984 0.29517636 0.0706692 ]]"
89,"[[1.75511841e-01 9.40930903e-02 3.16521978e-01 2.30838790e-01
  1.83034301e-01]
 [1.16756527e-01 3.70388413e-02 2.97586303e-01 2.94357321e-01
  2.54261007e-01]
 [4.89993447e-02 4.91320792e-04 5.58458585e-01 2.85612140e-01
  1.06438610e-01]
 [7.74576116e-02 1.85734692e-03 4.36618059e-01 3.34876605e-01
  1.49190377e-01]
 [1.30305062e-01 7.14821465e-02 3.22891656e-01 3.01495005e-01
  1.73826130e-01]]"
90,"[[0.38916301 0.18893902 0.1141448  0.12314809 0.18460508]
 [0.26014317 0.24391235 0.05898521 0.21502037 0.22193891]
 [0.33880094 0.27736783 0.05880452 0.08896161 0.2360651 ]
 [0.24974162 0.23087885 0.13996473 0.17759211 0.20182268]
 [0.37659042 0.2927194  0.04910395 0.0909711  0.19061512]]"
91,"[[0.12310392 0.19952409 0.2738962  0.27040879 0.133067  ]
 [0.02907132 0.18487335 0.37099949 0.34599791 0.06905793]
 [0.06236712 0.19434737 0.37427319 0.22016585 0.14884647]
 [0.1305805  0.20975899 0.25913387 0.23030661 0.17022004]
 [0.04947628 0.24935379 0.27314829 0.26507295 0.16294869]]"
92,"[[0.09211824 0.03471165 0.15756729 0.27649261 0.4391102 ]
 [0.17166846 0.00318113 0.21295334 0.28164878 0.33054829]
 [0.20355355 0.01421119 0.25591975 0.25898548 0.26733003]
 [0.17079517 0.10110661 0.22442808 0.25073473 0.25293541]
 [0.17971789 0.06065706 0.19201129 0.21556331 0.35205045]]"
93,"[[0.10699704 0.38116723 0.04959496 0.42672682 0.03551395]
 [0.1102824  0.33671711 0.09336944 0.43603752 0.02359352]
 [0.14962121 0.29531436 0.14172378 0.40391823 0.00942242]
 [0.1419928  0.28493423 0.07722208 0.44249911 0.05335178]
 [0.19653223 0.23313562 0.14863522 0.33317503 0.0885219 ]]"
94,"[[0.12649705 0.0659314  0.36939102 0.22189091 0.21628962]
 [0.15406853 0.0132695  0.29637446 0.29085131 0.24543621]
 [0.15211903 0.13035232 0.32480961 0.20771643 0.1850026 ]
 [0.19776605 0.01455052 0.32491793 0.25963965 0.20312585]
 [0.16521348 0.12762183 0.2626808  0.25541374 0.18907015]]"
95,"[[0.22205967 0.09576208 0.04589653 0.43489547 0.20138626]
 [0.34942714 0.02980745 0.01029046 0.56526795 0.04520701]
 [0.19415883 0.08401568 0.08203166 0.33151004 0.30828379]
 [0.2475538  0.10544587 0.05690626 0.41816079 0.17193327]
 [0.24960227 0.11228674 0.05217773 0.35711441 0.22881885]]"
96,"[[0.16715296 0.16718274 0.27193674 0.16195797 0.23176958]
 [0.09822907 0.1652792  0.34318377 0.07200825 0.3212997 ]
 [0.08835226 0.10966583 0.38879116 0.05984788 0.35334287]
 [0.17884833 0.19173645 0.2528684  0.14324061 0.23330621]
 [0.066475   0.08481594 0.41152445 0.05579264 0.38139196]]"
97,"[[0.28649264 0.11642571 0.16071748 0.25696878 0.1793954 ]
 [0.32008983 0.05062897 0.09427891 0.28460275 0.25039953]
 [0.32749901 0.0289358  0.19067511 0.25173794 0.20115213]
 [0.24234818 0.13387535 0.18601708 0.22365278 0.21410661]
 [0.31876358 0.05058207 0.10473936 0.31093665 0.21497834]]"
98,"[[0.08020715 0.50769813 0.07290814 0.201593   0.13759358]
 [0.12090426 0.34249003 0.00109354 0.27458807 0.2609241 ]
 [0.20345229 0.33268772 0.00886199 0.24428013 0.21071787]
 [0.13908033 0.3185422  0.06609616 0.26884803 0.20743328]
 [0.10722073 0.42855766 0.00561819 0.2864839  0.17211951]]"
99,"[[0.53033417 0.06165506 0.01885562 0.18482524 0.20432992]
 [0.24315966 0.18705889 0.16036642 0.20201455 0.20740049]
 [0.44729454 0.03073088 0.02526785 0.23692569 0.25978104]
 [0.3589019  0.11993313 0.09322303 0.16065299 0.26728894]
 [0.32224925 0.11522957 0.09930005 0.1686018  0.29461933]]"
100,"[[0.35017246 0.11881592 0.31988978 0.04438583 0.16673602]
 [0.26531539 0.12469162 0.25946571 0.11930773 0.23121954]
 [0.36366229 0.08588083 0.34966884 0.07745969 0.12332835]
 [0.34919353 0.15403414 0.18051937 0.14431854 0.17193443]
 [0.39866626 0.04484023 0.38428711 0.02528512 0.14692128]]"
101,"[[0.139656   0.00274161 0.00905547 0.07744548 0.02224586 0.16985457
  0.20652926 0.13961985 0.0554092  0.17744269]
 [0.12959937 0.01039315 0.07438316 0.08691295 0.06015292 0.13018613
  0.16836029 0.11908516 0.0813376  0.13958928]
 [0.11839905 0.00769094 0.01367115 0.05462106 0.01685787 0.13884211
  0.26917834 0.09234095 0.04529844 0.24310009]
 [0.13254648 0.02843736 0.0298238  0.09917783 0.06687397 0.14578377
  0.15547688 0.09966338 0.08763979 0.15457674]
 [0.1185865  0.04442329 0.0545712  0.08583115 0.06968643 0.13746112
  0.16219083 0.09873922 0.07456791 0.15394235]
 [0.13247259 0.02906919 0.04827488 0.0869195  0.05075633 0.13989965
  0.18732464 0.08759303 0.0578193  0.17987088]
 [0.1373924  0.01127213 0.02392346 0.09196524 0.03310356 0.15523253
  0.2031209  0.11442688 0.04118367 0.18837922]
 [0.11538955 0.00439086 0.05902628 0.10396973 0.06061107 0.15118531
  0.15513034 0.10436299 0.09427232 0.15166156]
 [0.12284499 0.0079133  0.01369627 0.05814064 0.03836142 0.14717327
  0.24951961 0.08682301 0.05646107 0.21906641]
 [0.1270268  0.00828897 0.02570704 0.10770749 0.06221492 0.13574925
  0.15959155 0.12328294 0.10405058 0.14638046]]"
102,"[[0.11114861 0.11369022 0.09968162 0.1133047  0.13521336 0.12836779
  0.03685085 0.13237957 0.09687553 0.03248775]
 [0.06859331 0.10390574 0.06104495 0.07880088 0.24283887 0.10464336
  0.02322518 0.23970857 0.05772554 0.01951361]
 [0.08507938 0.09174775 0.07815279 0.09063158 0.18233598 0.15164095
  0.0477201  0.1816731  0.0626205  0.02839786]
 [0.11188221 0.12124337 0.04605491 0.11973133 0.19925807 0.16313385
  0.01734926 0.18272273 0.03667476 0.00194953]
 [0.09571407 0.14198305 0.06657978 0.10086095 0.18983357 0.14653345
  0.03842022 0.16077998 0.04823056 0.01106437]
 [0.0821945  0.12598862 0.07179921 0.08514191 0.23135674 0.13193751
  0.03536567 0.17293718 0.04821457 0.01506409]
 [0.07548208 0.12308514 0.06770983 0.1219379  0.17370797 0.13095435
  0.05862924 0.13274993 0.0629416  0.05280197]
 [0.10389626 0.11275795 0.1031773  0.10977688 0.1749843  0.11850157
  0.02924013 0.13132928 0.0954204  0.02091593]
 [0.09120906 0.13940879 0.06730575 0.11944217 0.14157385 0.14109805
  0.03445013 0.21756533 0.03620459 0.01174228]
 [0.11616584 0.14614811 0.07957511 0.14502587 0.16993736 0.14825311
  0.00548344 0.15084005 0.0373421  0.00122902]]"
103,"[[0.1280855  0.09486907 0.13458345 0.09174507 0.07377097 0.07359558
  0.16179801 0.09278626 0.13507263 0.01369346]
 [0.11060951 0.1011313  0.13492034 0.08881393 0.07556986 0.06652812
  0.14150275 0.10091084 0.13774564 0.04226769]
 [0.1177156  0.06954997 0.14160266 0.05596541 0.04408512 0.04086022
  0.2602981  0.06949904 0.18267424 0.01774964]
 [0.15013782 0.09170154 0.15395574 0.08084754 0.04206556 0.01601149
  0.18866957 0.08392988 0.18045918 0.01222168]
 [0.12841969 0.12550066 0.15279756 0.06432493 0.03880501 0.03835913
  0.17061516 0.11570029 0.16285665 0.00262091]
 [0.08754856 0.06905111 0.10885802 0.06545314 0.05981455 0.0352106
  0.28810947 0.06634102 0.18512848 0.03448503]
 [0.12035026 0.1182897  0.12599398 0.10672847 0.05983748 0.04840444
  0.15487502 0.1178095  0.13606921 0.01164192]
 [0.1256367  0.10367215 0.16254867 0.07154911 0.05103363 0.04527171
  0.17759252 0.08122627 0.17100038 0.01046886]
 [0.10598045 0.08886632 0.1445418  0.07465871 0.016008   0.01532493
  0.27271645 0.08747408 0.19026366 0.0041656 ]
 [0.14775192 0.08294954 0.15014701 0.06250024 0.05784273 0.02037801
  0.22544345 0.07333539 0.16617679 0.01347492]]"
104,"[[0.16952166 0.06253596 0.09656867 0.04186078 0.07403411 0.14548863
  0.17841432 0.0807128  0.09975692 0.05110615]
 [0.1280469  0.06815149 0.1139708  0.05346085 0.07820747 0.12732065
  0.14437268 0.10639853 0.12347941 0.05659122]
 [0.14898451 0.07661613 0.11494097 0.03147591 0.08293898 0.14091462
  0.1518082  0.09737277 0.11536704 0.03958087]
 [0.16509669 0.06406131 0.12596626 0.01896016 0.06523356 0.13403215
  0.20512024 0.07788146 0.07976904 0.06387913]
 [0.14192359 0.05325149 0.1015915  0.01564476 0.08428578 0.12912328
  0.24396717 0.09450827 0.11007262 0.02563154]
 [0.16106627 0.06078875 0.08457015 0.01892923 0.07417751 0.15733233
  0.17673976 0.06855983 0.14899868 0.04883749]
 [0.17319238 0.0398009  0.09362761 0.02856571 0.04484998 0.1321745
  0.2512253  0.09168478 0.1063375  0.03854135]
 [0.18510102 0.04583334 0.11768474 0.01064031 0.05815015 0.14847618
  0.21391979 0.08103042 0.12783355 0.01133048]
 [0.17037447 0.06057696 0.10946412 0.01521269 0.10118068 0.14702281
  0.17310142 0.07358426 0.1185732  0.0309094 ]
 [0.1738938  0.06193525 0.0996003  0.05053859 0.07023591 0.12506504
  0.183272   0.07627154 0.10823132 0.05095623]]"
105,"[[0.067271   0.13199388 0.06913714 0.11769011 0.10802411 0.15183772
  0.10617123 0.05604014 0.15960526 0.0322294 ]
 [0.06025629 0.14416058 0.06233702 0.12096772 0.10734154 0.15795421
  0.10352209 0.03969898 0.17325835 0.03050322]
 [0.06079228 0.15272201 0.08863098 0.13357576 0.11214214 0.15563809
  0.09229835 0.0237387  0.15682115 0.02364055]
 [0.07933273 0.13164608 0.08388385 0.12708168 0.12516418 0.13501676
  0.11541739 0.03316188 0.14423076 0.02506468]
 [0.01970347 0.18063738 0.02661965 0.13593424 0.13413048 0.19154156
  0.09142009 0.01476847 0.2048813  0.00036336]
 [0.07071819 0.15346138 0.09151432 0.10700739 0.10554748 0.15854955
  0.09480952 0.03399436 0.15891041 0.02548738]
 [0.05120096 0.17149911 0.06233725 0.09496716 0.09089776 0.17245076
  0.08977404 0.05061783 0.20734972 0.00890541]
 [0.07260985 0.13391568 0.09337018 0.1287402  0.1197627  0.13402259
  0.11809764 0.06451354 0.13456642 0.0004012 ]
 [0.04526084 0.13147518 0.07286699 0.12718964 0.12634054 0.1574191
  0.10604693 0.02575015 0.19518802 0.01246262]
 [0.06056315 0.15097611 0.06617116 0.13588667 0.10449067 0.15309749
  0.09940474 0.04100359 0.15597908 0.03242733]]"
106,"[[0.08809135 0.09990417 0.14902512 0.00740555 0.03818267 0.2352339
  0.13805436 0.00333046 0.07195408 0.16881833]
 [0.10434411 0.12101083 0.13854726 0.03057093 0.07370599 0.15729814
  0.12151472 0.00329539 0.10314655 0.14656608]
 [0.11152558 0.11474803 0.14047791 0.05481196 0.06666309 0.14703238
  0.11853075 0.00455518 0.09548905 0.14616607]
 [0.0928459  0.10901464 0.14576985 0.03685266 0.06870885 0.16081114
  0.12387321 0.02864997 0.08113706 0.15233671]
 [0.06328229 0.07135702 0.18435495 0.04362108 0.05160126 0.23953545
  0.10310581 0.00230857 0.05331734 0.18751624]
 [0.10478246 0.10496892 0.13947911 0.06263357 0.06659403 0.14470588
  0.11970243 0.04047099 0.07515311 0.14150949]
 [0.08099087 0.09539048 0.15312568 0.04171423 0.06626109 0.19245179
  0.12812211 0.00162957 0.07788213 0.16243206]
 [0.07382934 0.10829713 0.14269489 0.03736362 0.03903837 0.2232314
  0.11245591 0.01999493 0.05814502 0.1849494 ]
 [0.08402485 0.08750849 0.14241195 0.04444041 0.05213386 0.2100099
  0.12132814 0.04284858 0.07087971 0.14441411]
 [0.06885122 0.07619359 0.12515373 0.04632937 0.05760616 0.20508115
  0.12466204 0.02440551 0.06665474 0.20506249]]"
107,"[[0.08642033 0.16108954 0.05677103 0.00815449 0.19818897 0.17736051
  0.05804676 0.07164587 0.10970717 0.07261534]
 [0.1050801  0.12297421 0.02513834 0.03339947 0.21257383 0.20696368
  0.04533174 0.05684643 0.11408298 0.07760923]
 [0.13355147 0.14797234 0.00906819 0.03851574 0.1539417  0.14873577
  0.04309545 0.06710173 0.14645514 0.11156247]
 [0.10352997 0.14951047 0.0242879  0.03232235 0.2063443  0.16113921
  0.06742504 0.0710972  0.10569665 0.07864691]
 [0.11784391 0.13880164 0.01410331 0.03699054 0.1603242  0.15517363
  0.05670059 0.08269522 0.1302529  0.10711407]
 [0.11777051 0.2225963  0.00501141 0.01285493 0.23124629 0.22917455
  0.01372228 0.01574729 0.13604415 0.01583229]
 [0.06524212 0.08819374 0.03874773 0.05857529 0.25046069 0.2384804
  0.06099832 0.0638859  0.07101972 0.0643961 ]
 [0.13540559 0.15408543 0.00558809 0.00568378 0.2165705  0.17036134
  0.0103503  0.05657164 0.14406623 0.10131711]
 [0.10714689 0.1441991  0.01096606 0.02831077 0.17349507 0.16113932
  0.0735989  0.08959626 0.11150346 0.10004418]
 [0.11771693 0.14319659 0.00809894 0.01792921 0.19842505 0.18993291
  0.03877287 0.06268359 0.13587873 0.08736517]]"
108,"[[0.00839247 0.08292208 0.12836231 0.12561933 0.05596478 0.08590872
  0.13931294 0.12119125 0.20885427 0.04347185]
 [0.03405766 0.08901174 0.12273366 0.10979271 0.08495871 0.09613673
  0.13070123 0.10619089 0.14920133 0.07721533]
 [0.00034714 0.07189503 0.16158832 0.14041911 0.06180859 0.08498388
  0.16415803 0.10067152 0.17083791 0.04329047]
 [0.00100488 0.06939778 0.14589624 0.13034252 0.06652751 0.11653132
  0.14843416 0.12178921 0.15810492 0.04197145]
 [0.00714792 0.04619328 0.18398987 0.16038332 0.02890679 0.05104397
  0.19261457 0.11503682 0.2012497  0.01343376]
 [0.00081925 0.07657171 0.12052806 0.11687061 0.06043351 0.10097936
  0.16758869 0.11453852 0.19854933 0.04312095]
 [0.03158587 0.06655772 0.13926868 0.1166987  0.065899   0.10051858
  0.14948243 0.10814602 0.15961449 0.0622285 ]
 [0.0149437  0.06063079 0.15555136 0.14502495 0.05705917 0.07864131
  0.15714751 0.10611516 0.18830239 0.03658365]
 [0.04186088 0.06864692 0.13145005 0.11011057 0.05928814 0.08005665
  0.15144988 0.09831764 0.20023864 0.05858061]
 [0.00096967 0.05080091 0.14636179 0.14412338 0.04133442 0.06303982
  0.15472169 0.13912827 0.25622806 0.003292  ]]"
109,"[[0.06855819 0.20218746 0.136658   0.14360611 0.1318362  0.02699085
  0.15302718 0.03274228 0.01582251 0.08857121]
 [0.07151205 0.19852745 0.13924755 0.14957164 0.09465083 0.02627676
  0.19416446 0.02332982 0.01331103 0.0894084 ]
 [0.08592382 0.16190115 0.13434092 0.14711637 0.11243306 0.02969609
  0.15983719 0.06694675 0.01324081 0.08856384]
 [0.08507191 0.17524807 0.10905929 0.15264579 0.10364194 0.04561692
  0.15564227 0.05434223 0.02128176 0.09744982]
 [0.05872155 0.16880889 0.15122479 0.1578454  0.13374977 0.01615534
  0.16770232 0.03102549 0.00282492 0.11194154]
 [0.06507443 0.30543471 0.08982073 0.09434428 0.07256292 0.0462578
  0.19383968 0.06283561 0.00467523 0.06515461]
 [0.08694844 0.16382882 0.12178794 0.12682496 0.11729059 0.03180472
  0.15264849 0.08019664 0.01029658 0.10837283]
 [0.06841671 0.15531706 0.14696256 0.15145741 0.12156288 0.0561481
  0.15350454 0.06681995 0.00736523 0.07244556]
 [0.08958004 0.16094643 0.10417681 0.10874013 0.10416782 0.075351
  0.12850172 0.07641155 0.04866268 0.10346182]
