,0
1,"[[0.37369966 0.32468621 0.18358448 0.07598403 0.04204562]
 [0.36503631 0.30625818 0.19591831 0.11212462 0.02066258]
 [0.26208413 0.21676314 0.19729672 0.17649024 0.14736578]
 [0.2874256  0.27049189 0.25985326 0.10448218 0.07774707]
 [0.27760078 0.27479781 0.25477869 0.12742366 0.06539905]]"
2,"[[0.31049108 0.30345835 0.20942081 0.11960764 0.05702212]
 [0.44746588 0.24401027 0.22339337 0.06645884 0.01867164]
 [0.38984882 0.28006096 0.14579883 0.14264727 0.04164412]
 [0.2979589  0.2888042  0.24326057 0.15273985 0.01723647]
 [0.27082207 0.24811164 0.19382244 0.19208304 0.09516081]]"
3,"[[0.31893515 0.26983065 0.19203156 0.12811434 0.0910883 ]
 [0.33106083 0.31260685 0.1531144  0.14368725 0.05953066]
 [0.26497422 0.24832115 0.21713875 0.13732908 0.1322368 ]
 [0.2930944  0.25705841 0.25067803 0.11058713 0.08858202]
 [0.31786146 0.30088205 0.2807329  0.0844696  0.01605399]]"
4,"[[0.46103111 0.27878486 0.16336347 0.07584268 0.02097788]
 [0.35975035 0.34236602 0.12327532 0.10533054 0.06927778]
 [0.27690866 0.22610224 0.21463907 0.1583873  0.12396273]
 [0.29170258 0.26950269 0.24092899 0.15905594 0.0388098 ]
 [0.40815848 0.29441685 0.15649842 0.07945594 0.06147031]]"
5,"[[0.35335702 0.3463468  0.22510985 0.04066142 0.0345249 ]
 [0.40051141 0.33640798 0.13892116 0.08385291 0.04030654]
 [0.49751827 0.25704588 0.12542355 0.07878929 0.041223  ]
 [0.29356874 0.26202883 0.19293139 0.12820239 0.12326864]
 [0.32768072 0.23054617 0.18117323 0.13729606 0.12330381]]"
6,"[[0.3537369  0.30148973 0.20870517 0.1081108  0.02795741]
 [0.3050948  0.27415922 0.24438959 0.1372649  0.0390915 ]
 [0.33023033 0.2379626  0.2359835  0.15127567 0.0445479 ]
 [0.34099438 0.26810072 0.14402692 0.14277801 0.10409997]
 [0.45732503 0.24274995 0.17002036 0.11392965 0.01597502]]"
7,"[[0.37287596 0.27773099 0.25706435 0.07175109 0.02057761]
 [0.33847725 0.25247758 0.20055936 0.18315384 0.02533197]
 [0.34350914 0.31631113 0.22161528 0.08294911 0.03561534]
 [0.42725575 0.31217601 0.14821215 0.06925956 0.04309654]
 [0.27525837 0.27285538 0.17194813 0.1618758  0.11806232]]"
8,"[[0.22040578 0.32376173 0.19777292 0.18149579 0.07656378]
 [0.31544022 0.24642288 0.20806109 0.14785833 0.08221748]
 [0.35181541 0.28872655 0.21453141 0.14119064 0.00373599]
 [0.27775753 0.23150187 0.17529897 0.16195216 0.15348948]
 [0.35353504 0.28602219 0.16640075 0.10858194 0.08546009]]"
9,"[[0.44727122 0.22223057 0.17645504 0.14650952 0.00753365]
 [0.27919528 0.24116633 0.21627412 0.16167362 0.10169066]
 [0.31789012 0.26713519 0.21770536 0.17026359 0.02700574]
 [0.38009657 0.2284229  0.20920014 0.13344043 0.04883995]
 [0.40385192 0.24461079 0.2034337  0.08009537 0.06800821]]"
10,"[[0.38293704 0.25506515 0.24504407 0.11430113 0.00265261]
 [0.41391707 0.34401671 0.18252165 0.03950495 0.02003962]
 [0.52931933 0.2641535  0.08370627 0.06852637 0.05429453]
 [0.52023202 0.17529219 0.14794181 0.1023824  0.05415158]
 [0.30222343 0.27208024 0.26297188 0.16069422 0.00203024]]"
11,"[[0.42364226 0.20363489 0.18792723 0.13219838 0.05259724]
 [0.38055277 0.37290726 0.12144169 0.11545665 0.00964164]
 [0.26332532 0.25971799 0.25698164 0.20327437 0.01670068]
 [0.2538632  0.23860589 0.18765195 0.17705433 0.14282463]
 [0.2597215  0.25222113 0.22630902 0.21317287 0.04857547]]"
12,"[[0.38644372 0.23268265 0.23083796 0.11303412 0.03700156]
 [0.38971481 0.32921169 0.15960894 0.06984938 0.05161517]
 [0.29512072 0.26835322 0.23206034 0.11239918 0.09206653]
 [0.39730403 0.16546452 0.16456411 0.14520055 0.12746679]
 [0.42636314 0.30074401 0.20425791 0.06414312 0.00449181]]"
13,"[[0.46799089 0.33729979 0.11191074 0.05984582 0.02295276]
 [0.39925036 0.21515249 0.14277685 0.13158149 0.11123881]
 [0.27543644 0.27384234 0.18754915 0.17465222 0.08851984]
 [0.40864114 0.1902859  0.14540433 0.1365498  0.11911883]
 [0.35579101 0.27342925 0.16263727 0.11433709 0.09380539]]"
14,"[[0.25892514 0.22932119 0.22743379 0.16796079 0.11635909]
 [0.30582743 0.26655403 0.24807986 0.11230926 0.06722941]
 [0.26381498 0.25489609 0.24555362 0.12761843 0.10811688]
 [0.4242801  0.22420882 0.18095754 0.10974475 0.06080878]
 [0.39978115 0.35812481 0.15093934 0.07121409 0.01994061]]"
15,"[[0.33667883 0.31192229 0.21216632 0.13837691 0.00085565]
 [0.44350636 0.33871337 0.11495203 0.06885463 0.03397361]
 [0.39524233 0.25225832 0.17631417 0.16130992 0.01487526]
 [0.35174263 0.20285278 0.1785542  0.13566374 0.13118665]
 [0.39668598 0.34342676 0.15300098 0.09293747 0.01394881]]"
16,"[[0.26635199 0.25236682 0.2054228  0.17115942 0.10469897]
 [0.57978436 0.18489845 0.12678993 0.07400483 0.03452242]
 [0.33160939 0.32104898 0.29000216 0.03644996 0.02088951]
 [0.36105609 0.26827919 0.18656268 0.16427455 0.01982749]
 [0.23714763 0.22610286 0.19172089 0.19142083 0.15360779]]"
17,"[[0.35927807 0.21411535 0.20970786 0.18832729 0.02857143]
 [0.29448305 0.23265562 0.16736155 0.16148529 0.14401449]
 [0.35678272 0.23816491 0.16198143 0.14166954 0.1014014 ]
 [0.24873073 0.23527847 0.23115277 0.15967959 0.12515843]
 [0.32885306 0.27451217 0.1818574  0.13528479 0.07949259]]"
18,"[[0.30418018 0.26632839 0.19738422 0.15396457 0.07814264]
 [0.35563153 0.29469054 0.20462926 0.11597896 0.02906971]
 [0.36231737 0.26629446 0.15960047 0.12599646 0.08579125]
 [0.3102642  0.30844794 0.23414281 0.07536392 0.07178113]
 [0.31972076 0.26691875 0.15867115 0.14223984 0.11244951]]"
19,"[[0.26016429 0.24043329 0.19794553 0.19286547 0.10859142]
 [0.3135854  0.27220564 0.16009349 0.15407125 0.10004421]
 [0.34522505 0.30172823 0.19197996 0.08225466 0.0788121 ]
 [0.26050085 0.22711858 0.22178789 0.18644123 0.10415145]
 [0.29433086 0.27389874 0.15973663 0.14684403 0.12518974]]"
20,"[[0.39177458 0.25109765 0.19037245 0.0999516  0.06680372]
 [0.28832674 0.25170045 0.18535124 0.16819191 0.10642966]
 [0.36048655 0.33927128 0.04802551 0.20624776 0.0459689 ]
 [0.38954997 0.28031358 0.15867362 0.08961748 0.08184535]
 [0.37191112 0.28447614 0.24943057 0.04826987 0.0459123 ]]"
21,"[[0.2872962  0.25522564 0.17662676 0.15536157 0.12548983]
 [0.30273168 0.26664626 0.23036681 0.13835678 0.06189848]
 [0.47972317 0.3338854  0.08731046 0.06451965 0.03456132]
 [0.33629094 0.30249144 0.16535734 0.10415798 0.09170231]
 [0.27521324 0.23502607 0.22058201 0.1463999  0.12277878]]"
22,"[[0.38998075 0.25526182 0.19408978 0.12598853 0.03467912]
 [0.26922292 0.23800021 0.23307757 0.22899002 0.03070928]
 [0.51581418 0.23363272 0.18220271 0.03536699 0.03298339]
 [0.24147568 0.23013412 0.22531566 0.16853679 0.13453776]
 [0.58085473 0.32627512 0.05428875 0.02641596 0.01216545]]"
23,"[[0.60262744 0.1383149  0.12378462 0.08330572 0.05196733]
 [0.42129621 0.3169741  0.1115716  0.10513101 0.04502708]
 [0.26907339 0.23435369 0.22098614 0.20540131 0.07018547]
 [0.33985853 0.26250535 0.21248584 0.11557651 0.06957378]
 [0.38744395 0.29494442 0.24252715 0.03789584 0.03718863]]"
24,"[[0.34534946 0.31285407 0.24585173 0.08948465 0.00646009]
 [0.39985848 0.244854   0.22654304 0.07556527 0.0531792 ]
 [0.39138352 0.26108463 0.17788145 0.11322514 0.05642527]
 [0.55226207 0.15015073 0.13955458 0.11047224 0.04756038]
 [0.36919383 0.34956772 0.12961009 0.08312215 0.06850622]]"
25,"[[0.27812925 0.27600306 0.2618265  0.09932219 0.084719  ]
 [0.26842663 0.22801256 0.21236117 0.21016592 0.08103373]
 [0.28518464 0.24258762 0.21515519 0.15179728 0.10527528]
 [0.33386773 0.28394876 0.14250063 0.13013637 0.10954651]
 [0.28756297 0.28584412 0.2273583  0.17441006 0.02482456]]"
26,"[[0.28678348 0.2654395  0.2449162  0.11822837 0.08463245]
 [0.34192346 0.33929958 0.18418587 0.12941695 0.00517414]
 [0.28270486 0.27962526 0.1911872  0.16664844 0.07983423]
 [0.32721398 0.26012585 0.20847736 0.17213948 0.03204333]
 [0.42840788 0.25652037 0.15192854 0.08973178 0.07341143]]"
27,"[[0.50806327 0.31561543 0.10610161 0.06719736 0.00302232]
 [0.28874878 0.24268999 0.19699426 0.18481069 0.08675628]
 [0.29826935 0.26889586 0.17055735 0.15672863 0.1055488 ]
 [0.30849082 0.23951197 0.22513852 0.20245387 0.02440482]
 [0.31174696 0.20123145 0.19406471 0.16341685 0.12954004]]"
28,"[[0.51251348 0.31506613 0.05880625 0.05736826 0.05624588]
 [0.32786527 0.29140918 0.2099493  0.11751105 0.0532652 ]
 [0.35260525 0.34938005 0.15641218 0.07583834 0.06576419]
 [0.33749477 0.23917269 0.21188607 0.17449117 0.0369553 ]
 [0.27582029 0.24924569 0.24398828 0.12471965 0.10622609]]"
29,"[[0.24016603 0.23043846 0.20693594 0.19127696 0.13118261]
 [0.32900124 0.29513768 0.22326746 0.14445054 0.00814308]
 [0.3331396  0.27422113 0.18369887 0.17686822 0.03207218]
 [0.34534598 0.30818882 0.1627054  0.13935972 0.04440008]
 [0.47223803 0.36304379 0.0750553  0.05848127 0.03118161]]"
30,"[[0.35977619 0.30389804 0.18505339 0.14572862 0.00554377]
 [0.39487622 0.32852636 0.09775086 0.09511916 0.08372739]
 [0.28388915 0.30015755 0.22089994 0.10659883 0.08845454]
 [0.3572485  0.30905506 0.17724359 0.13098956 0.02546328]
 [0.33125216 0.21744985 0.21715702 0.1725899  0.06155107]]"
31,"[[0.39784319 0.25682924 0.2552961  0.07160865 0.01842283]
 [0.43230654 0.31656396 0.11180116 0.08906615 0.0502622 ]
 [0.23285363 0.22491133 0.21121961 0.19779454 0.1332209 ]
 [0.30250571 0.20883374 0.17724287 0.15625242 0.15516527]
 [0.28861221 0.19552552 0.18630379 0.17778967 0.15176881]]"
32,"[[0.27013591 0.24419527 0.2317804  0.21945571 0.0344327 ]
 [0.37292582 0.29935369 0.13942867 0.09795919 0.09033264]
 [0.36003677 0.24535086 0.22431539 0.13480436 0.03549263]
 [0.38168636 0.28464892 0.21779919 0.06617642 0.04968912]
 [0.2980694  0.2350684  0.21256137 0.18166952 0.07263131]]"
33,"[[0.27641009 0.23421069 0.19006214 0.15852353 0.14079355]
 [0.35557308 0.25828637 0.20204104 0.1214942  0.06260531]
 [0.29071    0.28148251 0.19590521 0.16121095 0.07069133]
 [0.33502556 0.31354392 0.21703561 0.1126994  0.02169552]
 [0.26153437 0.22393484 0.22027529 0.15137307 0.14288243]]"
34,"[[0.54233772 0.20164705 0.17241748 0.06239373 0.02120403]
 [0.45558743 0.24336161 0.15129578 0.07832083 0.07143434]
 [0.24323993 0.24023689 0.22742087 0.18638346 0.10271885]
 [0.28663693 0.24323309 0.22369624 0.18146585 0.06496789]
 [0.27804448 0.23690932 0.22730892 0.18018263 0.07755465]]"
35,"[[0.33360926 0.32689342 0.23025461 0.10580435 0.00343836]
 [0.29800765 0.29771797 0.23519993 0.12871931 0.04035513]
 [0.33108845 0.28540738 0.22162315 0.08431226 0.07756877]
 [0.40491793 0.22554114 0.16607543 0.12017303 0.08329248]
 [0.43018673 0.40991123 0.06355475 0.06113455 0.03521275]]"
36,"[[0.22327395 0.20978809 0.20617663 0.19067306 0.17008827]
 [0.24895666 0.24465931 0.19828318 0.17849371 0.12960714]
 [0.39401234 0.25820164 0.20370571 0.14223094 0.00184936]
 [0.2680823  0.2492199  0.21871746 0.1711625  0.09281784]
 [0.4519343  0.24070615 0.16919862 0.10223477 0.03592616]]"
37,"[[0.3488815  0.31047379 0.19445073 0.13484176 0.01135222]
 [0.28236423 0.24696431 0.23433433 0.12104689 0.11529024]
 [0.38193389 0.30745069 0.19201637 0.0228138  0.09578525]
 [0.49156868 0.41020732 0.08006907 0.01001537 0.00813956]
 [0.29479448 0.29182874 0.26189455 0.14312689 0.00835533]]"
38,"[[0.61425211 0.12715544 0.10161332 0.08719898 0.06978015]
 [0.35068046 0.28550153 0.20560032 0.11088744 0.04733025]
 [0.2482767  0.22007672 0.21016351 0.17581007 0.145673  ]
 [0.47245867 0.21615253 0.15656446 0.1170135  0.03781084]
 [0.32651164 0.31937073 0.25280133 0.06945744 0.03185886]]"
39,"[[0.4316531  0.39341476 0.09506374 0.04185352 0.03801487]
 [0.29245273 0.21763623 0.19833204 0.16534094 0.12623807]
 [0.42980782 0.28990293 0.11342639 0.1114688  0.05539406]
 [0.35917876 0.35126946 0.13460297 0.08805234 0.06689647]
 [0.43354114 0.20968337 0.12892676 0.12410829 0.10374043]]"
40,"[[0.52623453 0.22188442 0.161516   0.05916858 0.03119647]
 [0.32001756 0.31440211 0.22552832 0.08378525 0.05626676]
 [0.24690704 0.2451852  0.19158851 0.175627   0.14069225]
 [0.32755845 0.25738536 0.2026146  0.20090589 0.0115357 ]
 [0.31470881 0.20629866 0.18732326 0.17999137 0.1116779 ]]"
41,"[[0.31936902 0.28651487 0.21263497 0.10384879 0.07763234]
 [0.34654095 0.20123658 0.17243058 0.15677282 0.12301906]
 [0.3433454  0.22814866 0.18284601 0.1307474  0.11491253]
 [0.42345266 0.2481922  0.12003315 0.10879191 0.09953008]
 [0.36200667 0.27184511 0.13455294 0.13272345 0.09887183]]"
42,"[[0.33194359 0.31617415 0.11483987 0.16837364 0.06866876]
 [0.40893691 0.23879027 0.23723593 0.10784937 0.00718752]
 [0.33623393 0.32215206 0.23102465 0.09469103 0.01589833]
 [0.317367   0.23424738 0.20607393 0.15090294 0.09140875]
 [0.45443823 0.38870817 0.06448693 0.05903812 0.03332855]]"
43,"[[0.34086032 0.2535033  0.21324753 0.17801207 0.01437678]
 [0.27408379 0.24063073 0.20170783 0.19816003 0.08541762]
 [0.33731751 0.26317623 0.260957   0.08309676 0.0554525 ]
 [0.33218749 0.20833007 0.16767069 0.14652944 0.14528231]
 [0.30503311 0.22773732 0.18864252 0.16194293 0.11664412]]"
44,"[[0.55819159 0.18480623 0.11524076 0.10803398 0.03372744]
 [0.32028176 0.28210677 0.25065676 0.09128262 0.0556721 ]
 [0.3890424  0.37279111 0.16270685 0.05483912 0.02062051]
 [0.42137938 0.23781326 0.15580344 0.12158552 0.06341842]
 [0.36529795 0.28946721 0.16545364 0.09589007 0.08389114]]"
45,"[[0.31155213 0.23612289 0.18966767 0.17901352 0.0836438 ]
 [0.32344107 0.25019944 0.16335435 0.1533926  0.10961254]
 [0.31958229 0.27184073 0.21900503 0.17682366 0.01274828]
 [0.39576127 0.26464115 0.17613185 0.09120209 0.07226363]
 [0.25950202 0.24941334 0.22485618 0.2016     0.06462845]]"
46,"[[0.30680145 0.29169235 0.1766444  0.14598966 0.07887214]
 [0.33272508 0.28907178 0.27785742 0.06174085 0.03860487]
 [0.29693927 0.2808288  0.16952007 0.15995745 0.09275441]
 [0.35827297 0.35608996 0.16064109 0.07498146 0.05001453]
 [0.2853323  0.27185671 0.22009294 0.16302123 0.05969683]]"
47,"[[0.35577967 0.30627987 0.24429085 0.06155844 0.03209118]
 [0.33589252 0.27189385 0.13668117 0.13301683 0.12251564]
 [0.28931703 0.26903231 0.16927929 0.16694729 0.10542408]
 [0.37920098 0.28611306 0.26070833 0.05563091 0.01834672]
 [0.33963267 0.2494093  0.20726772 0.19582056 0.00786976]]"
48,"[[0.3260025  0.31772591 0.22616557 0.12838147 0.00172456]
 [0.30041141 0.29060617 0.15606134 0.12937315 0.12354793]
 [0.41176678 0.26518199 0.13740069 0.11880496 0.06684558]
 [0.38409121 0.22092893 0.17382816 0.16082586 0.06032585]
 [0.34589956 0.28209444 0.14802959 0.12391406 0.10006235]]"
49,"[[0.36714253 0.2916956  0.14410458 0.1009413  0.09611599]
 [0.38842728 0.29824948 0.19024238 0.10016444 0.02291642]
 [0.31013903 0.29226035 0.2227135  0.10346855 0.07141857]
 [0.34231609 0.26680067 0.18424956 0.16237675 0.04425694]
 [0.34434229 0.2384227  0.19628637 0.16555627 0.05539237]]"
50,"[[0.40807114 0.21215134 0.20938356 0.1076692  0.06272475]
 [0.30568433 0.30113028 0.25825338 0.10877231 0.0261597 ]
 [0.31012066 0.27191101 0.22600801 0.15690164 0.03505867]
 [0.26640795 0.25990047 0.23887268 0.16009413 0.07472476]
 [0.47739476 0.29396817 0.15496507 0.06613433 0.00753767]]"
51,"[[0.32368955 0.23012183 0.18754846 0.14275727 0.11588289]
 [0.3022319  0.2233184  0.17400173 0.1678604  0.13258756]
 [0.39150004 0.27936182 0.15887884 0.12269863 0.04756068]
 [0.28919704 0.27164808 0.23200212 0.15053829 0.05661446]
 [0.32024708 0.23714657 0.18996251 0.15592422 0.09671963]]"
52,"[[0.24415821 0.23093245 0.21597002 0.21467366 0.09426566]
 [0.36846264 0.19702482 0.17735234 0.15367096 0.10348924]
 [0.26345136 0.25511112 0.20986304 0.13590119 0.13567329]
 [0.31027793 0.24053685 0.23392121 0.16185296 0.05341105]
 [0.38767057 0.28287001 0.22673819 0.09636737 0.00635386]]"
53,"[[0.33715253 0.25527728 0.21693495 0.17299142 0.01764381]
 [0.34816218 0.27548317 0.18475954 0.09790754 0.09368757]
 [0.4290026  0.27112239 0.14334843 0.08437974 0.07214683]
 [0.34348071 0.3463096  0.15256179 0.14188802 0.01575989]
 [0.44893076 0.3131366  0.10716482 0.09850389 0.03226393]]"
54,"[[0.25763412 0.23527492 0.22081939 0.2078658  0.07840577]
 [0.30720722 0.27737049 0.26200646 0.14054431 0.01287151]
 [0.54058157 0.22681002 0.12819597 0.060087   0.04432544]
 [0.30169717 0.25559405 0.19614638 0.18771788 0.05884452]
 [0.33725121 0.33437772 0.19344924 0.11544454 0.01947728]]"
55,"[[0.35726017 0.30344059 0.17482298 0.12398467 0.04049158]
 [0.4266696  0.21852877 0.18945441 0.12709506 0.03825217]
 [0.31864176 0.29091229 0.26399694 0.09166322 0.03478579]
 [0.37748287 0.37592429 0.19943914 0.03836612 0.00878759]
 [0.30579797 0.30128395 0.26339777 0.09364346 0.03587685]]"
56,"[[0.3501197  0.28396269 0.21377907 0.14176906 0.01036947]
 [0.31532516 0.29973584 0.16249259 0.13624083 0.08620557]
 [0.4214098  0.30647858 0.17492091 0.07449979 0.02269093]
 [0.2392473  0.26131152 0.20635486 0.15353164 0.13955468]
 [0.30538002 0.28562287 0.18920642 0.13178313 0.08800756]]"
57,"[[0.54446569 0.25479167 0.18863288 0.00793636 0.0041734 ]
 [0.63250217 0.22346748 0.12317708 0.01612445 0.00472881]
 [0.33980785 0.24921787 0.2310048  0.17701099 0.00295849]
 [0.30971864 0.30490271 0.14533401 0.12039973 0.11964491]
 [0.3821276  0.18471046 0.17273616 0.17204378 0.088382  ]]"
58,"[[0.25674564 0.23948429 0.21151043 0.15348869 0.13877095]
 [0.33236427 0.28732402 0.27758956 0.08348366 0.01923849]
 [0.41562755 0.31057697 0.17131002 0.05629254 0.04619292]
 [0.44609599 0.24379818 0.13826847 0.10051478 0.07132258]
 [0.29571534 0.27699819 0.2684065  0.13730887 0.0215711 ]]"
59,"[[0.33798859 0.27297875 0.22581709 0.10055795 0.06265762]
 [0.30531767 0.30057821 0.20772587 0.12133694 0.06504132]
 [0.27036822 0.2514355  0.20617029 0.19734542 0.07468057]
 [0.37458028 0.33548161 0.16611047 0.06733956 0.05648808]
 [0.27620166 0.22972545 0.21015284 0.20218805 0.08173199]]"
60,"[[0.50863586 0.30402378 0.11054667 0.05787361 0.01892008]
 [0.33029179 0.31278676 0.16251743 0.13887541 0.05552861]
 [0.3537251  0.29794438 0.12577099 0.11395654 0.10860299]
 [0.23799108 0.22987646 0.22503489 0.21563549 0.09146208]
 [0.38110653 0.26598561 0.26031193 0.09122849 0.00136743]]"
61,"[[0.42130053 0.27267448 0.17283631 0.0825875  0.05060118]
 [0.33652039 0.3009967  0.22501921 0.11983654 0.01762716]
 [0.34409566 0.33721873 0.25698768 0.04910041 0.01259752]
 [0.391277   0.26041552 0.20939061 0.109389   0.02952788]
 [0.37094019 0.3083888  0.16633578 0.08150801 0.07282722]]"
62,"[[0.34511585 0.33324504 0.25065163 0.06700386 0.00398363]
 [0.36336183 0.25437102 0.18615132 0.17876131 0.01735452]
 [0.30248124 0.25101427 0.21949524 0.14946726 0.07754198]
 [0.6958196  0.18200094 0.06422484 0.05090943 0.0070452 ]
 [0.38213778 0.31180027 0.13686748 0.13236208 0.0368324 ]]"
63,"[[0.28433984 0.26200976 0.25161635 0.1740052  0.02802885]
 [0.36869206 0.35635884 0.23777727 0.02492001 0.01225181]
 [0.3427798  0.33945179 0.14772623 0.03667204 0.13337015]
 [0.2953197  0.28430342 0.20220676 0.13009077 0.08807936]
 [0.33433684 0.32806392 0.16734071 0.09328304 0.07697549]]"
64,"[[0.35480941 0.21126828 0.18170334 0.13181118 0.12040779]
 [0.3885996  0.24442778 0.19993319 0.10002701 0.06701242]
 [0.29469466 0.22314625 0.21971474 0.14485302 0.11759132]
 [0.28887929 0.27073234 0.15540652 0.1521612  0.13282064]
 [0.31601242 0.28545122 0.22377694 0.09976972 0.0749897 ]]"
65,"[[0.35517089 0.28738562 0.24928701 0.069575   0.03858148]
 [0.2777191  0.27210388 0.19307543 0.14665594 0.11044564]
 [0.3459176  0.28400158 0.16872255 0.15315543 0.04820285]
 [0.38208806 0.28432034 0.28018127 0.02826206 0.02514827]
 [0.35631869 0.32919434 0.1098163  0.1097428  0.09492787]]"
66,"[[0.35586222 0.23866269 0.19658566 0.14429372 0.0645957 ]
 [0.27496486 0.22896237 0.20090332 0.15410374 0.14106571]
 [0.41170821 0.35837173 0.1343402  0.0697617  0.02581815]
 [0.3567378  0.21918623 0.19811349 0.16204473 0.06391776]
 [0.27573175 0.2662531  0.2459642  0.20201805 0.0100329 ]]"
67,"[[0.34669901 0.22346338 0.19213816 0.16148767 0.07621178]
 [0.30971397 0.27157546 0.2407697  0.10503278 0.07290809]
 [0.51066602 0.21629489 0.21429059 0.0501896  0.00855889]
 [0.3234942  0.31449995 0.24058193 0.09246126 0.02896267]
 [0.39971048 0.25435324 0.22192445 0.10433818 0.01967365]]"
68,"[[0.25983183 0.24851338 0.22928534 0.15007078 0.11229866]
 [0.28783109 0.28235959 0.18203542 0.12976544 0.11800845]
 [0.26674611 0.21965575 0.21180597 0.18375602 0.11803615]
 [0.33525074 0.23061056 0.18774567 0.15925229 0.08714074]
 [0.26133696 0.25795654 0.20533091 0.13772555 0.13765004]]"
69,"[[0.55517159 0.19049813 0.1082439  0.08252502 0.06356136]
 [0.2777385  0.22936748 0.19182712 0.17986789 0.12119902]
 [0.39726085 0.32036729 0.21058165 0.06738632 0.00440389]
 [0.28703481 0.23690501 0.20701454 0.16756701 0.10147863]
 [0.29153138 0.24945828 0.19909193 0.15785928 0.10205913]]"
70,"[[0.32076573 0.28592092 0.20710632 0.17038712 0.01581991]
 [0.38283321 0.26260265 0.23833975 0.1046626  0.0115618 ]
 [0.35872051 0.31077295 0.15819833 0.12440549 0.04790273]
 [0.32944045 0.25952532 0.23970304 0.09934446 0.07198674]
 [0.27173755 0.21180027 0.21135804 0.1930496  0.11205453]]"
71,"[[0.32886238 0.31610934 0.23158486 0.11608227 0.00736114]
 [0.32237811 0.30833141 0.18925776 0.10765144 0.07238128]
 [0.28773476 0.21706643 0.21519748 0.17917128 0.10083006]
 [0.3128972  0.29797531 0.18328296 0.13637745 0.06946708]
 [0.43435946 0.30549152 0.21136951 0.02859292 0.02018659]]"
72,"[[0.39997731 0.33676182 0.14986583 0.10511339 0.00828165]
 [0.36502183 0.178949   0.17462312 0.17253274 0.1088733 ]
 [0.34014337 0.23579779 0.19027383 0.1649853  0.06879971]
 [0.42479157 0.35628751 0.09310604 0.08094429 0.04487059]
 [0.29109591 0.26054368 0.19469094 0.16770758 0.08596188]]"
73,"[[0.2643411  0.23040756 0.1894932  0.15909269 0.15666545]
 [0.34747723 0.23624316 0.23562448 0.09723708 0.08341804]
 [0.3864422  0.3036628  0.23306195 0.05432957 0.02250348]
 [0.4446275  0.24852675 0.24147858 0.04608848 0.01927869]
 [0.40816891 0.33558843 0.12323744 0.07144772 0.06155751]]"
74,"[[0.29935872 0.2977981  0.26978349 0.08577287 0.04728682]
 [0.35348982 0.30178792 0.2924496  0.03560174 0.01667093]
 [0.31058581 0.28886464 0.2016772  0.10683919 0.09203316]
 [0.37854589 0.23713221 0.18359682 0.16948419 0.0312409 ]
 [0.3402398  0.27717356 0.13941043 0.13345494 0.10972127]]"
75,"[[0.32499056 0.30457931 0.23429025 0.08245903 0.05368085]
 [0.24405596 0.22361841 0.19673078 0.17604229 0.15955255]
 [0.28621219 0.20505241 0.19917779 0.15996581 0.1495918 ]
 [0.41253591 0.31620704 0.1193779  0.09701586 0.0548633 ]
 [0.29787528 0.28643184 0.23298976 0.12704445 0.05565867]]"
76,"[[0.35903461 0.34020361 0.15957909 0.09499926 0.04618343]
 [0.36099494 0.29051152 0.20419388 0.08304201 0.06125765]
 [0.27882826 0.26423089 0.23551157 0.15335267 0.0680766 ]
 [0.30631974 0.28506389 0.23612088 0.15795397 0.01454152]
 [0.30987192 0.25016725 0.24801943 0.18208956 0.00985185]]"
77,"[[0.39766518 0.29797974 0.1574102  0.13819631 0.00874856]
 [0.27509515 0.26647846 0.2193582  0.21877177 0.02029642]
 [0.32672701 0.26786374 0.16804912 0.15218759 0.08517255]
 [0.23999413 0.2370336  0.21792376 0.1863866  0.11866192]
 [0.39207856 0.2877852  0.17698926 0.12740265 0.01574432]]"
78,"[[0.30679975 0.23005761 0.21055585 0.16600106 0.08658573]
 [0.32711195 0.30358664 0.23313497 0.11171966 0.02444678]
 [0.26689964 0.24520722 0.22757648 0.16340692 0.09690975]
 [0.25414305 0.24026772 0.23165832 0.22053353 0.05339737]
 [0.27330874 0.23883316 0.18975344 0.18772443 0.11038023]]"
79,"[[0.36027697 0.21709157 0.19753724 0.17079974 0.05429449]
 [0.35081282 0.27216367 0.19752985 0.10341335 0.0760803 ]
 [0.32889233 0.2202568  0.21898586 0.11640555 0.11545946]
 [0.37388865 0.21645083 0.16227611 0.12666399 0.12072043]
 [0.41935953 0.24889166 0.24601664 0.08429148 0.00144069]]"
80,"[[0.2681015  0.2547104  0.21452517 0.16471033 0.0979526 ]
 [0.28201917 0.26598002 0.18166567 0.14994128 0.12039387]
 [0.27421615 0.24566436 0.17971613 0.17878073 0.12162263]
 [0.28588475 0.26280501 0.21915942 0.19894186 0.03320897]
 [0.252816   0.26457312 0.25192772 0.18246366 0.04821949]]"
81,"[[0.35258061 0.28523036 0.25910373 0.095763   0.00732231]
 [0.38579887 0.29628214 0.16096178 0.12443301 0.0325242 ]
 [0.45009317 0.29536491 0.13170547 0.11564309 0.00719336]
 [0.33595456 0.3245172  0.15072545 0.10016505 0.08863774]
 [0.33366709 0.3164429  0.27300207 0.05933965 0.01754828]]"
82,"[[0.34831149 0.33448889 0.21497214 0.05452102 0.04770646]
 [0.37498687 0.23242728 0.18539005 0.13209637 0.07509943]
 [0.28767762 0.26494874 0.25980968 0.10162101 0.08594295]
 [0.35687523 0.26618643 0.2052763  0.13430694 0.03735509]
 [0.3978053  0.3018266  0.28474879 0.01148051 0.0041388 ]]"
83,"[[0.24906558 0.22498255 0.22491743 0.16026662 0.14076781]
 [0.27101774 0.26592852 0.22948733 0.20865249 0.02491392]
 [0.28587176 0.24637712 0.20258869 0.17893049 0.08623195]
 [0.350717   0.29885861 0.24206532 0.07168932 0.03666975]
 [0.34594384 0.22450881 0.18553943 0.13092752 0.11308041]]"
84,"[[0.32898664 0.27255183 0.23859581 0.13721697 0.02264875]
 [0.35966873 0.26347864 0.14779966 0.12839222 0.10066075]
 [0.45751055 0.27181749 0.17292794 0.07056804 0.02717598]
 [0.46770559 0.24615047 0.18814124 0.09436822 0.00363449]
 [0.33011411 0.25672668 0.21960195 0.14100995 0.05254731]]"
85,"[[0.59579872 0.14626039 0.13221104 0.1128768  0.01285304]
 [0.31345291 0.26322311 0.22381285 0.12608756 0.07342358]
 [0.37349281 0.23828191 0.20740332 0.09321062 0.08761134]
 [0.29297624 0.24875413 0.24561596 0.13369924 0.07895443]
 [0.24764257 0.21618816 0.21455666 0.17616604 0.14544657]]"
86,"[[0.5075513  0.31855599 0.08028315 0.06681557 0.02679399]
 [0.37610815 0.23637043 0.17851299 0.17228833 0.0367201 ]
 [0.33813102 0.31761559 0.15431969 0.10219083 0.08774287]
 [0.30184219 0.27237382 0.22343703 0.13590176 0.06644521]
 [0.26689387 0.25993333 0.25885613 0.15161139 0.06270528]]"
87,"[[0.38619098 0.28847926 0.16847218 0.15359902 0.00325857]
 [0.28426369 0.26846841 0.21828802 0.20471744 0.02426244]
 [0.58710399 0.1526645  0.1114171  0.08716244 0.06165197]
 [0.41486685 0.22308932 0.19039385 0.11336134 0.05828864]
 [0.26500759 0.2378963  0.20819833 0.15922004 0.12967775]]"
88,"[[0.44886481 0.30563963 0.20855657 0.03423681 0.00270218]
 [0.31534961 0.31437898 0.29904277 0.06484137 0.00638726]
 [0.67092129 0.13571908 0.10142395 0.08990106 0.00203462]
 [0.28190711 0.26929258 0.25286272 0.12440588 0.07153171]
 [0.26821339 0.2323828  0.20853358 0.15003889 0.14083134]]"
89,"[[2.74890222e-01 2.56173384e-01 2.02606574e-01 1.85215004e-01
  8.11148156e-02]
 [2.58703780e-01 2.40026320e-01 2.22283824e-01 2.27642885e-01
  5.13431907e-02]
 [3.60706137e-01 3.49501964e-01 1.11931730e-01 1.03542234e-01
  7.43179345e-02]
 [3.65290919e-01 2.42328840e-01 1.52678583e-01 1.44308109e-01
  9.53935494e-02]
 [4.18570113e-01 2.82100643e-01 2.11656998e-01 8.75163078e-02
  1.55937269e-04]]"
90,"[[0.36136438 0.1956891  0.17272933 0.1533541  0.1168631 ]
 [0.30039758 0.24106897 0.17617471 0.17517569 0.10718304]
 [0.32047891 0.3179532  0.16806726 0.10713877 0.08636186]
 [0.30272149 0.26064632 0.25976511 0.13100963 0.04585745]
 [0.32828292 0.30242441 0.21971728 0.07643606 0.07313933]]"
91,"[[0.49694656 0.26834035 0.10869308 0.09866186 0.02735815]
 [0.44349869 0.25694359 0.1802691  0.0825389  0.03674971]
 [0.37992848 0.30868193 0.14152961 0.13447524 0.03538476]
 [0.42459503 0.35277193 0.11615135 0.07002629 0.03645539]
 [0.25907462 0.24723313 0.19971948 0.19055765 0.10341512]]"
92,"[[0.33785086 0.28789015 0.18919182 0.11041921 0.07464796]
 [0.26576334 0.21691944 0.20315426 0.15967243 0.15449053]
 [0.2551522  0.2433406  0.19480542 0.17747497 0.12922681]
 [0.28412559 0.25421803 0.21090718 0.15390367 0.09684553]
 [0.35149131 0.2053362  0.20289255 0.16061915 0.07966079]]"
93,"[[0.35418417 0.34474116 0.27276121 0.02422368 0.00408978]
 [0.43069085 0.23153778 0.20471602 0.13215581 0.00089954]
 [0.3726425  0.31913276 0.15704931 0.08343602 0.06773941]
 [0.34180246 0.26601202 0.20473705 0.13902818 0.04842029]
 [0.3240332  0.31781056 0.29545805 0.05716118 0.00553701]]"
94,"[[0.368932   0.3065212  0.22344721 0.05744998 0.0436496 ]
 [0.3812406  0.26764476 0.21400198 0.13201417 0.00509848]
 [0.35292042 0.31853916 0.22896981 0.05308037 0.04649024]
 [0.37553998 0.31380154 0.18925185 0.08000166 0.04140496]
 [0.35532835 0.258278   0.2478141  0.117776   0.02080355]]"
95,"[[0.30313796 0.26715065 0.22502479 0.12012324 0.08456336]
 [0.30840932 0.23038161 0.1711251  0.16415785 0.12592612]
 [0.30749756 0.23352136 0.22316555 0.22172119 0.01409434]
 [0.25670847 0.25336853 0.23933227 0.16804509 0.08254565]
 [0.37256633 0.30340862 0.18738953 0.07783571 0.05879982]]"
96,"[[0.44085622 0.34370749 0.09120314 0.06526874 0.0589644 ]
 [0.29954357 0.26261092 0.23658021 0.16522777 0.03603753]
 [0.50790495 0.20503237 0.14284424 0.10748403 0.03673441]
 [0.32743246 0.23760967 0.21478524 0.14140068 0.07877195]
 [0.31042346 0.30026736 0.24177125 0.11558423 0.0319537 ]]"
97,"[[0.30952952 0.27191814 0.26598062 0.11076563 0.04180608]
 [0.3428765  0.33235255 0.17028254 0.11600771 0.03848069]
 [0.28611648 0.25968651 0.24743758 0.12848312 0.07827631]
 [0.26346718 0.25396525 0.18553711 0.17075848 0.12627198]
 [0.271903   0.24070002 0.23033571 0.22697982 0.03008146]]"
98,"[[0.46083218 0.2576923  0.17426986 0.0830055  0.02420015]
 [0.26160531 0.22092528 0.19594936 0.17721748 0.14430259]
 [0.37486058 0.31678545 0.14876595 0.08927527 0.07031275]
 [0.28812234 0.25572529 0.23669566 0.19406645 0.02539026]
 [0.35678794 0.20468088 0.17182165 0.13768731 0.12902223]]"
99,"[[0.39972494 0.24006275 0.21122491 0.11333251 0.03565489]
 [0.23672159 0.19938378 0.19449672 0.18915346 0.18024444]
 [0.28911859 0.28812919 0.22293399 0.14962494 0.0501933 ]
 [0.27946511 0.20033755 0.19853994 0.19446229 0.12719511]
 [0.44160689 0.2638977  0.20820466 0.08518513 0.00110561]]"
100,"[[0.31242243 0.29110797 0.16122969 0.13972647 0.09551344]
 [0.37698861 0.36758023 0.1265029  0.11151761 0.01741065]
 [0.26433107 0.25538417 0.22813361 0.14096939 0.11118176]
 [0.3748958  0.22155971 0.21491    0.1489903  0.03964418]
 [0.44633492 0.23333485 0.15151534 0.11481351 0.05400137]]"
101,"[[0.17701117 0.16686765 0.14947092 0.10843088 0.10517866 0.10363856
  0.06845714 0.05204426 0.04672471 0.02217604]
 [0.17113146 0.17102636 0.1637164  0.14567549 0.14476551 0.11921344
  0.04565583 0.01711224 0.01473521 0.00696804]
 [0.20695698 0.16842073 0.15162991 0.1449467  0.11308749 0.06135952
  0.05313112 0.05084931 0.04405595 0.0055623 ]
 [0.22503946 0.20396859 0.19533785 0.1354555  0.11695128 0.05931836
  0.0375376  0.01751095 0.00785653 0.00102388]
 [0.18680064 0.17268292 0.12025893 0.11080768 0.1073439  0.1023532
  0.07835402 0.06123026 0.04316352 0.01700493]
 [0.1266603  0.12436826 0.12392321 0.12170445 0.1193845  0.10773822
  0.096678   0.09223105 0.05211712 0.03519489]
 [0.19819041 0.19303583 0.15481183 0.07636388 0.11929826 0.07035464
  0.07027334 0.05484846 0.03585264 0.02697073]
 [0.16642855 0.14937958 0.1454824  0.13715622 0.11130345 0.09908301
  0.08272989 0.06276429 0.00866968 0.03700292]
 [0.1652996  0.16072532 0.1474743  0.13703765 0.11641479 0.11618038
  0.07471044 0.06678631 0.00842218 0.00694903]
 [0.16247515 0.15626659 0.14663514 0.14634275 0.13960592 0.09146366
  0.06575222 0.0358964  0.02875329 0.02680888]]"
102,"[[0.16849694 0.1543452  0.147887   0.11829769 0.13986738 0.09749665
  0.08484149 0.04740054 0.02079876 0.02056834]
 [0.17626601 0.17269122 0.14861461 0.14484876 0.09503959 0.09367393
  0.08785488 0.04411351 0.01946746 0.01743002]
 [0.17959256 0.1747142  0.16657754 0.1614156  0.12166195 0.08491482
  0.044096   0.03459764 0.0266115  0.0058182 ]
 [0.18542022 0.18488948 0.13318177 0.09386356 0.08792075 0.07966049
  0.07454047 0.06343334 0.05312358 0.04396635]
 [0.21146965 0.16326808 0.12036143 0.11101243 0.10257725 0.08488405
  0.07230212 0.06890384 0.05886707 0.00635407]
 [0.2126392  0.16152378 0.16137463 0.14928753 0.1062675  0.06902293
  0.04377536 0.04059676 0.03621617 0.01929613]
 [0.20559516 0.19510418 0.16290271 0.11492676 0.09242839 0.09164062
  0.07617045 0.03503857 0.02577524 0.00041792]
 [0.28485647 0.18164527 0.15971786 0.11558536 0.07148162 0.06645404
  0.05929012 0.04379861 0.01381362 0.00335703]
 [0.16032586 0.15397446 0.13526684 0.12840324 0.12315602 0.12033343
  0.07703478 0.07239426 0.02173109 0.00738001]
 [0.19294745 0.19165127 0.16818792 0.14262829 0.11845554 0.05246468
  0.05046183 0.04665862 0.02875424 0.00779015]]"
103,"[[0.17996972 0.17761889 0.14775163 0.12655887 0.0971834  0.08246032
  0.08176606 0.07531643 0.02854064 0.00283404]
 [0.16193892 0.15410361 0.13472203 0.12125545 0.11671855 0.09165969
  0.07237459 0.0669339  0.04885174 0.03144152]
 [0.15058582 0.13756376 0.13460293 0.13084038 0.11419374 0.1130086
  0.08601311 0.04289069 0.08095783 0.00934313]
 [0.1472936  0.14131713 0.10674482 0.10201156 0.10129974 0.09927267
  0.08358668 0.08306707 0.08157525 0.0538315 ]
 [0.21962672 0.19788161 0.16552254 0.11198657 0.08436224 0.05947823
  0.04578429 0.04503229 0.03524941 0.0350761 ]
 [0.16211446 0.1492234  0.13993705 0.13925957 0.11406114 0.10959125
  0.06451875 0.04496315 0.04200424 0.03432698]
 [0.21473508 0.1473051  0.14528868 0.10080572 0.09897303 0.09385278
  0.07543985 0.06238059 0.0583848  0.00283437]
 [0.15271535 0.12414412 0.12195536 0.10860262 0.1076084  0.10531138
  0.08103629 0.0802971  0.07084348 0.0474859 ]
 [0.17218286 0.16424092 0.16185209 0.14714549 0.14110012 0.11390466
  0.04111717 0.03639675 0.01684632 0.00521362]
 [0.14758799 0.14352018 0.1356304  0.12836041 0.11631372 0.10212111
  0.07458892 0.0604366  0.05401816 0.03742251]]"
104,"[[2.36704302e-01 2.06733850e-01 1.62274820e-01 1.48626355e-01
  8.93901931e-02 5.81318250e-02 4.07886633e-02 3.66036548e-02
  1.21001672e-02 8.64617015e-03]
 [1.62832236e-01 1.56274587e-01 1.50552470e-01 1.43261439e-01
  1.31913926e-01 1.08879022e-01 8.31363716e-02 2.85304160e-02
  2.68466595e-02 7.77287255e-03]
 [1.86629140e-01 1.86406639e-01 1.08956293e-01 1.07638263e-01
  1.01429633e-01 9.29224812e-02 8.61013531e-02 5.41458864e-02
  5.24553905e-02 2.33149204e-02]
 [1.32486766e-01 1.28096430e-01 1.26461657e-01 1.23230013e-01
  1.08688868e-01 1.07388448e-01 1.04322638e-01 9.10097338e-02
  4.53516408e-02 3.29638048e-02]
 [1.76187610e-01 1.56305375e-01 1.51811469e-01 1.49214014e-01
  9.47609329e-02 8.12757671e-02 6.35569671e-02 4.85173773e-02
  4.56685374e-02 3.27019500e-02]
 [2.39108802e-01 1.47798719e-01 1.14716573e-01 1.01974141e-01
  9.91472610e-02 6.82648272e-02 6.53897122e-02 6.32681188e-02
  6.14391485e-02 3.88926973e-02]
 [1.60401115e-01 1.45409558e-01 1.34999787e-01 1.33551569e-01
  1.01881619e-01 9.48801446e-02 8.51013532e-02 8.44708094e-02
  4.22523544e-02 1.70516901e-02]
 [1.82051665e-01 1.58977240e-01 1.41830417e-01 1.38763501e-01
  9.58807722e-02 8.41324475e-02 6.17888460e-02 5.60946194e-02
  4.37254503e-02 3.67550431e-02]
 [1.92797724e-01 1.90341682e-01 1.83223757e-01 1.72662925e-01
  8.51317797e-02 7.68808456e-02 4.08633186e-02 3.05699734e-02
  2.13048455e-02 6.22314907e-03]
 [2.35902639e-01 2.24101517e-01 1.46115226e-01 1.30024216e-01
  8.03424143e-02 8.02519342e-02 6.74091505e-02 1.82769731e-02
  1.75165700e-02 5.93592861e-05]]"
105,"[[0.16017481 0.15918397 0.14842962 0.14373627 0.12751944 0.09084727
  0.08332529 0.05666785 0.0208956  0.00921988]
 [0.17869387 0.1722429  0.15658846 0.12048239 0.10721316 0.11183343
  0.06958536 0.03692523 0.02953293 0.01690228]
 [0.17312329 0.16166069 0.16070655 0.15127944 0.09288648 0.07714683
  0.07521167 0.03850073 0.03734591 0.0321384 ]
 [0.20889918 0.19460683 0.15826929 0.14078699 0.11964833 0.05575889
  0.05565165 0.03983151 0.01839225 0.00815508]
 [0.35745471 0.17135571 0.17055494 0.10534751 0.07019508 0.0593415
  0.04001058 0.01166926 0.00856223 0.00550848]
 [0.17817855 0.17356994 0.14015628 0.12333131 0.11137751 0.10263382
  0.06850014 0.05997882 0.03575513 0.0065185 ]
 [0.16751005 0.16115469 0.16005527 0.1320918  0.10762544 0.0995647
  0.05620667 0.04967292 0.0436953  0.02242316]
 [0.20946884 0.1962354  0.15400249 0.09514414 0.07320793 0.06297607
  0.05879427 0.05533353 0.05345984 0.04137749]
 [0.17276824 0.14716381 0.13759623 0.12123105 0.11071856 0.10207404
  0.08864182 0.06296408 0.03901471 0.01782744]
 [0.16432395 0.16088877 0.1450146  0.12069821 0.11559386 0.08533233
  0.07761803 0.05016075 0.05003116 0.03033834]]"
106,"[[0.24911105 0.13595397 0.1121574  0.1018858  0.09828236 0.09167361
  0.08118905 0.05051681 0.03967657 0.03955337]
 [0.13579548 0.13242136 0.131023   0.11219148 0.10285757 0.0994243
  0.09768386 0.0776309  0.06035176 0.0506203 ]
 [0.13012671 0.11444004 0.11214627 0.10403219 0.10020516 0.09907413
  0.09358229 0.09347465 0.09302649 0.05989208]
 [0.19931612 0.16521853 0.13914736 0.12469393 0.12420125 0.11484203
  0.07201153 0.03170931 0.02271649 0.00614343]
 [0.19808389 0.15618784 0.14219749 0.13740283 0.10295399 0.09781275
  0.0584454  0.04586406 0.04008388 0.02096786]
 [0.18249063 0.17756909 0.15270382 0.13477302 0.11352282 0.10895844
  0.06038483 0.04651445 0.01677205 0.00631084]
 [0.15234287 0.15228213 0.12893119 0.11594129 0.10209274 0.09361009
  0.09003903 0.08023405 0.07577384 0.00875277]
 [0.16580878 0.15536002 0.14616015 0.11317268 0.11075392 0.11014835
  0.09071174 0.05070717 0.04778228 0.00939491]
 [0.15269024 0.14707906 0.13494962 0.1346944  0.13188793 0.11373757
  0.08377552 0.04835679 0.03619344 0.01663544]
 [0.16290073 0.15370694 0.14872352 0.13051397 0.11391048 0.07580395
  0.07118734 0.06791398 0.06057048 0.01476861]]"
107,"[[0.13370372 0.13237722 0.12494034 0.10982441 0.10822104 0.10410413
  0.09807063 0.09395157 0.07567654 0.01913039]
 [0.18020197 0.14894774 0.12636751 0.12335519 0.1053331  0.09894686
  0.09646322 0.05085058 0.0407186  0.02881525]
 [0.18668536 0.15896904 0.13057042 0.10670058 0.10255092 0.10094469
  0.07268444 0.06823057 0.03647419 0.03618981]
 [0.21405382 0.17254269 0.16117668 0.11846616 0.09813252 0.07650258
  0.05704345 0.04511746 0.0145015  0.04246314]
 [0.20205436 0.16918756 0.15480971 0.14711951 0.13209573 0.06749974
  0.04573187 0.04329084 0.02245477 0.0157559 ]
 [0.18663967 0.14970682 0.13457955 0.13162643 0.11502805 0.10629583
  0.09626432 0.02852491 0.02785366 0.02348075]
 [0.21645793 0.1577129  0.11945211 0.11758446 0.10698183 0.07643309
  0.07463172 0.06627568 0.06277541 0.00169486]
 [0.18403381 0.18337983 0.15659051 0.14658995 0.10620362 0.08539958
  0.04827133 0.04677524 0.03026334 0.01249279]
 [0.18852432 0.14618013 0.13982795 0.12616231 0.09719369 0.0935158
  0.07686003 0.06228917 0.04141313 0.02803347]
 [0.29930067 0.25007245 0.17304132 0.07699847 0.06329479 0.04277611
  0.04226891 0.04018249 0.00682177 0.00524304]]"
108,"[[0.21689434 0.20271773 0.12570088 0.12554923 0.11425548 0.08664898
  0.0518694  0.0382748  0.02032211 0.01776704]
 [0.20912341 0.15147768 0.14363442 0.13221965 0.09208075 0.08138756
  0.07380802 0.05702718 0.04309964 0.01614169]
 [0.21515095 0.15906836 0.14718836 0.10864734 0.13106924 0.07871286
  0.07301658 0.05080596 0.03575586 0.0005845 ]
 [0.20379674 0.14469245 0.13788476 0.10860109 0.09660873 0.09058636
  0.08794804 0.06472476 0.04863692 0.01652015]
 [0.15753391 0.14372084 0.11553649 0.10989451 0.09906172 0.09487009
  0.09267734 0.09158347 0.07478567 0.02033596]
 [0.21009398 0.18979261 0.1330895  0.13302515 0.12163086 0.10058984
  0.04515026 0.03930555 0.0194413  0.00788094]
 [0.1911083  0.15454274 0.14586337 0.13745849 0.13472297 0.10818327
  0.07405665 0.02831947 0.0234098  0.00233496]
 [0.17197412 0.14289839 0.13309842 0.13262184 0.09055059 0.08873659
  0.08033361 0.07200565 0.06579216 0.02198864]
 [0.16492717 0.15516377 0.14012042 0.13604179 0.12187215 0.10803694
  0.06207588 0.05339801 0.03456549 0.02379838]
 [0.20798658 0.15907067 0.15001749 0.14480572 0.13932958 0.09738069
  0.06052075 0.01180527 0.02270477 0.00637849]]"
109,"[[0.29263529 0.20359455 0.11754457 0.11204614 0.06001112 0.0543895
  0.05032792 0.04594892 0.03183842 0.03166358]
 [0.13406623 0.12080162 0.11659132 0.11168958 0.11389145 0.11011548
  0.09981181 0.08038184 0.06560262 0.04704806]
 [0.17723937 0.13775536 0.1156341  0.10943528 0.10762559 0.10673173
  0.07516942 0.06245772 0.05952904 0.04842239]
 [0.17225407 0.1718018  0.15476214 0.15013191 0.12219999 0.09014647
  0.06291929 0.05417099 0.01874648 0.00286686]
 [0.2086157  0.19389806 0.14039113 0.09576198 0.09013134 0.08511288
  0.08401727 0.07972458 0.02122633 0.00112074]
