,0
1,"[[0.20544534 0.42717003 0.24122119 0.07711334 0.04905011]
 [0.22148734 0.1187225  0.16465877 0.31117115 0.18396024]
 [0.15581756 0.13188342 0.17112871 0.22407254 0.31709777]
 [0.32523541 0.26031972 0.19763846 0.03311074 0.18369567]
 [0.30579508 0.16398633 0.06320081 0.17575764 0.29126014]]"
2,"[[0.29696232 0.09196279 0.09893346 0.13964183 0.3724996 ]
 [0.25176819 0.17765616 0.18489974 0.16307139 0.22260452]
 [0.16385687 0.30254355 0.15276422 0.34532041 0.03551495]
 [0.26809761 0.06451009 0.41086231 0.02982081 0.22670918]
 [0.3652148  0.07958319 0.25277448 0.29991539 0.00251215]]"
3,"[[0.23602113 0.26933916 0.06824534 0.17897045 0.24742392]
 [0.21998869 0.17041278 0.16725371 0.27937777 0.16296706]
 [0.39370191 0.36837067 0.15123801 0.04597548 0.04071393]
 [0.13103884 0.14293545 0.39958416 0.0959496  0.23049196]
 [0.25593975 0.03795076 0.31865606 0.24286245 0.14459097]]"
4,"[[0.29568315 0.21701424 0.21083542 0.01784107 0.25862612]
 [0.09773843 0.27488522 0.10346821 0.26270097 0.26120717]
 [0.27009519 0.23791296 0.12480993 0.20018563 0.16699628]
 [0.15510612 0.40477024 0.01460201 0.34342943 0.08209221]
 [0.63458614 0.1430219  0.20663669 0.01405408 0.0017012 ]]"
5,"[[0.3314154  0.26535622 0.31861073 0.04357589 0.04104175]
 [0.07991181 0.32992173 0.0462836  0.13466744 0.40921542]
 [0.23838688 0.29087302 0.34651372 0.08762167 0.03660471]
 [0.25978703 0.1994414  0.21205563 0.12167738 0.20703856]
 [0.23599722 0.0843467  0.31720214 0.2855835  0.07687044]]"
6,"[[0.07619301 0.17049471 0.13782594 0.28119093 0.33429541]
 [0.23776144 0.23170732 0.20565096 0.10660454 0.21827574]
 [0.39409332 0.40326613 0.16747102 0.02855542 0.00661412]
 [0.2729161  0.10732228 0.32117577 0.12998234 0.16860351]
 [0.19379306 0.08393358 0.38085315 0.26150443 0.07991578]]"
7,"[[0.2342935  0.15732297 0.23890095 0.22823054 0.14125205]
 [0.00167341 0.45985228 0.08756253 0.40146124 0.04945055]
 [0.04092149 0.39622709 0.20737981 0.20502541 0.1504462 ]
 [0.31407237 0.16502883 0.21172131 0.06934435 0.23983314]
 [0.51383309 0.04449538 0.28358185 0.01868591 0.13940377]]"
8,"[[0.27794507 0.20644599 0.14941516 0.17749935 0.18869442]
 [0.3177935  0.23749963 0.05419932 0.21202976 0.1784778 ]
 [0.21935026 0.17078293 0.17934843 0.36202369 0.06849469]
 [0.19221189 0.0219731  0.11650247 0.35766443 0.3116481 ]
 [0.30768938 0.2633737  0.09336791 0.17666205 0.15890696]]"
9,"[[0.28264098 0.21512239 0.19917561 0.22911487 0.07394616]
 [0.27315279 0.24336288 0.20792236 0.12585493 0.14970703]
 [0.28537139 0.33015783 0.01674959 0.05005392 0.31766727]
 [0.00643674 0.34312816 0.23658356 0.10622071 0.30763083]
 [0.07650905 0.28140747 0.18809134 0.14218248 0.31180967]]"
10,"[[0.34805789 0.13499914 0.25637789 0.13573172 0.12483336]
 [0.42105188 0.02702142 0.35444751 0.06308417 0.13439502]
 [0.15352653 0.40499653 0.19982863 0.14709381 0.09455451]
 [0.45902185 0.10422573 0.13515246 0.15614941 0.14545055]
 [0.25517206 0.28482999 0.04659502 0.29999136 0.11341157]]"
11,"[[0.27562347 0.24987863 0.22079877 0.09402614 0.15967298]
 [0.30666759 0.2551157  0.09208115 0.21171298 0.13442258]
 [0.2902038  0.23736543 0.1083513  0.23486512 0.12921435]
 [0.34285171 0.18818671 0.10137046 0.33288579 0.03470534]
 [0.2542642  0.13504791 0.05781896 0.2529993  0.29986964]]"
12,"[[0.18232206 0.39081044 0.11065187 0.07213617 0.24407945]
 [0.23871225 0.24104103 0.08508635 0.30767366 0.1274867 ]
 [0.29081697 0.31042856 0.02584529 0.24416864 0.12874055]
 [0.07408463 0.29980548 0.28746591 0.27109809 0.06754589]
 [0.25127589 0.22699152 0.19462707 0.30151944 0.02558607]]"
13,"[[0.28525844 0.20951008 0.17044639 0.2018291  0.13295599]
 [0.28888259 0.10992455 0.29309796 0.24937496 0.05871995]
 [0.06187085 0.19655222 0.26591258 0.19231865 0.2833457 ]
 [0.37277493 0.13130508 0.26803113 0.108211   0.11967785]
 [0.20843489 0.25015255 0.26466798 0.18492426 0.09182033]]"
14,"[[0.19726559 0.41327299 0.00300656 0.30996539 0.07648947]
 [0.26392362 0.21305287 0.16102233 0.09682455 0.26517663]
 [0.23852448 0.2232878  0.17356001 0.08534858 0.27927914]
 [0.34850894 0.33190343 0.09302854 0.13741006 0.08914903]
 [0.28303029 0.20543755 0.03222424 0.33439249 0.14491543]]"
15,"[[0.41017273 0.26705921 0.14442826 0.04867077 0.12966903]
 [0.39327589 0.12566726 0.18246514 0.26174983 0.03684188]
 [0.20941751 0.46165311 0.22975675 0.04538893 0.0537837 ]
 [0.06146784 0.0953506  0.18012881 0.26423105 0.3988217 ]
 [0.2613378  0.28689365 0.08938577 0.23069906 0.13168372]]"
16,"[[0.3450954  0.2635916  0.12607555 0.1725138  0.09272365]
 [0.24505543 0.17664574 0.26082966 0.09427299 0.22319617]
 [0.30440231 0.21335824 0.08930593 0.34833946 0.04459406]
 [0.18535983 0.22879492 0.02507389 0.22373242 0.33703894]
 [0.27306606 0.35542961 0.29911644 0.03402303 0.03836485]]"
17,"[[0.16055764 0.31244899 0.22174657 0.10880789 0.19643891]
 [0.21249902 0.32260374 0.03837126 0.27781498 0.14871099]
 [0.01950312 0.3629243  0.02014706 0.39989506 0.19753046]
 [0.0466918  0.30976645 0.26047255 0.24432067 0.13874853]
 [0.34854883 0.09524475 0.00709281 0.28488935 0.26422426]]"
18,"[[1.04754082e-01 5.51900779e-02 2.79126415e-01 2.72949429e-01
  2.87979996e-01]
 [1.63092260e-01 3.89674080e-01 2.82874452e-01 2.98134876e-02
  1.34545721e-01]
 [4.14097352e-01 2.38531821e-04 2.08513099e-01 1.01441717e-01
  2.75709300e-01]
 [2.28415019e-01 2.23301621e-01 2.23172501e-01 1.93005335e-01
  1.32105523e-01]
 [2.14325030e-01 1.30213494e-01 3.21357859e-01 1.12664641e-01
  2.21438976e-01]]"
19,"[[0.39062859 0.002602   0.10925725 0.10484393 0.39266824]
 [0.19548553 0.24700825 0.0443012  0.10948871 0.40371632]
 [0.24105979 0.17107351 0.30405947 0.15325575 0.13055147]
 [0.4397998  0.04196056 0.36370385 0.06794791 0.08658789]
 [0.30686145 0.05598773 0.15016603 0.32848883 0.15849595]]"
20,"[[0.29532208 0.14452715 0.35396311 0.13374326 0.07244441]
 [0.18673037 0.1503195  0.26849051 0.2056499  0.18880972]
 [0.5542776  0.05983647 0.20957004 0.14616848 0.0301474 ]
 [0.2944184  0.38345225 0.07879105 0.19142817 0.05191013]
 [0.17418567 0.18906299 0.03074888 0.35148978 0.25451268]]"
21,"[[0.26742825 0.29451544 0.11500895 0.2048009  0.11824646]
 [0.19390777 0.04975264 0.31691291 0.28792744 0.15149924]
 [0.37280069 0.1847761  0.0208121  0.32198577 0.09962534]
 [0.3475086  0.00190444 0.25512841 0.32904109 0.06641746]
 [0.19299242 0.18386794 0.2121034  0.21476142 0.19627482]]"
22,"[[0.28450048 0.25476327 0.25007182 0.20476271 0.00590172]
 [0.35098799 0.21929    0.19394307 0.02556451 0.21021444]
 [0.12509053 0.2181453  0.15410526 0.28791535 0.21474356]
 [0.27725457 0.31002279 0.04808474 0.18208623 0.18255168]
 [0.09295906 0.20665967 0.33726557 0.33721823 0.02589747]]"
23,"[[0.04215653 0.14601179 0.29786098 0.26463572 0.24933499]
 [0.21975052 0.31046007 0.08331812 0.09731971 0.28915159]
 [0.16830975 0.43484362 0.24174127 0.0762616  0.07884376]
 [0.2465529  0.19069477 0.19619681 0.15872012 0.20783539]
 [0.14645501 0.33102686 0.36265295 0.1062757  0.05358949]]"
24,"[[0.35317283 0.0197172  0.40339739 0.18746089 0.03625169]
 [0.28374222 0.26166934 0.13682376 0.02207672 0.29568795]
 [0.36941748 0.08057878 0.13742948 0.22065299 0.19192129]
 [0.32508947 0.2070246  0.12773753 0.20566947 0.13447894]
 [0.17900147 0.2409022  0.14656914 0.32440689 0.1091203 ]]"
25,"[[0.06659279 0.2972903  0.16171105 0.33150988 0.14289598]
 [0.27197076 0.25362785 0.12821271 0.00670873 0.33947995]
 [0.34024953 0.0112397  0.3347989  0.28893496 0.0247769 ]
 [0.20550656 0.23766924 0.22740644 0.23976452 0.08965323]
 [0.33616736 0.07324998 0.24481208 0.10673444 0.23903614]]"
26,"[[0.10620829 0.34002781 0.27551994 0.21851662 0.05972734]
 [0.45504608 0.14840899 0.10784614 0.15355256 0.13514622]
 [0.10354453 0.30725519 0.30509797 0.04372706 0.24037525]
 [0.028649   0.07598632 0.29526539 0.37419926 0.22590003]
 [0.07826255 0.39460197 0.22843605 0.19629996 0.10239946]]"
27,"[[0.12328049 0.18379912 0.08651216 0.57856431 0.02784391]
 [0.02050282 0.48770146 0.33986265 0.06552738 0.0864057 ]
 [0.32737996 0.40423697 0.22478482 0.03328853 0.01030972]
 [0.09595366 0.1791694  0.09084251 0.23267765 0.40135678]
 [0.25811092 0.12544802 0.06687943 0.15765891 0.39190273]]"
28,"[[0.26658415 0.31875407 0.18192149 0.15260696 0.08013333]
 [0.31662087 0.22195123 0.12782321 0.17094646 0.16265823]
 [0.29880526 0.20295473 0.17333439 0.03879803 0.28610759]
 [0.08538988 0.27734642 0.28319175 0.17442932 0.17964263]
 [0.34632023 0.38091717 0.13302838 0.11217484 0.02755937]]"
29,"[[0.31489557 0.52646312 0.09131301 0.01876071 0.04856759]
 [0.24155131 0.17476782 0.2032722  0.15414951 0.22625916]
 [0.20964611 0.21988749 0.10311599 0.24692875 0.22042166]
 [0.25250189 0.25314491 0.43116147 0.04829164 0.01490009]
 [0.13357806 0.18128833 0.26810983 0.23153254 0.18549123]]"
30,"[[0.17652818 0.16005517 0.24700113 0.14932074 0.26709479]
 [0.36181313 0.19229223 0.10311075 0.10710984 0.23567406]
 [0.38122375 0.06024305 0.22411746 0.00112936 0.33328639]
 [0.37250449 0.21296183 0.11182801 0.20518671 0.09751896]
 [0.23715106 0.34241785 0.04747597 0.22747765 0.14547747]]"
31,"[[0.03040232 0.31122369 0.26693626 0.15589708 0.23554066]
 [0.23562414 0.1405916  0.26765476 0.33087284 0.02525666]
 [0.40731549 0.20066672 0.26656673 0.04999278 0.07545827]
 [0.25803025 0.40899333 0.15658747 0.16238628 0.01400268]
 [0.18858698 0.16629125 0.26107822 0.27343512 0.11060844]]"
32,"[[0.27721424 0.23268663 0.07809871 0.25633246 0.15566797]
 [0.05584862 0.00557557 0.30908658 0.35314001 0.27634922]
 [0.75254844 0.12510425 0.02926078 0.05047084 0.04261569]
 [0.12672041 0.35898902 0.20068682 0.10686433 0.20673941]
 [0.18642579 0.32967494 0.13185974 0.23224753 0.11979199]]"
33,"[[0.27087149 0.27068864 0.24213395 0.19306375 0.02324217]
 [0.19624339 0.22555451 0.11310951 0.21921662 0.24587596]
 [0.22400244 0.12909571 0.3339914  0.0788466  0.23406385]
 [0.35227634 0.13372922 0.00971324 0.18867245 0.31560875]
 [0.19566266 0.17900056 0.28448428 0.04775359 0.29309892]]"
34,"[[0.30333071 0.1851949  0.14847355 0.21455194 0.1484489 ]
 [0.58273678 0.02639085 0.02599388 0.27364762 0.09123087]
 [0.17310595 0.09426921 0.20484115 0.27917828 0.2486054 ]
 [0.29743134 0.27692712 0.0801471  0.26782473 0.07766972]
 [0.2901102  0.28870527 0.15303649 0.2667807  0.00136735]]"
35,"[[0.25660848 0.20152202 0.27579428 0.18083105 0.08524416]
 [0.25295822 0.14624104 0.21730362 0.27783085 0.10566628]
 [0.07085918 0.51865941 0.09024152 0.06857257 0.25166731]
 [0.27037129 0.34694207 0.0879685  0.09320504 0.20151311]
 [0.23798137 0.2804693  0.12358485 0.17178502 0.18617946]]"
36,"[[0.02898604 0.30519603 0.29875409 0.23457794 0.1324859 ]
 [0.11042256 0.21757753 0.37372446 0.14650557 0.15176987]
 [0.18146186 0.52371814 0.176111   0.09372496 0.02498404]
 [0.22693991 0.18429853 0.25080529 0.12366324 0.21429303]
 [0.16116889 0.24712764 0.25996168 0.13855694 0.19318484]]"
37,"[[0.33912529 0.12088353 0.00683935 0.21576195 0.31738987]
 [0.22481737 0.22297089 0.16708281 0.15138629 0.23374264]
 [0.35518201 0.00577241 0.20783625 0.28340045 0.14780887]
 [0.07505651 0.46418207 0.07526438 0.2205694  0.16492764]
 [0.15363578 0.55671623 0.06400961 0.08017087 0.14546752]]"
38,"[[0.20085366 0.1849808  0.30734128 0.24114205 0.06568221]
 [0.27862557 0.14995378 0.18634583 0.21388152 0.1711933 ]
 [0.2152424  0.26882881 0.12424868 0.2753664  0.11631372]
 [0.34470657 0.33741978 0.05698061 0.17930444 0.0815886 ]
 [0.08699667 0.14608388 0.30193439 0.09124063 0.37374444]]"
39,"[[0.23480721 0.28530053 0.0539125  0.3166104  0.10936935]
 [0.22507035 0.169527   0.25409355 0.18730357 0.16400553]
 [0.05743121 0.31992122 0.1225126  0.31540439 0.18473058]
 [0.22941998 0.28979066 0.10761063 0.10898114 0.26419759]
 [0.02856532 0.40866927 0.15755833 0.40026969 0.00493739]]"
40,"[[0.21625293 0.04922204 0.35005889 0.34891575 0.0355504 ]
 [0.27758743 0.25914438 0.0123375  0.22725881 0.22367188]
 [0.07525167 0.31507505 0.02300879 0.2748824  0.31178209]
 [0.2205625  0.11463327 0.28591049 0.20682362 0.17207013]
 [0.15501532 0.45654478 0.24834707 0.11185234 0.02824049]]"
41,"[[0.36810273 0.18003207 0.27244273 0.08040756 0.09901491]
 [0.2777295  0.2358474  0.14957103 0.12661564 0.21023643]
 [0.19620909 0.07596967 0.28088422 0.25981955 0.18711748]
 [0.23270116 0.26062529 0.15573891 0.0896677  0.26126694]
 [0.1919252  0.08343299 0.2397966  0.04114686 0.44369835]]"
42,"[[0.21818652 0.04842374 0.28253669 0.05335142 0.39750163]
 [0.17113409 0.34777955 0.13572911 0.0104795  0.33487776]
 [0.20410934 0.14734027 0.21716915 0.20223509 0.22914615]
 [0.09733964 0.32195065 0.21777513 0.30467344 0.05826114]
 [0.23631958 0.34184557 0.04529173 0.01197514 0.36456798]]"
43,"[[0.24045111 0.37852374 0.09393659 0.15016266 0.1369259 ]
 [0.28613969 0.1990917  0.11038983 0.26745054 0.13692825]
 [0.2872027  0.26017994 0.24978716 0.13694113 0.06588908]
 [0.31753062 0.26555955 0.29388938 0.09872911 0.02429133]
 [0.15377254 0.23848494 0.06156941 0.28071392 0.2654592 ]]"
44,"[[0.16215463 0.34775505 0.20451016 0.20804348 0.07753669]
 [0.61682323 0.19277534 0.00130286 0.1717627  0.01733587]
 [0.23593739 0.25223956 0.07784061 0.20701153 0.22697092]
 [0.31915052 0.12006209 0.08251738 0.25070861 0.2275614 ]
 [0.19879464 0.21495831 0.26025564 0.04677077 0.27922064]]"
45,"[[0.26011291 0.14873916 0.23999952 0.30247036 0.04867805]
 [0.41779398 0.3909594  0.01266765 0.10312752 0.07545146]
 [0.24814779 0.26164477 0.2111188  0.11114029 0.16794835]
 [0.17455802 0.12142366 0.32592037 0.34089775 0.0372002 ]
 [0.12274619 0.23325896 0.00438807 0.33307273 0.30653405]]"
46,"[[0.10599882 0.39125238 0.21619525 0.06694493 0.21960862]
 [0.20937112 0.18273877 0.27650597 0.3039817  0.02740244]
 [0.11138606 0.29590159 0.24181052 0.06441927 0.28648256]
 [0.26872611 0.24866449 0.27129217 0.14743075 0.06388648]
 [0.28619347 0.09235544 0.2300872  0.11725904 0.27410484]]"
47,"[[0.27891497 0.15915885 0.11643544 0.15499096 0.29049978]
 [0.18371686 0.30350119 0.29706819 0.03197253 0.18374124]
 [0.229633   0.28492034 0.1281439  0.2489003  0.10840246]
 [0.2972793  0.0751714  0.03221485 0.30032818 0.29500628]
 [0.29258746 0.26724545 0.30802378 0.09409686 0.03804645]]"
48,"[[0.27384847 0.33774651 0.07617559 0.29460725 0.01762217]
 [0.10906316 0.19706411 0.0748079  0.33002266 0.28904217]
 [0.3438375  0.34402634 0.2565276  0.04052883 0.01507973]
 [0.22397871 0.20705644 0.25105498 0.12931419 0.18859568]
 [0.29068549 0.15727443 0.29543182 0.21908674 0.03752152]]"
49,"[[0.28322904 0.29682246 0.30035988 0.06977536 0.04981327]
 [0.28396519 0.05725228 0.19726166 0.31242539 0.14909549]
 [0.13895962 0.29451045 0.22019494 0.14322868 0.20310631]
 [0.33271334 0.24677614 0.31227709 0.06869933 0.0395341 ]
 [0.32854058 0.10446284 0.18942741 0.06009067 0.31747849]]"
50,"[[0.36662862 0.1260772  0.29925759 0.10305334 0.10498325]
 [0.32997952 0.11353761 0.41839563 0.03609371 0.10199353]
 [0.34332564 0.2567756  0.10130313 0.02173285 0.27686276]
 [0.2625123  0.21586942 0.18715869 0.00592995 0.32852963]
 [0.08687017 0.3301857  0.09033087 0.29812506 0.1944882 ]]"
51,"[[0.20573755 0.04842602 0.3284285  0.04823501 0.36917292]
 [0.23884716 0.25108642 0.23032934 0.18153923 0.09819784]
 [0.14686337 0.4404277  0.01831515 0.24159733 0.15279645]
 [0.22819939 0.075073   0.06951389 0.28316877 0.34404494]
 [0.12790416 0.35804332 0.12384574 0.09925237 0.29095441]]"
52,"[[0.31171918 0.25578821 0.17288918 0.15524493 0.10435851]
 [0.44019755 0.1398553  0.11761304 0.16499741 0.1373367 ]
 [0.07172421 0.21718937 0.03644638 0.3179933  0.35664674]
 [0.24620759 0.27103797 0.09868819 0.28930745 0.09475879]
 [0.2581383  0.29891999 0.03766206 0.20181513 0.20346452]]"
53,"[[0.36519932 0.13108878 0.10372324 0.38665333 0.01333533]
 [0.34391205 0.0116961  0.16791658 0.22881334 0.24766194]
 [0.43683917 0.11583458 0.2140292  0.0195724  0.21372465]
 [0.03212366 0.19205158 0.0780005  0.5893348  0.10848945]
 [0.22975275 0.05185097 0.28591338 0.16784375 0.26463915]]"
54,"[[0.06747706 0.32268391 0.30094578 0.23036529 0.07852797]
 [0.21157356 0.21806664 0.10957816 0.13399107 0.32679058]
 [0.40522577 0.28490191 0.03602215 0.09081316 0.18303701]
 [0.37079832 0.29525293 0.20929398 0.0601619  0.06449288]
 [0.29112191 0.23487017 0.29304443 0.11665834 0.06430515]]"
55,"[[0.25895511 0.37029769 0.18998223 0.16240869 0.01835629]
 [0.04114204 0.12855543 0.27035072 0.19650132 0.3634505 ]
 [0.2353378  0.08173338 0.37783357 0.30442193 0.00067332]
 [0.25376296 0.21606604 0.44335075 0.07582457 0.01099567]
 [0.2440794  0.08864454 0.37488707 0.1911242  0.10126477]]"
56,"[[0.10390751 0.00504667 0.35665165 0.32220934 0.21218483]
 [0.3383872  0.20765047 0.23988535 0.02652033 0.18755665]
 [0.10858644 0.25525653 0.24293295 0.23881386 0.15441021]
 [0.34483881 0.25819391 0.35118742 0.02565603 0.02012383]
 [0.20871607 0.36612821 0.11616921 0.24036694 0.06861957]]"
57,"[[0.45001809 0.0389572  0.18809799 0.14250689 0.18041984]
 [0.5002076  0.15934491 0.15606821 0.15085257 0.03352671]
 [0.09211807 0.20712594 0.14492308 0.09572374 0.46010917]
 [0.19414765 0.23693676 0.19650026 0.19260151 0.17981382]
 [0.20741591 0.3008807  0.26384444 0.06073793 0.16712102]]"
58,"[[0.06652022 0.18293189 0.22444429 0.46551179 0.0605918 ]
 [0.29139503 0.28777806 0.23234338 0.12814507 0.06033847]
 [0.21464107 0.37751102 0.32078288 0.03752552 0.04953951]
 [0.15978361 0.20510406 0.24988609 0.15720392 0.22802231]
 [0.27351372 0.08324656 0.22503838 0.00118638 0.41701497]]"
59,"[[0.3279711  0.12539368 0.00268534 0.20176526 0.34218461]
 [0.04198691 0.38354035 0.08888028 0.24835743 0.23723503]
 [0.2315217  0.21512565 0.2242069  0.21825313 0.11089262]
 [0.04804891 0.30990762 0.18076405 0.43799799 0.02328144]
 [0.26168151 0.29430742 0.1953125  0.2259532  0.02274537]]"
60,"[[0.26802883 0.03291772 0.23364543 0.24908654 0.21632149]
 [0.23499555 0.20425831 0.26995783 0.12713004 0.16365827]
 [0.16327828 0.20478623 0.23485882 0.18517544 0.21190123]
 [0.27650205 0.23101002 0.13907379 0.10767659 0.24573754]
 [0.24859598 0.27709821 0.0854245  0.26966391 0.1192174 ]]"
61,"[[0.13330799 0.27428183 0.17591361 0.16361474 0.25288184]
 [0.19294098 0.24702853 0.09999244 0.02109573 0.43894232]
 [0.56419011 0.05180449 0.16741468 0.0925417  0.12404902]
 [0.24570858 0.23058736 0.21017475 0.29018172 0.02334759]
 [0.28498787 0.18774474 0.26866246 0.07712743 0.1814775 ]]"
62,"[[0.31990267 0.04029214 0.07319881 0.03918197 0.52742441]
 [0.36753013 0.00174942 0.04739146 0.13435312 0.44897586]
 [0.0103588  0.37850178 0.06999254 0.31494955 0.22619733]
 [0.15565093 0.26688922 0.14476396 0.24387722 0.18881868]
 [0.2441142  0.2879168  0.15723026 0.29003567 0.02070308]]"
63,"[[0.10180851 0.31929617 0.33328814 0.2217578  0.02384939]
 [0.48678788 0.05923691 0.01313975 0.02445601 0.41637945]
 [0.29450558 0.26485749 0.07421422 0.23071478 0.13570792]
 [0.16408467 0.19983543 0.12319963 0.17423537 0.3386449 ]
 [0.24884687 0.1976133  0.3334924  0.18592791 0.03411952]]"
64,"[[0.26237715 0.23159157 0.16000549 0.00886655 0.33715924]
 [0.25189726 0.06172715 0.21343032 0.26445766 0.20848762]
 [0.17064426 0.23577257 0.18646631 0.23173663 0.17538022]
 [0.15261087 0.47822409 0.09923392 0.02663733 0.24329379]
 [0.25725996 0.15863964 0.10123632 0.4388135  0.04405059]]"
65,"[[0.30057273 0.23196147 0.24127385 0.02261904 0.20357292]
 [0.08318085 0.17435876 0.29334839 0.24310838 0.20600362]
 [0.11088509 0.37056215 0.24898432 0.10791527 0.16165318]
 [0.27556833 0.10052871 0.1456746  0.34578318 0.13244518]
 [0.17400604 0.23841839 0.24623656 0.24548825 0.09585076]]"
66,"[[0.27145579 0.19868574 0.05184636 0.21867046 0.25934165]
 [0.21405864 0.22381739 0.27070033 0.21967057 0.07175307]
 [0.30643807 0.35380261 0.29818549 0.02277925 0.01879458]
 [0.44579815 0.45733302 0.06879129 0.00914939 0.01892816]
 [0.27712069 0.3160282  0.20390816 0.0386418  0.16430115]]"
67,"[[0.14494608 0.23069292 0.1871583  0.10141054 0.33579216]
 [0.01405049 0.2857587  0.31771822 0.21808766 0.16438494]
 [0.22001954 0.16471019 0.01595031 0.25437955 0.34494041]
 [0.0125247  0.15940818 0.3271979  0.41008149 0.09078773]
 [0.28926192 0.14147571 0.09347233 0.18487609 0.29091395]]"
68,"[[0.30133363 0.27209176 0.0808639  0.15899226 0.18671845]
 [0.18805786 0.15511297 0.29850643 0.06261766 0.29570508]
 [0.32150757 0.38659005 0.18163863 0.07173239 0.03853136]
 [0.3086657  0.19464197 0.03011056 0.14689751 0.31968426]
 [0.12785873 0.09488871 0.31334126 0.31461583 0.14929546]]"
69,"[[0.20079921 0.12121116 0.18572833 0.29007688 0.20218443]
 [0.08768399 0.42523586 0.03601375 0.25387251 0.19719389]
 [0.32547631 0.14749815 0.27063391 0.13797012 0.1184215 ]
 [0.26515788 0.26137651 0.16582032 0.2376913  0.069954  ]
 [0.12451241 0.22874918 0.3572542  0.26969982 0.01978439]]"
70,"[[0.23293237 0.24124487 0.35616656 0.14650357 0.02315263]
 [0.29897198 0.10124601 0.32655943 0.22036292 0.05285966]
 [0.13692489 0.39948026 0.07560754 0.31200477 0.07598254]
 [0.26520763 0.1339162  0.2110671  0.19701566 0.19279342]
 [0.23916429 0.32618484 0.35717055 0.06649751 0.01098281]]"
71,"[[0.2568091  0.20050311 0.3677345  0.15295532 0.02199798]
 [0.26998321 0.30714139 0.1850526  0.15668809 0.08113471]
 [0.28024908 0.36982904 0.04607405 0.05872441 0.24512342]
 [0.18607359 0.22717321 0.14432984 0.27875965 0.1636637 ]
 [0.30558774 0.00112309 0.05633283 0.36539389 0.27156245]]"
72,"[[0.01689537 0.29365434 0.18358585 0.22092613 0.28493831]
 [0.33471677 0.22198967 0.14305602 0.14717962 0.15305792]
 [0.27511131 0.17520815 0.30638879 0.22911293 0.01417882]
 [0.2581933  0.09623969 0.29960933 0.29919312 0.04676457]
 [0.3334594  0.24042558 0.21148774 0.06250732 0.15211996]]"
73,"[[0.21511559 0.23650258 0.31950028 0.15015901 0.07872255]
 [0.08550841 0.17482612 0.36657738 0.29671385 0.07637425]
 [0.27955851 0.12053227 0.05322791 0.41835696 0.12832434]
 [0.27267647 0.22024439 0.30322593 0.01950922 0.18434399]
 [0.29825973 0.07915105 0.14105312 0.39370125 0.08783485]]"
74,"[[0.22991366 0.23455838 0.2219318  0.18959112 0.12400504]
 [0.380559   0.45140846 0.05981331 0.08160796 0.02661127]
 [0.12727927 0.30751574 0.08005835 0.31868665 0.16645999]
 [0.22859006 0.16906097 0.23123232 0.2203227  0.15079395]
 [0.28168613 0.18377763 0.13815807 0.19634332 0.20003486]]"
75,"[[0.28432817 0.09443636 0.21978469 0.27668303 0.12476774]
 [0.3466118  0.03317452 0.42331474 0.00149014 0.19540881]
 [0.0446151  0.25340286 0.01247609 0.42790378 0.26160217]
 [0.1637316  0.28248075 0.21933409 0.14567868 0.18877488]
 [0.26716143 0.26805209 0.03531064 0.17175086 0.25772498]]"
76,"[[0.27418505 0.07982773 0.193264   0.33471611 0.11800711]
 [0.25125332 0.33468153 0.24335769 0.08609989 0.08460757]
 [0.17907382 0.19956831 0.26976694 0.18806547 0.16352546]
 [0.08442743 0.19515715 0.31635197 0.21269406 0.19136939]
 [0.18372508 0.38349154 0.01035358 0.20350862 0.21892119]]"
77,"[[0.11850845 0.16746448 0.26606638 0.17641167 0.27154903]
 [0.03901204 0.39612545 0.04063619 0.212098   0.31212832]
 [0.28670186 0.18667826 0.24905262 0.04645668 0.23111058]
 [0.32223335 0.12645115 0.41113522 0.03968645 0.10049383]
 [0.147129   0.35273993 0.03412579 0.33838164 0.12762365]]"
78,"[[0.35529603 0.01412547 0.11486913 0.17518358 0.34052579]
 [0.11244556 0.31630862 0.08771439 0.17467382 0.30885761]
 [0.20726664 0.31157932 0.06558779 0.13846069 0.27710557]
 [0.14954553 0.18482295 0.33163104 0.2389311  0.09506938]
 [0.38142994 0.15838605 0.08677977 0.07002335 0.30338089]]"
79,"[[0.2730044  0.34494396 0.02288654 0.01443233 0.34473276]
 [0.12313399 0.11494458 0.39683109 0.3420298  0.02306054]
 [0.38308371 0.31699498 0.00793512 0.2665537  0.02543249]
 [0.29035544 0.243049   0.21402969 0.12218717 0.13037871]
 [0.08180454 0.12813536 0.12578    0.26550886 0.39877124]]"
80,"[[0.19850841 0.18421108 0.30556119 0.28804656 0.02367275]
 [0.22862228 0.1302687  0.27450748 0.08551582 0.28108572]
 [0.02189705 0.3298896  0.08644601 0.22431639 0.33745095]
 [0.06699529 0.03281034 0.22388093 0.34712738 0.32918607]
 [0.37380121 0.00535096 0.32609643 0.20382526 0.09092614]]"
81,"[[0.13223422 0.19958643 0.21913648 0.20026613 0.24877674]
 [0.32726302 0.09113016 0.3674523  0.11688863 0.0972659 ]
 [0.12898359 0.32559873 0.11518673 0.18324088 0.24699007]
 [0.51521052 0.3668293  0.01354786 0.01416326 0.09024906]
 [0.15309062 0.31789198 0.30954959 0.0467717  0.1726961 ]]"
82,"[[0.07175634 0.16103195 0.00073428 0.41454415 0.35193329]
 [0.2800642  0.34877805 0.10479955 0.0300366  0.2363216 ]
 [0.15403562 0.27325148 0.20941661 0.23734442 0.12595187]
 [0.36075363 0.1087349  0.27774391 0.22395075 0.02881681]
 [0.31452437 0.09603496 0.21569875 0.12571625 0.24802567]]"
83,"[[0.27823442 0.0793787  0.11196629 0.25881764 0.27160294]
 [0.04533704 0.25872699 0.28082742 0.22385641 0.19125213]
 [0.27354708 0.36012234 0.19430544 0.15422986 0.01779528]
 [0.17753318 0.32282614 0.13344398 0.29725663 0.06894006]
 [0.26357818 0.20055811 0.18469263 0.09954546 0.25162562]]"
84,"[[0.61023223 0.04195864 0.16847097 0.03454761 0.14479055]
 [0.04943699 0.05667294 0.30604086 0.23919515 0.34865405]
 [0.10958464 0.44487126 0.25333913 0.1108716  0.08133337]
 [0.20395188 0.09472396 0.25028323 0.20834677 0.24269416]
 [0.26875371 0.18084913 0.21539564 0.27424261 0.0607589 ]]"
85,"[[0.09583397 0.31661815 0.30715536 0.05685387 0.22353864]
 [0.26146585 0.00416154 0.02274954 0.45234843 0.25927465]
 [0.2634378  0.35257977 0.22604853 0.14281667 0.01511722]
 [0.38467967 0.0324668  0.37293005 0.09273021 0.11719328]
 [0.21227502 0.34710151 0.02928969 0.26993951 0.14139426]]"
86,"[[0.34275925 0.22245632 0.1734581  0.09224898 0.16907735]
 [0.11859646 0.32725765 0.35900861 0.10116656 0.09397072]
 [0.35422714 0.08878695 0.07996233 0.15883751 0.31818608]
 [0.38634605 0.25299194 0.18891006 0.03289898 0.13885297]
 [0.25859317 0.12387102 0.32700156 0.03694403 0.25359022]]"
87,"[[0.19553163 0.07862144 0.13138245 0.23039117 0.36407332]
 [0.16372401 0.31706916 0.23354987 0.10480255 0.18085442]
 [0.13941689 0.21288679 0.20991478 0.32263408 0.11514746]
 [0.25149336 0.04847464 0.30587443 0.16402587 0.23013171]
 [0.31203134 0.18978233 0.05714876 0.11983335 0.32120422]]"
88,"[[0.33296884 0.11213379 0.20690111 0.01413077 0.33386549]
 [0.1721368  0.30553373 0.22261003 0.13638137 0.16333808]
 [0.07027094 0.41642327 0.06614855 0.05689767 0.39025957]
 [0.34569391 0.05013962 0.03373731 0.34367605 0.22675312]
 [0.19422869 0.1390882  0.03296891 0.3190841  0.31463009]]"
89,"[[0.22111729 0.16748068 0.19418421 0.22924643 0.18797139]
 [0.09512356 0.2703339  0.01906107 0.25894907 0.3565324 ]
 [0.37611428 0.27686871 0.10399535 0.14568904 0.09733262]
 [0.28210507 0.15949222 0.23562762 0.07091148 0.25186361]
 [0.36232489 0.29546583 0.24417039 0.05890042 0.03913847]]"
90,"[[0.30723214 0.21397814 0.07620999 0.2587965  0.14378322]
 [0.1359305  0.30509416 0.26848524 0.17111693 0.11937316]
 [0.0878139  0.25311819 0.01225881 0.30273294 0.34407616]
 [0.03600767 0.64322932 0.01681306 0.03900653 0.26494343]
 [0.39180146 0.25710817 0.10103584 0.07976331 0.17029121]]"
91,"[[0.28229085 0.21335976 0.2580878  0.24210671 0.00415488]
 [0.27090577 0.05627535 0.19432875 0.31258296 0.16590717]
 [0.17949613 0.64486648 0.09518335 0.01431739 0.06613666]
 [0.30187456 0.27561612 0.10064573 0.11724047 0.20462311]
 [0.4529246  0.25194466 0.24197339 0.03339156 0.0197658 ]]"
92,"[[0.3235319  0.32026365 0.06311231 0.15004559 0.14304654]
 [0.09502093 0.12983501 0.21355566 0.31572402 0.24586438]
 [0.20664575 0.30438304 0.33180195 0.00526735 0.15190191]
 [0.11317985 0.20001933 0.03949012 0.36341843 0.28389227]
 [0.22088301 0.24399971 0.21863642 0.15938512 0.15709575]]"
93,"[[0.36125759 0.18264106 0.05697793 0.30970727 0.08941615]
 [0.30950997 0.02977229 0.30386086 0.2345247  0.12233219]
 [0.31592404 0.0828577  0.17230604 0.19941941 0.22949281]
 [0.1544657  0.25904581 0.24628305 0.11927916 0.22092627]
 [0.1956553  0.27501043 0.04220405 0.19380022 0.29333001]]"
94,"[[0.12174517 0.22319882 0.32886916 0.03603149 0.29015537]
 [0.24311433 0.27115698 0.0858294  0.23727094 0.16262835]
 [0.1471004  0.11900394 0.39849327 0.31687762 0.01852476]
 [0.25731458 0.35320842 0.21428634 0.16220038 0.01299028]
 [0.06188092 0.15037575 0.0915817  0.29610096 0.40006067]]"
95,"[[0.22083391 0.21869247 0.21055833 0.25277621 0.09713908]
 [0.18778001 0.19973588 0.236589   0.26634705 0.10954807]
 [0.31096599 0.24872301 0.00652591 0.36166366 0.07212142]
 [0.3026605  0.00882137 0.08088593 0.36453498 0.24309722]
 [0.22159123 0.35927445 0.2226515  0.01653069 0.17995213]]"
96,"[[0.2538675  0.26651281 0.17092474 0.24116859 0.06752635]
 [0.50345398 0.10186975 0.22645353 0.07650656 0.09171617]
 [0.00971627 0.51642948 0.16652579 0.14876847 0.15855999]
 [0.35335542 0.28327391 0.14578259 0.11765623 0.09993185]
 [0.25336556 0.02512295 0.23187511 0.18194012 0.30769626]]"
97,"[[0.12698881 0.34483937 0.35883534 0.0695676  0.09976888]
 [0.29148376 0.24879445 0.15302303 0.12522979 0.18146897]
 [0.06525882 0.3768414  0.30191242 0.08689293 0.16909443]
 [0.11362417 0.29764052 0.30184823 0.23928632 0.04760076]
 [0.04955061 0.27690657 0.13690794 0.33163124 0.20500364]]"
98,"[[0.12756128 0.27654104 0.22143552 0.31572896 0.05873319]
 [0.16137269 0.21386303 0.17507615 0.1550606  0.29462754]
 [0.22137186 0.33401198 0.12164484 0.04811739 0.27485393]
 [0.21800081 0.07095169 0.39239761 0.05772643 0.26092346]
 [0.26071304 0.24180669 0.18001744 0.28325666 0.03420617]]"
99,"[[0.22200328 0.30720023 0.01582229 0.29604792 0.15892627]
 [0.24168137 0.30848117 0.16056781 0.18458946 0.10468019]
 [0.2770311  0.19328787 0.2082959  0.06122096 0.26016418]
 [0.36689413 0.31141759 0.18866744 0.10938679 0.02363405]
 [0.00204533 0.28516704 0.27199535 0.18270816 0.25808412]]"
100,"[[0.18279419 0.25058726 0.14909949 0.29249713 0.12502193]
 [0.31258208 0.27380421 0.19445029 0.11663397 0.10252945]
 [0.09847157 0.23447197 0.32514598 0.14995274 0.19195774]
 [0.16976552 0.29736051 0.23014461 0.15309214 0.14963722]
 [0.19095033 0.32377889 0.36068697 0.05223602 0.07234779]]"
101,"[[0.05876812 0.06490041 0.13162866 0.09824257 0.03890786 0.07391235
  0.1927313  0.17694362 0.02720834 0.13675678]
 [0.08441566 0.03243222 0.19113852 0.18712944 0.12467759 0.09231547
  0.02592519 0.0682617  0.07924546 0.11445875]
 [0.06823627 0.14118276 0.16154442 0.20175738 0.07654365 0.12153025
  0.12217125 0.02777404 0.07161064 0.00764934]
 [0.19431784 0.17908341 0.01569527 0.16818414 0.05758448 0.16512702
  0.10542176 0.03621924 0.07186677 0.00650006]
 [0.15931699 0.0275371  0.10796384 0.15450474 0.08770787 0.06666737
  0.16608075 0.13718148 0.0827734  0.01026646]
 [0.091655   0.10285217 0.1236998  0.14226565 0.11270457 0.1642761
  0.06362189 0.1013564  0.03398376 0.06358465]
 [0.14531471 0.12679413 0.10170667 0.07247664 0.0670385  0.12152402
  0.13097742 0.09912809 0.07480782 0.060232  ]
 [0.11101823 0.13683035 0.12496543 0.1075956  0.10546994 0.10318226
  0.05258319 0.10270519 0.14095031 0.0146995 ]
 [0.154404   0.14574125 0.14979697 0.04332597 0.05051341 0.12391781
  0.09924099 0.00730441 0.17593229 0.04982291]
 [0.14715231 0.13783536 0.15612421 0.15538172 0.05851178 0.09873372
  0.05649274 0.13778366 0.03744932 0.01453519]]"
102,"[[0.12923265 0.04220829 0.19242577 0.00056401 0.21903908 0.01567611
  0.12441294 0.1354087  0.13559311 0.00543934]
 [0.1546609  0.17447415 0.00195874 0.17623106 0.11700166 0.17619583
  0.05792211 0.0630922  0.06775615 0.0107072 ]
 [0.15626037 0.1130856  0.13415871 0.01846442 0.1216561  0.14516353
  0.0529004  0.1155554  0.03889682 0.10385866]
 [0.13310326 0.0989014  0.14763843 0.10927113 0.02292209 0.17454713
  0.08243206 0.11934063 0.00476324 0.10708063]
 [0.08299706 0.12366204 0.07719484 0.11686424 0.13471327 0.04378783
  0.17462359 0.01107459 0.18311766 0.05196487]
 [0.21598163 0.09780258 0.11649295 0.12959184 0.02953311 0.14386346
  0.11028722 0.05672534 0.03676095 0.06296092]
 [0.13885343 0.1130394  0.10862384 0.11586046 0.03215429 0.09299182
  0.03641026 0.04242153 0.13321603 0.18642894]
 [0.16884713 0.0932668  0.05032219 0.01610316 0.16407972 0.11975422
  0.02681154 0.17194654 0.09268549 0.09618321]
 [0.01179867 0.00462194 0.21984738 0.13329625 0.12522602 0.19834976
  0.02825778 0.07700772 0.01816804 0.18342644]
 [0.08346634 0.16829302 0.10085422 0.16584064 0.19692173 0.14977645
  0.02355116 0.0223898  0.04942714 0.03947951]]"
103,"[[0.15150719 0.13756599 0.01329756 0.12600354 0.18673256 0.02512597
  0.12510805 0.10954412 0.00449741 0.12061761]
 [0.10200917 0.05414277 0.03859548 0.15196812 0.12419767 0.10055595
  0.14745845 0.11923264 0.11151268 0.05032707]
 [0.11607524 0.1462088  0.17002816 0.00337133 0.09693595 0.02160613
  0.06398973 0.13348656 0.10237041 0.14592769]
 [0.10117336 0.17808322 0.07680608 0.16675389 0.05443564 0.09943379
  0.10491297 0.10326559 0.02134059 0.09379487]
 [0.12566073 0.10163886 0.13107215 0.12193823 0.0676608  0.11997387
  0.10800317 0.03005194 0.1021398  0.09186045]
 [0.13303734 0.10375511 0.06341668 0.12183454 0.04331404 0.06674858
  0.06840611 0.0831984  0.15894914 0.15734005]
 [0.14005531 0.14444102 0.01904149 0.06800226 0.13777987 0.10024717
  0.11188737 0.05067801 0.13596262 0.09190488]
 [0.15709471 0.04095775 0.031486   0.1763503  0.08405778 0.19545929
  0.14002887 0.05114927 0.10747352 0.01594251]
 [0.13592728 0.11776778 0.10567993 0.03607242 0.11001359 0.10406596
  0.04192836 0.136021   0.1238316  0.08869208]
 [0.15976042 0.12611811 0.00287615 0.17080178 0.19126362 0.04267828
  0.13116603 0.02638886 0.05372504 0.0952217 ]]"
104,"[[0.18109803 0.15028299 0.15950445 0.01238985 0.1190592  0.11485943
  0.0436485  0.11094583 0.04179961 0.06641212]
 [0.00358114 0.12886409 0.2462701  0.23096617 0.09344782 0.0437588
  0.09784198 0.04024341 0.07829128 0.0367352 ]
 [0.0615275  0.15282614 0.12225157 0.12856757 0.16998832 0.1755157
  0.0019676  0.00126149 0.16972394 0.01637017]
 [0.1603718  0.12245607 0.14588462 0.17308589 0.15779641 0.09247884
  0.0700322  0.03787226 0.03756071 0.0024612 ]
 [0.10477423 0.09351369 0.0945483  0.15650193 0.13875575 0.03161874
  0.08609958 0.12418568 0.01459117 0.15541093]
 [0.14009512 0.14615327 0.14846859 0.13948236 0.12296058 0.10395734
  0.01077775 0.09576198 0.08510864 0.00723436]
 [0.11852638 0.14641999 0.12703255 0.13333657 0.13697442 0.12479841
  0.09088498 0.00563832 0.06404748 0.05234092]
 [0.13515851 0.15084952 0.14088255 0.02069293 0.10275817 0.10065364
  0.14904842 0.05360052 0.13560102 0.01075473]
 [0.18528828 0.02236068 0.20890262 0.03666838 0.03568046 0.12355311
  0.20464806 0.15238435 0.01498521 0.01552884]
 [0.06264708 0.14523063 0.0413991  0.14999436 0.13354595 0.1336971
  0.02263001 0.12084501 0.03828633 0.15172443]]"
105,"[[0.03561081 0.13489133 0.1989126  0.17585539 0.18771739 0.04398061
  0.00716414 0.02159844 0.14256458 0.0517047 ]
 [0.19517483 0.15487886 0.15845442 0.12158615 0.0513049  0.06008565
  0.14232137 0.01251033 0.00234237 0.10134111]
 [0.12711139 0.09741724 0.15592132 0.11947227 0.07492152 0.10724972
  0.16609188 0.12095271 0.00861708 0.02224486]
 [0.05991645 0.08704141 0.11162632 0.17322034 0.13817207 0.05880754
  0.15751746 0.1500189  0.03194349 0.03173602]
 [0.16273566 0.09388258 0.15900468 0.18768692 0.05344466 0.01110346
  0.13322834 0.14259623 0.05584902 0.00046845]
 [0.070023   0.06998038 0.20156507 0.21446721 0.01457312 0.00265341
  0.06909089 0.18087326 0.0515546  0.12521907]
 [0.18791676 0.09425715 0.16217307 0.05191638 0.07203015 0.03609459
  0.13302816 0.10139658 0.15111503 0.01007213]
 [0.09712066 0.14239554 0.01942715 0.05855759 0.18367203 0.12283903
  0.13663009 0.09766719 0.03373466 0.10795606]
 [0.03977931 0.12273408 0.27084303 0.14850035 0.01289624 0.0965237
  0.00473083 0.00682755 0.19901755 0.09814737]
 [0.08965956 0.11537579 0.10223535 0.15219208 0.02352645 0.10752086
  0.07957932 0.09028524 0.17438497 0.06524037]]"
106,"[[0.10545234 0.17187383 0.06172972 0.12927783 0.14495934 0.11873683
  0.02208118 0.14108438 0.00373011 0.10107446]
 [0.16724242 0.11873066 0.15599937 0.13722509 0.14439732 0.03429131
  0.08121762 0.02641272 0.11517154 0.01931196]
 [0.14494152 0.14295985 0.14209056 0.11514975 0.1255088  0.03899772
  0.09741886 0.05596498 0.04399902 0.09296894]
 [0.19341316 0.10383913 0.1523555  0.08420869 0.03101039 0.0226824
  0.05291923 0.13739941 0.03370968 0.18846241]
 [0.1960519  0.08592233 0.07689545 0.12117915 0.21598457 0.1118607
  0.02764284 0.01196996 0.11406658 0.03842652]
 [0.15985388 0.13364639 0.10397922 0.14531904 0.16379103 0.12087685
  0.07819817 0.0424941  0.04862732 0.00321399]
 [0.11722426 0.13976466 0.10291682 0.09777099 0.13669964 0.10167004
  0.0552261  0.04019745 0.10818663 0.10034342]
 [0.17432653 0.17158219 0.01531836 0.05976959 0.05330542 0.07748317
  0.16414882 0.11659471 0.14542519 0.02204603]
 [0.02863386 0.15453142 0.1291401  0.11535291 0.09886817 0.13445333
  0.03612336 0.07524765 0.06921725 0.15843195]
 [0.0187775  0.0720381  0.19104501 0.02921698 0.15634262 0.03094805
  0.19969195 0.14754804 0.15208409 0.00230767]]"
107,"[[0.13163398 0.18795137 0.12858385 0.09105298 0.09676826 0.09619757
  0.12597194 0.02770023 0.07593449 0.03820535]
 [0.11407414 0.14048876 0.02625939 0.17908477 0.07971622 0.11073365
  0.05547632 0.11255239 0.14635262 0.03526174]
 [0.13651967 0.06303719 0.20697395 0.01784068 0.04925928 0.17356821
  0.12490695 0.06155006 0.10964016 0.05670384]
 [0.12715389 0.08903721 0.06629559 0.08846679 0.00249098 0.12619568
  0.13482076 0.13088931 0.13197334 0.10267644]
 [0.1579946  0.02327329 0.12779379 0.1723152  0.00325606 0.06955654
  0.15939726 0.06584646 0.17670785 0.04385895]
 [0.15680119 0.03198392 0.08656635 0.14516721 0.12366657 0.13688754
  0.00448261 0.12116487 0.15931979 0.03395995]
 [0.09795402 0.14722269 0.17211858 0.00500172 0.0481678  0.14184833
  0.11773193 0.12470009 0.07296808 0.07228676]
 [0.17360665 0.01860539 0.15642401 0.04001011 0.0584214  0.04361632
  0.14485985 0.10364316 0.12004817 0.14076493]
 [0.05660873 0.0926653  0.14580652 0.1628495  0.07386022 0.12106233
  0.07708906 0.13824315 0.09571237 0.03610281]
 [0.17966971 0.14076652 0.18100046 0.17228841 0.02039431 0.00364146
  0.11832772 0.00493523 0.10681586 0.07216033]]"
108,"[[0.18244119 0.17472976 0.1251823  0.02035848 0.03566475 0.03059405
  0.10487544 0.01918575 0.14245794 0.16451033]
 [0.11902575 0.10400684 0.11166349 0.106768   0.11383525 0.13896511
  0.05195279 0.07537541 0.09468752 0.08371984]
 [0.08477954 0.10499237 0.120315   0.1828424  0.10396305 0.09973234
  0.09471488 0.01771836 0.09319499 0.09774709]
 [0.13509693 0.13643944 0.16545746 0.12745834 0.04603288 0.14569279
  0.0181885  0.04290698 0.03551098 0.14721572]
 [0.17466802 0.1781283  0.07938787 0.06430176 0.17600381 0.02436723
  0.13072831 0.12453443 0.00052781 0.04735245]
 [0.09575798 0.13935368 0.14284806 0.08406263 0.08276902 0.13322865
  0.02879968 0.07753726 0.09722787 0.11841517]
 [0.1776442  0.10217167 0.0041236  0.13308492 0.08099198 0.15866066
  0.1326554  0.13215409 0.02792815 0.05058533]
 [0.14402193 0.14299136 0.08609832 0.0521882  0.09739173 0.05566554
  0.15608856 0.05268759 0.16727452 0.04559224]
 [0.1612967  0.1240272  0.16913518 0.08807591 0.11669494 0.06855568
  0.01915209 0.03701592 0.0316466  0.18439977]
 [0.18021401 0.08400625 0.07299234 0.05157052 0.21450225 0.14196739
  0.06533717 0.08555782 0.1012536  0.00259864]]"
109,"[[0.14527085 0.07445364 0.16727036 0.0213108  0.1641259  0.11428497
  0.06133412 0.10858278 0.03389045 0.10947614]
 [0.10696802 0.13005429 0.12881786 0.0029816  0.12201768 0.05300065
  0.16278072 0.09728625 0.07732517 0.11876777]
 [0.23130547 0.16118066 0.1991607  0.08498141 0.07338897 0.04179743
  0.16483586 0.01425263 0.01940573 0.00969112]
 [0.13599638 0.18330782 0.13296371 0.06632733 0.15049199 0.05884986
  0.08835669 0.03218938 0.00416101 0.14735584]
 [0.21396224 0.21451854 0.15819254 0.20194454 0.00181255 0.03859711
  0.12197944 0.02280471 0.02503719 0.00115114]
 [0.19325997 0.06372712 0.13596099 0.18310101 0.1088883  0.00751702
  0.12562406 0.09096656 0.0557267  0.03522828]
 [0.07463691 0.16587865 0.15207937 0.0952746  0.05191639 0.06335326
  0.07041631 0.12455819 0.17157327 0.03031307]
 [0.18830683 0.14736069 0.17907529 0.09722813 0.17195436 0.04850444
  0.05795479 0.07024112 0.0282876  0.01108674]
 [0.1504124  0.09346294 0.01270303 0.07649202 0.16329522 0.07213876
  0.03114384 0.11732165 0.11944012 0.16359002]
