1,"[[0.1480409  0.39349376 0.30067445 0.11597289 0.041818  ]
 [0.29818087 0.09190627 0.10494885 0.36200857 0.14295544]
 [0.1668109  0.15803719 0.16926349 0.2429619  0.26292651]
 [0.59149609 0.16938223 0.13303294 0.02435201 0.08173673]
 [0.35067301 0.0866868  0.02794342 0.24756447 0.28713231]]"
2,"[[0.26390737 0.03078784 0.15870823 0.22888241 0.31771414]
 [0.35555584 0.14638647 0.15161888 0.03832199 0.30811682]
 [0.2315202  0.27900707 0.10777526 0.34287253 0.03882494]
 [0.22217904 0.18262908 0.24784039 0.12931243 0.21803906]
 [0.29677084 0.22390678 0.2388124  0.24006666 0.00044332]]"
3,"[[0.19152799 0.28242514 0.11429314 0.15221984 0.2595339 ]
 [0.25066491 0.18470786 0.18026961 0.30214409 0.08221353]
 [0.26626824 0.25736958 0.19678601 0.15610335 0.12347283]
 [0.1468797  0.19461782 0.27283097 0.13782041 0.2478511 ]
 [0.34369866 0.02801929 0.42467838 0.14922002 0.05438366]]"
4,"[[0.60924775 0.15980989 0.03979958 0.00078908 0.1903537 ]
 [0.16890613 0.27401414 0.17004042 0.21600097 0.17103835]
 [0.37717809 0.27704742 0.01684633 0.20109534 0.12783282]
 [0.16442983 0.32809109 0.11307256 0.26751874 0.12688779]
 [0.31216608 0.2050726  0.20757678 0.19574795 0.07943658]]"
5,"[[0.50985753 0.17163563 0.1745076  0.10554021 0.03845903]
 [0.1332519  0.22640833 0.10901549 0.21984521 0.31147908]
 [0.18383376 0.24556795 0.32502422 0.14165627 0.10391781]
 [0.50586543 0.05997826 0.29576977 0.01747165 0.12091489]
 [0.13496072 0.11738152 0.48179357 0.25880806 0.00705613]]"
6,"[[0.03572768 0.2290518  0.11176779 0.26248645 0.36096627]
 [0.67039305 0.15030346 0.07426601 0.03007687 0.07496061]
 [0.25414246 0.28658664 0.20456786 0.13549622 0.11920682]
 [0.26834502 0.03798833 0.26993178 0.15671048 0.26702439]
 [0.20155005 0.04020268 0.41065061 0.34354497 0.00405169]]"
7,"[[0.21164343 0.15401724 0.32454545 0.20186905 0.10792483]
 [0.00106559 0.3340956  0.22817043 0.3044556  0.13221278]
 [0.16441379 0.24070956 0.2316365  0.19772446 0.16551568]
 [0.30272993 0.08494445 0.27174489 0.06728134 0.27329939]
 [0.33139925 0.17210121 0.27590185 0.02769499 0.19290271]]"
8,"[[0.36685511 0.27426041 0.0869594  0.1142319  0.15769319]
 [0.26677451 0.2420835  0.13832167 0.19252388 0.16029644]
 [0.25989159 0.2003629  0.23707272 0.29148379 0.011189  ]
 [0.16489584 0.02159312 0.10597139 0.46160197 0.24593768]
 [0.58709022 0.16288626 0.05029889 0.12614657 0.07357807]]"
9,"[[0.41176654 0.19270531 0.06114248 0.32759445 0.00679122]
 [0.34287049 0.21141734 0.21089136 0.10058467 0.13423613]
 [0.23472728 0.3226352  0.06847544 0.11001597 0.26414612]
 [0.03264792 0.35101848 0.19372973 0.1262445  0.29635938]
 [0.10491956 0.23059917 0.22346587 0.14421773 0.29679767]]"
10,"[[0.3563236  0.16559051 0.24284846 0.16997972 0.0652577 ]
 [0.41191234 0.00908643 0.38180329 0.06820425 0.12899369]
 [0.12865865 0.48515998 0.1406789  0.12335808 0.12214439]
 [0.43870959 0.00690538 0.07804783 0.29116606 0.18517114]
 [0.27434346 0.29511357 0.01855798 0.37138134 0.04060364]]"
11,"[[0.30682633 0.27786719 0.14770916 0.12612545 0.14147187]
 [0.30670954 0.21824814 0.13407737 0.19983327 0.14113168]
 [0.34977618 0.24497321 0.01369556 0.21091249 0.18064256]
 [0.39551574 0.16017195 0.13637447 0.19751043 0.11042741]
 [0.31036357 0.08214669 0.04013031 0.23534594 0.33201348]]"
12,"[[0.24681818 0.27866496 0.16926519 0.0543093  0.25094238]
 [0.18630428 0.2412854  0.09671043 0.34297109 0.1327288 ]
 [0.26213954 0.28172316 0.05652192 0.2004526  0.19916279]
 [0.01545738 0.35902751 0.32918741 0.29415945 0.00216826]
 [0.22728584 0.18143961 0.15226853 0.34347239 0.09553362]]"
13,"[[0.29422985 0.27071964 0.18551148 0.19509695 0.05444208]
 [0.26870248 0.19410257 0.31109565 0.21340885 0.01269045]
 [0.02752847 0.2192345  0.25155169 0.17871419 0.32297116]
 [0.2775969  0.2468448  0.27288145 0.06002205 0.1426548 ]
 [0.219528   0.22212034 0.23137635 0.20357375 0.12340156]]"
14,"[[0.22341257 0.26299224 0.12124852 0.24438272 0.14796394]
 [0.21514667 0.19084893 0.18610139 0.12886117 0.27904183]
 [0.24485698 0.18093051 0.13635857 0.04844828 0.38940566]
 [0.24340588 0.22415586 0.17884871 0.2038287  0.14976085]
 [0.26518391 0.21350308 0.07628795 0.34708607 0.09793899]]"
15,"[[0.27623052 0.25159248 0.19101097 0.12913771 0.15202832]
 [0.27898593 0.10251963 0.24838702 0.27340524 0.09670218]
 [0.2292318  0.33421689 0.27421731 0.02804986 0.13428414]
 [0.05803328 0.10650378 0.13833778 0.31165341 0.38547174]
 [0.21107362 0.3616315  0.07358377 0.18031216 0.17339896]]"
16,"[[0.24981291 0.22599375 0.18312002 0.19996862 0.14110471]
 [0.34765858 0.08083769 0.38016144 0.07729594 0.11404634]
 [0.26020037 0.21872875 0.10203626 0.34599598 0.07303864]
 [0.1046028  0.18885492 0.07989775 0.13970986 0.48693466]
 [0.20534567 0.28733777 0.24949879 0.10703769 0.15078008]]"
17,"[[0.09067921 0.40789174 0.23868486 0.08061748 0.1821267 ]
 [0.13716995 0.53563538 0.03918592 0.16275447 0.12525429]
 [0.01595714 0.30235181 0.16624441 0.32896961 0.18647703]
 [0.05056809 0.29569621 0.26219452 0.23951534 0.15202583]
 [0.33605328 0.0987909  0.09065911 0.28359311 0.19090359]]"
18,"[[0.20308912 0.14599363 0.21840085 0.21400747 0.21850893]
 [0.19185487 0.28747467 0.23496301 0.10387922 0.18182824]
 [0.46316388 0.07827322 0.16233614 0.07945801 0.21676875]
 [0.37728152 0.34958537 0.22584217 0.03030284 0.0169881 ]
 [0.18860002 0.16051194 0.29448099 0.06341539 0.29299166]]"
19,"[[0.25242332 0.01474876 0.23329075 0.19691701 0.30262016]
 [0.22470588 0.24208622 0.11369824 0.14862152 0.27088814]
 [0.29162341 0.20805603 0.291951   0.10610235 0.1022672 ]
 [0.2782227  0.08903434 0.26504063 0.1433547  0.22434763]
 [0.32828133 0.00597003 0.04488723 0.33524674 0.28561467]]"
20,"[[0.20671912 0.20424099 0.32548647 0.13580378 0.12774964]
 [0.10975367 0.05910115 0.29335855 0.28538981 0.25239683]
 [0.30209153 0.11232341 0.29766566 0.24156991 0.04634948]
 [0.26996547 0.48296793 0.06557453 0.16409734 0.01739473]
 [0.08852908 0.20482152 0.01216132 0.34775841 0.34672968]]"
21,"[[0.25973448 0.29738179 0.1368525  0.16024747 0.14578375]
 [0.15365958 0.10709928 0.29764049 0.28834725 0.1532534 ]
 [0.47428786 0.07191584 0.05525346 0.33343313 0.06510971]
 [0.3315714  0.12785923 0.17114867 0.20911524 0.16030547]
 [0.07195511 0.06503435 0.27158711 0.32428618 0.26713725]]"
22,"[[0.31873638 0.29092638 0.25313089 0.12165279 0.01555355]
 [0.29015628 0.25020803 0.20399086 0.04655163 0.2090932 ]
 [0.0037731  0.30574616 0.11652962 0.32867071 0.24528042]
 [0.35425373 0.36261132 0.02005516 0.07025985 0.19281994]
 [0.15075237 0.19811932 0.26970811 0.260052   0.1213682 ]]"
23,"[[0.01122878 0.1423072  0.40121049 0.2274538  0.21779973]
 [0.17425312 0.40781551 0.04409356 0.15563072 0.21820709]
 [0.17346853 0.31777036 0.3069336  0.09004146 0.11178605]
 [0.35122353 0.08599585 0.24096133 0.04558244 0.27623684]
 [0.19419052 0.2293528  0.26515543 0.18646577 0.12483549]]"
24,"[[0.30274145 0.08128689 0.31250161 0.18204849 0.12142156]
 [0.226896   0.20544401 0.18032249 0.13843686 0.24890064]
 [0.31199996 0.05436687 0.06269249 0.28823046 0.28271023]
 [0.27470356 0.25056919 0.02788912 0.23457275 0.21226539]
 [0.13887656 0.35484909 0.05151707 0.43575395 0.01900334]]"
25,"[[0.06932522 0.20880704 0.20830866 0.33059102 0.18296806]
 [0.25369952 0.2349319  0.15504778 0.10148604 0.25483476]
 [0.43323228 0.01866372 0.30328517 0.17942855 0.06539028]
 [0.05780259 0.35560569 0.08239712 0.45910359 0.04509101]
 [0.56368784 0.00184752 0.26833181 0.06332349 0.10280933]]"
26,"[[0.09811634 0.43359729 0.34106254 0.10647338 0.02075046]
 [0.35995055 0.14118398 0.09538641 0.26287949 0.14059957]
 [0.14249818 0.25641024 0.24043438 0.14077533 0.21988187]
 [0.02513271 0.11817798 0.34124835 0.36593155 0.1495094 ]
 [0.08259949 0.41924444 0.2309623  0.13679788 0.13039589]]"
27,"[[0.21157831 0.22175524 0.19084889 0.2853514  0.09046617]
 [0.04386261 0.37624002 0.33525616 0.05174872 0.19289249]
 [0.18498596 0.49404597 0.18031273 0.10012586 0.04052949]
 [0.12272455 0.15683433 0.10484098 0.30654798 0.30905217]
 [0.2324999  0.15886216 0.09063695 0.16819481 0.34980617]]"
28,"[[0.29449468 0.30612579 0.22664151 0.09443646 0.07830156]
 [0.29477108 0.2906856  0.09454654 0.17785069 0.14214609]
 [0.23795952 0.20146839 0.19721123 0.15923163 0.20412923]
 [0.04087101 0.25193974 0.45730784 0.11133841 0.13854301]
 [0.15312456 0.49336984 0.14453865 0.11611108 0.09285586]]"
29,"[[0.29727133 0.3460834  0.21376841 0.04457018 0.09830669]
 [0.35060024 0.09847852 0.24742708 0.01911055 0.28438362]
 [0.16422162 0.21582807 0.10147002 0.26272659 0.25575369]
 [0.25493033 0.29786997 0.39158557 0.05175542 0.0038587 ]
 [0.0534278  0.07702683 0.3617875  0.3506268  0.15713108]]"
30,"[[0.17652365 0.07532889 0.33628634 0.04005522 0.37180589]
 [0.50627654 0.20142919 0.02975183 0.0607364  0.20180604]
 [0.30394151 0.18607193 0.19970783 0.08633494 0.22394379]
 [0.29938184 0.28846172 0.14867283 0.16111095 0.10237266]
 [0.21263483 0.2268376  0.18086168 0.19471593 0.18494996]]"
31,"[[0.1218337  0.32282596 0.195722   0.17300994 0.1866084 ]
 [0.25618822 0.13608853 0.2695922  0.28328584 0.05484521]
 [0.2758712  0.19967161 0.2271583  0.14657068 0.15072821]
 [0.23580408 0.57909212 0.07558961 0.08549578 0.02401842]
 [0.15678578 0.12198879 0.31282601 0.34556814 0.06283128]]"
32,"[[0.32061454 0.2014419  0.01922404 0.30486654 0.15385298]
 [0.14983349 0.00747396 0.23220499 0.44290632 0.16758124]
 [0.36466903 0.34559632 0.02707657 0.20135959 0.06129849]
 [0.03620296 0.34281281 0.24830354 0.0351791  0.33750159]
 [0.23283955 0.29486223 0.13069711 0.24674874 0.09485236]]"
33,"[[0.30828307 0.2878156  0.21068753 0.17827688 0.01493692]
 [0.08090718 0.37219221 0.00056914 0.12553489 0.42079657]
 [0.19893942 0.16861451 0.30215307 0.07383679 0.25645621]
 [0.25099632 0.2248261  0.05337058 0.22600482 0.24480217]
 [0.21217659 0.10881108 0.22415488 0.04955991 0.40529754]]"
34,"[[0.32276902 0.21324611 0.12149664 0.28174067 0.06074757]
 [0.30676147 0.17446832 0.0644678  0.26317877 0.19112364]
 [0.18426932 0.15604285 0.18593732 0.24082787 0.23292264]
 [0.32371979 0.31462514 0.13066103 0.17656265 0.05443139]
 [0.2943982  0.24311886 0.14395874 0.20745589 0.11106831]]"
35,"[[0.23144506 0.21767099 0.26207159 0.20853557 0.08027679]
 [0.28416063 0.10869834 0.26004774 0.32312186 0.02397143]
 [0.11503045 0.29107209 0.2472155  0.08717982 0.25950214]
 [0.307167   0.36326975 0.097518   0.09998756 0.13205769]
 [0.17061956 0.6245108  0.03999336 0.04196639 0.1229099 ]]"
36,"[[0.07436896 0.34333668 0.27289406 0.15655047 0.15284984]
 [0.00196601 0.29369159 0.49887111 0.06074343 0.14472787]
 [0.28543428 0.31272857 0.21336324 0.11089802 0.0775759 ]
 [0.22254955 0.16645127 0.38605017 0.02499869 0.19995032]
 [0.18601385 0.23545481 0.25320015 0.13386901 0.19146218]]"
37,"[[0.46433299 0.14257402 0.02813591 0.1601492  0.20480788]
 [0.25963897 0.1934912  0.15369065 0.01184802 0.38133115]
 [0.37041674 0.03539554 0.16047365 0.33066284 0.10305124]
 [0.09192243 0.34060843 0.10155905 0.31043579 0.15547431]
 [0.20014009 0.41275849 0.02649604 0.17935032 0.18125506]]"
38,"[[0.20616895 0.07262316 0.37254093 0.33493217 0.01373479]
 [0.28122813 0.11470059 0.19456041 0.2358665  0.17364437]
 [0.11133736 0.37471573 0.06199822 0.39557649 0.05637219]
 [0.33007548 0.28805806 0.03397585 0.25642731 0.0914633 ]
 [0.02749916 0.13486804 0.16750461 0.09095564 0.57917255]]"
39,"[[0.23759151 0.2551469  0.07506892 0.27661751 0.15557516]
 [0.31414581 0.12723755 0.36065152 0.18828527 0.00967985]
 [0.16559255 0.2455606  0.1780141  0.22736264 0.18347012]
 [0.18186244 0.35653565 0.09101527 0.11162222 0.25896443]
 [0.15290139 0.33274518 0.21761607 0.23740651 0.05933086]]"
40,"[[0.20197535 0.16514467 0.3129164  0.21195958 0.108004  ]
 [0.37601345 0.25398065 0.0414924  0.17359421 0.1549193 ]
 [0.16295868 0.27981729 0.06898946 0.22754849 0.26068609]
 [0.31148471 0.02225589 0.33863931 0.19572059 0.13189949]
 [0.12964748 0.39291137 0.30981849 0.09399711 0.07362557]]"
41,"[[0.46298506 0.07015821 0.36750576 0.03736747 0.0619835 ]
 [0.41225703 0.2265443  0.12287975 0.02693742 0.2113815 ]
 [0.21725104 0.09491399 0.24074701 0.23852632 0.20856164]
 [0.22181713 0.29215179 0.09695047 0.00713305 0.38194756]
 [0.23529814 0.20937214 0.25230652 0.04615202 0.25687117]]"
42,"[[0.23341345 0.02453505 0.33244342 0.04831219 0.36129588]
 [0.185674   0.38132793 0.14552725 0.02904536 0.25842547]
 [0.17143556 0.08228716 0.23464215 0.09833545 0.41329968]
 [0.14857323 0.37205879 0.16600019 0.21569274 0.09767505]
 [0.15316367 0.33631586 0.08212274 0.05722533 0.37117239]]"
43,"[[0.2679712  0.3330195  0.03034433 0.19145392 0.17721105]
 [0.34253401 0.18921953 0.0196879  0.27701719 0.17154138]
 [0.33730411 0.26222276 0.20178009 0.18478321 0.01390982]
 [0.61364437 0.06800174 0.25384862 0.05376627 0.010739  ]
 [0.1698107  0.19191024 0.09544545 0.34310709 0.19972652]]"
44,"[[0.13264368 0.30762392 0.1427933  0.30189419 0.11504491]
 [0.38487731 0.25651087 0.03247398 0.19452022 0.13161762]
 [0.28829558 0.33563147 0.02631422 0.08946454 0.26029418]
 [0.33833137 0.09785932 0.07389017 0.26763108 0.22228806]
 [0.08179609 0.17833194 0.29432297 0.07465437 0.37089462]]"
45,"[[0.28736912 0.14085874 0.21963019 0.30040684 0.05173511]
 [0.26377951 0.2493691  0.06786962 0.2457314  0.17325037]
 [0.27953696 0.3098995  0.2764909  0.05440431 0.07966832]
 [0.24063289 0.16310272 0.24089589 0.27349373 0.08187477]
 [0.15946567 0.17118579 0.03597501 0.38786093 0.2455126 ]]"
46,"[[0.04108448 0.61916506 0.06595471 0.01953821 0.25425754]
 [0.17393074 0.1407742  0.2902202  0.36660699 0.02846786]
 [0.11571891 0.33886609 0.21634785 0.04314517 0.28592198]
 [0.35595671 0.12244006 0.36386758 0.10598387 0.05175178]
 [0.4774926  0.03205681 0.0924266  0.07817781 0.31984619]]"
47,"[[0.27007725 0.16551146 0.12464703 0.1461956  0.29356865]
 [0.11520621 0.32137358 0.29292733 0.00162346 0.26886942]
 [0.16154529 0.41850381 0.08329851 0.27135019 0.0653022 ]
 [0.33305379 0.0351502  0.01691291 0.41301849 0.2018646 ]
 [0.34268369 0.07731639 0.47544801 0.05473594 0.04981596]]"
48,"[[0.15620892 0.29952265 0.15398208 0.26516522 0.12512112]
 [0.12009532 0.18585414 0.08498259 0.31901239 0.29005557]
 [0.23353484 0.34864517 0.16665236 0.16050483 0.09066281]
 [0.32750844 0.1157496  0.40958175 0.06301454 0.08414568]
 [0.22837038 0.19289318 0.31939496 0.22457179 0.03476969]]"
49,"[[0.24875039 0.33464823 0.35007799 0.03723549 0.0292879 ]
 [0.36424709 0.06083016 0.10273648 0.38983604 0.08235024]
 [0.01545031 0.38960852 0.35460567 0.03385109 0.20648441]
 [0.35180031 0.17201239 0.29078147 0.12330617 0.06209966]
 [0.36963124 0.08571093 0.25324382 0.00880587 0.28260814]]"
50,"[[0.46036199 0.14542075 0.32402673 0.01566818 0.05452234]
 [0.25955772 0.24297218 0.32240262 0.05270059 0.12236688]
 [0.30906761 0.21674006 0.15647826 0.02100665 0.29670742]
 [0.24277641 0.22361545 0.1577106  0.08074378 0.29515375]
 [0.10198192 0.30005283 0.16378296 0.23909653 0.19508577]]"
51,"[[0.18984679 0.18814039 0.23603294 0.1120974  0.27388249]
 [0.24292275 0.37197183 0.17611987 0.11284983 0.09613573]
 [0.17010465 0.33675519 0.05997141 0.25145036 0.18171839]
 [0.19677736 0.16371604 0.14463641 0.19762972 0.29724046]
 [0.15188957 0.58670948 0.07483891 0.01889814 0.16766389]]"
52,"[[0.39509522 0.34259356 0.12863409 0.12067183 0.01300531]
 [0.33203249 0.20247165 0.05847961 0.31227124 0.094745  ]
 [0.17857121 0.18117486 0.05766112 0.25060501 0.33198779]
 [0.21654531 0.21906503 0.13589875 0.34160763 0.08688329]
 [0.26728937 0.31331648 0.02680501 0.18184803 0.21074111]]"
53,"[[0.24335458 0.14887032 0.13949973 0.42124612 0.04702924]
 [0.32231141 0.03056701 0.11035173 0.26783752 0.26893233]
 [0.34191523 0.13787164 0.28711155 0.04037553 0.19272605]
 [0.00329234 0.29913063 0.07299952 0.51931266 0.10526485]
 [0.09076529 0.0723885  0.42932849 0.08850293 0.31901479]]"
54,"[[0.0989251  0.26951825 0.25793117 0.23691226 0.13671322]
 [0.17824449 0.28430157 0.06937632 0.14243189 0.32564573]
 [0.35612087 0.3441276  0.04238883 0.0847162  0.1726465 ]
 [0.26391891 0.25232842 0.19982549 0.12793734 0.15598983]
 [0.26855095 0.19325387 0.34300144 0.17821028 0.01698345]]"
55,"[[0.25068319 0.2911753  0.2377527  0.15985969 0.06052913]
 [0.02893291 0.1638614  0.27879449 0.18190668 0.34650452]
 [0.14470272 0.05581453 0.39126674 0.37827729 0.02993872]
 [0.24440003 0.21807699 0.31903666 0.14734703 0.0711393 ]
 [0.31701597 0.01719207 0.37018643 0.24564006 0.04996547]]"
56,"[[0.18117978 0.17740264 0.2327855  0.22425465 0.18437743]
 [0.37376182 0.10680556 0.37194804 0.06866307 0.07882151]
 [0.12308907 0.26578114 0.24052129 0.20942652 0.16118197]
 [0.24079774 0.18950371 0.41614589 0.10228561 0.05126706]
 [0.15950366 0.38341847 0.08471077 0.31696018 0.05540692]]"
57,"[[0.34512542 0.0278295  0.27677999 0.15523171 0.19503338]
 [0.31365747 0.29077625 0.28483077 0.07061861 0.0401169 ]
 [0.03026286 0.40246099 0.09088482 0.07019369 0.40619765]
 [0.22191591 0.29757989 0.24366853 0.19498607 0.0418496 ]
 [0.07896201 0.53540012 0.33335201 0.00456665 0.04771921]]"
58,"[[0.18429107 0.19990838 0.23411595 0.2651054  0.11657921]
 [0.23316906 0.20747797 0.20367228 0.19623147 0.15944922]
 [0.19585089 0.30661334 0.27572626 0.04304566 0.17876385]
 [0.17463447 0.17491049 0.29388197 0.11759912 0.23897395]
 [0.28470755 0.0792282  0.26180406 0.03323864 0.34102154]]"
59,"[[0.24736923 0.18861978 0.10132752 0.21347646 0.24920702]
 [0.01981289 0.33547585 0.12121502 0.27647779 0.24701844]
 [0.34665881 0.07849705 0.26045447 0.24867273 0.06571695]
 [0.16859844 0.19394477 0.17832979 0.30483226 0.15429475]
 [0.28677463 0.35454288 0.11940441 0.20325103 0.03602705]]"
60,"[[0.26368286 0.10117187 0.22754064 0.25048291 0.15712171]
 [0.3010866  0.21328114 0.30675929 0.0273153  0.15155767]
 [0.0767825  0.23521743 0.24156221 0.20568281 0.24075506]
 [0.37678157 0.23539473 0.08803801 0.0612716  0.23851409]
 [0.2241077  0.25781475 0.10823677 0.25664871 0.15319206]]"
61,"[[0.06638409 0.36237424 0.1267058  0.08382668 0.36070918]
 [0.24633605 0.27355359 0.10719076 0.03191755 0.34100204]
 [0.36965963 0.07268677 0.31819918 0.11267954 0.12677488]
 [0.18513698 0.18379981 0.16672738 0.3275904  0.13674543]
 [0.29461644 0.2267864  0.23113858 0.06995226 0.17750632]]"
62,"[[2.79153670e-01 1.62009704e-01 2.69953509e-01 3.12640886e-04
  2.88570476e-01]
 [2.10972151e-01 1.19544669e-01 1.50473060e-01 1.77077796e-01
  3.41932324e-01]
 [7.57322736e-03 3.51039600e-01 4.43780111e-02 3.30935480e-01
  2.66073682e-01]
 [8.89289756e-02 3.56940977e-01 9.85542417e-03 2.84811974e-01
  2.59462650e-01]
 [1.87208129e-01 3.33775661e-01 7.29466817e-02 3.66835628e-01
  3.92339012e-02]]"
63,"[[0.16448539 0.24264867 0.28838963 0.20790895 0.09656737]
 [0.383148   0.22342344 0.04446363 0.06031992 0.28864501]
 [0.36308735 0.33388547 0.01097216 0.15387516 0.13817986]
 [0.14452669 0.25649029 0.06765335 0.2392541  0.29207557]
 [0.24851225 0.16699584 0.33605938 0.14018091 0.10825162]]"
64,"[[0.27898327 0.25234381 0.13788233 0.03767191 0.29311868]
 [0.33283428 0.00657151 0.19326026 0.41746736 0.04986658]
 [0.03026166 0.30522301 0.26027691 0.2664016  0.13783682]
 [0.16830559 0.29212892 0.15581771 0.1228957  0.26085207]
 [0.30049567 0.20942362 0.08135724 0.38945901 0.01926445]]"
65,"[[0.26595515 0.2383378  0.25652443 0.0629739  0.17620872]
 [0.11015562 0.15549725 0.27219793 0.25064863 0.21150058]
 [0.20938117 0.24477612 0.23971201 0.09208941 0.21404129]
 [0.33033415 0.01515137 0.26814901 0.35607589 0.03028957]
 [0.19440227 0.19542122 0.31282672 0.21895112 0.07839868]]"
66,"[[0.36919854 0.10942701 0.04788418 0.19941618 0.2740741 ]
 [0.18281539 0.24575084 0.27480993 0.22104421 0.07557963]
 [0.32480116 0.42546804 0.09799543 0.08447822 0.06725715]
 [0.25958405 0.34807888 0.18932223 0.02905673 0.17395812]
 [0.28020875 0.44626379 0.17498797 0.00067006 0.09786942]]"
67,"[[0.1224279  0.25843311 0.24378327 0.1028981  0.27245762]
 [0.09216641 0.21021964 0.28887864 0.20573571 0.20299961]
 [0.14314053 0.10127937 0.08574809 0.29994413 0.36988788]
 [0.07727235 0.22761651 0.23595455 0.24247723 0.21667936]
 [0.27957724 0.17973602 0.06680767 0.18964938 0.28422969]]"
68,"[[0.34443477 0.34053535 0.07750335 0.11149183 0.1260347 ]
 [0.2388353  0.11382463 0.32034851 0.08809188 0.23889968]
 [0.20963289 0.32420354 0.18828386 0.18710038 0.09077934]
 [0.25741006 0.25098462 0.02116337 0.18117648 0.28926548]
 [0.10096432 0.06203737 0.30530624 0.31079316 0.22089891]]"
69,"[[0.04266971 0.01901501 0.02975755 0.46925234 0.43930539]
 [0.20495358 0.29538943 0.00390023 0.27396667 0.22179009]
 [0.39962526 0.14221563 0.25335218 0.11798066 0.08682626]
 [0.32564136 0.28510183 0.08768295 0.27350465 0.02806921]
 [0.14668525 0.17341914 0.42437274 0.19987961 0.05564326]]"
70,"[[0.21300938 0.22930198 0.31264548 0.15828154 0.08676162]
 [0.28338759 0.13567981 0.28446481 0.25225117 0.04421661]
 [0.18057535 0.35841717 0.06877554 0.26422991 0.12800203]
 [0.39284026 0.03333936 0.26229998 0.26029038 0.05123002]
 [0.11344715 0.24643961 0.49566954 0.09700426 0.04743944]]"
71,"[[0.26936143 0.22646964 0.34081506 0.11810758 0.04524629]
 [0.2775556  0.28871198 0.24742369 0.1306419  0.05566683]
 [0.32802302 0.35707369 0.00091754 0.04992353 0.26406221]
 [0.19796678 0.28531378 0.00803745 0.357389   0.151293  ]
 [0.21505696 0.069213   0.11966527 0.45449069 0.14157408]]"
72,"[[0.15624527 0.23228671 0.18767448 0.19342836 0.23036519]
 [0.26373027 0.25614939 0.12696695 0.14588945 0.20726393]
 [0.25326343 0.15288682 0.25337668 0.19156107 0.148912  ]
 [0.19135302 0.18910844 0.29425579 0.23702899 0.08825376]
 [0.35242204 0.28616267 0.17525036 0.05707849 0.12908644]]"
73,"[[0.23650419 0.31348295 0.32745931 0.09732256 0.025231  ]
 [0.15993046 0.19228241 0.27241979 0.22476872 0.15059862]
 [0.17265408 0.15031491 0.01237251 0.49566642 0.16899207]
 [0.23073496 0.22431724 0.26981499 0.09278972 0.18234309]
 [0.24573888 0.00819237 0.22448511 0.41742721 0.10415643]]"
74,"[[0.24648981 0.30789073 0.2153007  0.11655929 0.11375947]
 [0.29557294 0.36513895 0.11288293 0.22220359 0.00420159]
 [0.13944261 0.27800063 0.11900907 0.3181263  0.14542139]
 [0.30327539 0.13027278 0.3904513  0.17248511 0.00351542]
 [0.39966002 0.13150907 0.04676933 0.1429349  0.27912669]]"
75,"[[0.33777846 0.10367437 0.16427627 0.27622517 0.11804572]
 [0.25065068 0.08017693 0.41111406 0.03017556 0.22788277]
 [0.13326244 0.18205163 0.08206531 0.35294819 0.24967243]
 [0.10258477 0.29260332 0.25320626 0.10162807 0.24997757]
 [0.30913142 0.31112504 0.03053388 0.16551654 0.18369312]]"
76,"[[0.34116702 0.0063613  0.15087299 0.37051932 0.13107938]
 [0.31037845 0.36906582 0.2152435  0.09555343 0.0097588 ]
 [0.1400329  0.2585295  0.2919193  0.19940341 0.11011489]
 [0.08870454 0.19385567 0.29489487 0.2531685  0.16937642]
 [0.18862789 0.30827794 0.0051503  0.2224014  0.27554248]]"
77,"[[0.06198149 0.17232764 0.23225731 0.22885477 0.30457879]
 [0.03894598 0.40350549 0.05993781 0.11997671 0.37763402]
 [0.45352669 0.13887808 0.17663399 0.07589859 0.15506265]
 [0.25788705 0.23867715 0.28391572 0.10009786 0.11942222]
 [0.11593465 0.37760003 0.04910653 0.36046849 0.09689029]]"
78,"[[0.3059745  0.11421421 0.14855762 0.18181384 0.24943982]
 [0.19111793 0.25793225 0.06388587 0.23636564 0.25069831]
 [0.23684695 0.33465186 0.01432956 0.08909664 0.325075  ]
 [0.05370021 0.06707726 0.46526418 0.36898244 0.04497591]
 [0.34478991 0.18337978 0.147839   0.03776655 0.28622476]]"
79,"[[0.22424952 0.29224973 0.15621024 0.03516374 0.29212677]
 [0.20297001 0.16528624 0.25720371 0.24223979 0.13230025]
 [0.27346806 0.26364412 0.06955605 0.25352788 0.13980389]
 [0.42017919 0.24414078 0.21030737 0.04896573 0.07640694]
 [0.11213184 0.19322218 0.16492017 0.25189005 0.27783575]]"
80,"[[0.28560627 0.10455858 0.30313819 0.30221313 0.00448383]
 [0.24544979 0.12523948 0.25853486 0.0698905  0.30088536]
 [0.07174289 0.32081223 0.09394621 0.09810098 0.41539769]
 [0.12741488 0.03778495 0.17844041 0.33187204 0.32448773]
 [0.34389817 0.0278411  0.3349366  0.19361577 0.09970836]]"
81,"[[0.02262917 0.06315675 0.2064812  0.13711538 0.57061749]
 [0.27553174 0.05880176 0.33979323 0.20256947 0.12330381]
 [0.12285563 0.26605725 0.11317892 0.23690126 0.26100695]
 [0.29617911 0.23603173 0.1097391  0.16039603 0.19765402]
 [0.15863265 0.28956307 0.27135328 0.11766783 0.16278317]]"
82,"[[0.16995912 0.18742022 0.06802622 0.3036021  0.27099234]
 [0.2914161  0.30481215 0.18118323 0.02668316 0.19590536]
 [0.17393797 0.30753472 0.19273256 0.21602575 0.109769  ]
 [0.27766882 0.17862687 0.25017832 0.20694883 0.08657717]
 [0.60629164 0.01941443 0.10067686 0.09624811 0.17736897]]"
83,"[[0.26521211 0.10708187 0.17892701 0.20669555 0.24208346]
 [0.01541233 0.31630065 0.43791687 0.12533571 0.10503444]
 [0.356562   0.43620245 0.10069679 0.07375673 0.03278203]
 [0.17998619 0.31935898 0.15232221 0.2248435  0.12348912]
 [0.34883098 0.28264256 0.02987973 0.00182196 0.33682477]]"
84,"[[0.41803046 0.13783122 0.19016324 0.11321978 0.1407553 ]
 [0.04110539 0.1498201  0.28745965 0.17347424 0.34814063]
 [0.12198233 0.36269562 0.27433383 0.20602334 0.03496488]
 [0.15654983 0.04642953 0.36693535 0.18810419 0.24198109]
 [0.24217587 0.16332273 0.23918609 0.26226957 0.09304574]]"
85,"[[0.15911824 0.3231888  0.24216978 0.1047048  0.17081838]
 [0.27130718 0.03951653 0.2035576  0.27775465 0.20786404]
 [0.30070833 0.38267947 0.20092045 0.09048431 0.02520744]
 [0.3347319  0.0324588  0.3044268  0.10091508 0.22746743]
 [0.14109633 0.42055392 0.00251414 0.39765455 0.03818107]]"
86,"[[0.32408494 0.31955357 0.18817923 0.0700006  0.09818166]
 [0.23290821 0.26633924 0.29589619 0.15210496 0.05275139]
 [0.33190504 0.13828803 0.09417849 0.1921379  0.24349054]
 [0.31888215 0.2978858  0.27160363 0.03884493 0.07278349]
 [0.2421175  0.14199383 0.26115005 0.1289609  0.22577771]]"
87,"[[0.22295938 0.10452896 0.16661906 0.24938512 0.25650747]
 [0.11808359 0.29451448 0.23916011 0.1167483  0.23149353]
 [0.12633838 0.31347809 0.15932205 0.32561576 0.07524571]
 [0.24896803 0.05926133 0.38103775 0.1553321  0.15540078]
 [0.24769168 0.16406229 0.10493942 0.12740452 0.3559021 ]]"
88,"[[0.2049544  0.14151    0.15182235 0.0345533  0.46715996]
 [0.19788686 0.28534967 0.28297893 0.05444276 0.17934177]
 [0.20176785 0.32639218 0.20129221 0.01979861 0.25074916]
 [0.28263649 0.13806016 0.0635826  0.27658796 0.23913279]
 [0.18587734 0.16535952 0.05308609 0.32865607 0.26702097]]"
89,"[[0.22368819 0.09826861 0.20988075 0.25959108 0.20857137]
 [0.12683675 0.31266309 0.0511321  0.14121666 0.3681514 ]
 [0.56494111 0.20841537 0.08637046 0.12839384 0.01187922]
 [0.30453946 0.15176958 0.23130021 0.01277684 0.29961392]
 [0.23240187 0.22993266 0.22956411 0.17991884 0.12818253]]"
90,"[[0.27771035 0.23970993 0.05653316 0.26574758 0.16029897]
 [0.20011059 0.24829235 0.22976078 0.20807312 0.11376317]
 [0.16919417 0.22001828 0.01536158 0.29373524 0.30169073]
 [0.04578788 0.38103892 0.02270336 0.19136444 0.3591054 ]
 [0.32398812 0.30101607 0.09655562 0.06191588 0.2165243 ]]"
91,"[[0.26799954 0.1763043  0.25702382 0.22503159 0.07364075]
 [0.25289406 0.04477058 0.17132183 0.47230332 0.05871022]
 [0.21869543 0.30866249 0.20333303 0.09284453 0.17646451]
 [0.48545409 0.24584015 0.0646644  0.07787388 0.12616748]
 [0.24631388 0.23272654 0.21102925 0.19745541 0.11247492]]"
92,"[[0.26370254 0.25488956 0.03287563 0.23077843 0.21775383]
 [0.06129471 0.19725196 0.20752469 0.29468856 0.23924008]
 [0.1880667  0.20689065 0.30319072 0.13023335 0.17161858]
 [0.1601354  0.24957214 0.06361914 0.26935522 0.25731809]
 [0.28374302 0.28741186 0.19545661 0.16111875 0.07226976]]"
93,"[[0.32884487 0.23399047 0.04846661 0.31245911 0.07623894]
 [0.3109459  0.08349072 0.25099542 0.19897934 0.15558861]
 [0.30819253 0.00161013 0.11048199 0.27603438 0.30368098]
 [0.16211411 0.26393511 0.23041574 0.11455702 0.22897803]
 [0.17909753 0.25727934 0.12027352 0.16444008 0.27890953]]"
94,"[[0.11627953 0.11747125 0.41583629 0.11230711 0.23810582]
 [0.32098027 0.38184969 0.00640221 0.1679572  0.12281064]
 [0.22210091 0.09645588 0.44773534 0.22743944 0.00626844]
 [0.229358   0.50933829 0.12072342 0.08228782 0.05829246]
 [0.10754074 0.21528298 0.11042882 0.26787498 0.29887247]]"
95,"[[0.27987879 0.27209474 0.14281804 0.28635455 0.01885388]
 [0.18707798 0.20909557 0.26576624 0.28100549 0.05705471]
 [0.24902892 0.21154119 0.06870717 0.32071476 0.15000797]
 [0.22431113 0.12331037 0.18932584 0.24226111 0.22079155]
 [0.20478781 0.32939311 0.32587103 0.00514846 0.13479959]]"
96,"[[0.20841403 0.24399461 0.17984325 0.19062168 0.17712644]
 [0.26112543 0.20782392 0.25209289 0.08447754 0.19448022]
 [0.07439838 0.43197119 0.23071043 0.12739218 0.13552783]
 [0.35572627 0.27767885 0.23849906 0.0726634  0.05543243]
 [0.28718795 0.00605347 0.24671233 0.1510525  0.30899375]]"
97,"[[0.21476148 0.24149591 0.28047418 0.06345923 0.1998092 ]
 [0.35989521 0.29109432 0.06174071 0.02676171 0.26050806]
 [0.03682106 0.36628551 0.26444856 0.07051369 0.26193118]
 [0.10719631 0.28135269 0.34308658 0.25641619 0.01194823]
 [0.09760609 0.24779679 0.13494767 0.31106318 0.20858627]]"
98,"[[0.14915717 0.2271446  0.17589064 0.39822851 0.04957907]
 [0.11475952 0.25663692 0.1779244  0.05790992 0.39276924]
 [0.11700093 0.43464719 0.10217584 0.02559666 0.32057939]
 [0.21426096 0.13218021 0.32699276 0.06444478 0.26212129]
 [0.26363837 0.23330499 0.08549354 0.34714864 0.07041446]]"
99,"[[0.21524747 0.32463687 0.09322643 0.22062832 0.1462609 ]
 [0.20195873 0.32418435 0.16804136 0.20116209 0.10465346]
 [0.27877197 0.18508618 0.22168648 0.08380237 0.23065301]
 [0.4818794  0.2490134  0.14426106 0.0795491  0.04529703]
 [0.09236985 0.3242352  0.32082633 0.0993275  0.16324112]]"
100,"[[0.22583931 0.32381195 0.07114867 0.34555269 0.03364738]
 [0.48621114 0.22721599 0.21911396 0.05223795 0.01522094]
 [0.12990614 0.20863247 0.32220804 0.15354233 0.18571102]
 [0.25520921 0.37738508 0.27390998 0.06265256 0.03084316]
 [0.20354016 0.22590599 0.31465721 0.07898671 0.17690993]]"
101,"[[0.05835599 0.07348135 0.12900375 0.12213656 0.04784641 0.08013772
  0.15685998 0.15425513 0.04449936 0.13342374]
 [0.09679085 0.03021949 0.20586681 0.15996029 0.13488135 0.11836966
  0.02604119 0.03978786 0.06515794 0.12292456]
 [0.03959166 0.14134169 0.14761081 0.15052327 0.11577487 0.12130134
  0.12711459 0.03785573 0.09335891 0.02552713]
 [0.17289424 0.15991605 0.03763276 0.13721603 0.08226374 0.12355942
  0.10996591 0.04628181 0.09502325 0.03524678]
 [0.14018251 0.03712093 0.11795173 0.14012944 0.11760808 0.07470696
  0.14295582 0.12389411 0.08100945 0.02444095]
 [0.06726745 0.13172258 0.13492414 0.14036628 0.13398222 0.16912676
  0.04210228 0.10969932 0.03055311 0.04025585]
 [0.16397569 0.13049174 0.10664866 0.0690306  0.06195758 0.11829411
  0.15565017 0.07942551 0.07652756 0.03799837]
 [0.12224332 0.19483203 0.1838483  0.09159245 0.06207621 0.0517857
  0.01915339 0.02281461 0.23689397 0.01476003]
 [0.15310949 0.13248692 0.13835414 0.03137728 0.08470643 0.1145493
  0.08966782 0.02461026 0.15866922 0.07246914]
 [0.14403808 0.1194983  0.21580859 0.14909709 0.05131012 0.09213296
  0.04982176 0.11744205 0.04431907 0.01653198]]"
102,"[[0.12894941 0.08336273 0.14236771 0.02536249 0.14607972 0.05364783
  0.09546937 0.13076613 0.14159757 0.05239703]
 [0.10857623 0.17002649 0.02594703 0.17422791 0.10126577 0.17407709
  0.04858815 0.08505475 0.08613318 0.0261034 ]
 [0.14802301 0.12623159 0.13261618 0.00066904 0.13032222 0.14693331
  0.09102265 0.12631146 0.00503453 0.09283601]
 [0.12799942 0.09231844 0.14500051 0.11711937 0.06865813 0.14532841
  0.07736224 0.11722415 0.01557552 0.09341381]
 [0.10155055 0.1238593  0.09722231 0.12191815 0.15048146 0.03272209
  0.15593221 0.01483022 0.16120308 0.04028063]
 [0.23223942 0.07489486 0.08950211 0.12390347 0.00733608 0.21516242
  0.07969542 0.0587181  0.05447844 0.06406967]
 [0.18409396 0.1190802  0.09110638 0.14474389 0.01711016 0.05443492
  0.02111262 0.02144605 0.15799487 0.18887695]
 [0.11694938 0.10470939 0.0797324  0.07511131 0.11188636 0.11029507
  0.07544187 0.11745925 0.09934449 0.10907048]
 [0.02122257 0.00583364 0.24719574 0.12617706 0.08196437 0.22717509
  0.0297928  0.05292697 0.02426342 0.18344834]
 [0.12676086 0.17680405 0.13172986 0.14547    0.2169248  0.13918294
  0.01042166 0.00620399 0.02405612 0.02244573]]"
103,"[[0.17622275 0.14819951 0.00999689 0.140234   0.17984153 0.04439552
  0.11344957 0.07756852 0.00501176 0.10507994]
 [0.11178476 0.06447948 0.03498765 0.14403866 0.13414067 0.08262299
  0.1344062  0.12214487 0.11311351 0.05828121]
 [0.10409984 0.15740565 0.20422835 0.01723779 0.08112478 0.02099111
  0.04167421 0.1342294  0.0820524  0.15695647]
 [0.12183427 0.13978555 0.08783013 0.13239494 0.03514831 0.11883186
  0.13239219 0.12597231 0.01488494 0.0909255 ]
 [0.17125994 0.06436665 0.17714001 0.13227108 0.04046549 0.12408832
  0.1192954  0.01107614 0.11375485 0.04628213]
 [0.16579617 0.12613694 0.01217528 0.14391757 0.00148806 0.03361444
  0.06078477 0.10071686 0.18608827 0.16928164]
 [0.19264793 0.22922286 0.00552762 0.03481308 0.158819   0.07528401
  0.09713334 0.03177477 0.13991876 0.03485864]
 [0.11606904 0.08554429 0.05900325 0.12249905 0.09210747 0.18171627
  0.10354551 0.08585331 0.09681516 0.05684665]
 [0.16576769 0.14057235 0.08760806 0.01618284 0.10698494 0.08339996
  0.02800504 0.17741044 0.14897521 0.04509346]
 [0.12396158 0.10388906 0.01412094 0.13269561 0.173274   0.07676077
  0.11777109 0.07495582 0.09035972 0.09221142]]"
104,"[[0.15835923 0.14491014 0.15432508 0.01377562 0.13202689 0.12985135
  0.05476958 0.08571621 0.04623339 0.08003251]
 [0.00156437 0.15395606 0.18807779 0.16380424 0.11881785 0.07876381
  0.1419504  0.05104644 0.10033496 0.00168408]
 [0.07670534 0.12738994 0.08083276 0.08905538 0.18663449 0.20840769
  0.01519691 0.00696099 0.15666771 0.05214881]
 [0.17932213 0.09756427 0.13109567 0.21005048 0.15420503 0.09281087
  0.05400376 0.03638013 0.02644672 0.01812093]
 [0.08964157 0.07699147 0.08551767 0.17685367 0.16884077 0.06549279
  0.06777554 0.09690316 0.0018603  0.17012306]
 [0.17640182 0.19690404 0.22402738 0.16469775 0.11899314 0.05981148
  0.00833195 0.02796288 0.01672116 0.0061484 ]
 [0.10529854 0.15378601 0.10961481 0.11508736 0.12405534 0.10824935
  0.09838215 0.04796086 0.06965667 0.06790891]
 [0.08497258 0.20657788 0.17046786 0.01452069 0.07051605 0.06779083
  0.19059172 0.06347871 0.11972293 0.01136075]
 [0.13096849 0.06479752 0.15131762 0.10461336 0.09183008 0.1201275
  0.14619274 0.12653529 0.01457228 0.04904513]
 [0.08417179 0.11473634 0.08104239 0.11722895 0.10560195 0.1109556
  0.07741472 0.10530544 0.08033598 0.12320684]]"
105,"[[0.05811685 0.11381555 0.16380828 0.13935626 0.15239517 0.07822345
  0.02742041 0.04160307 0.1277547  0.09750626]
 [0.1699964  0.14619808 0.15851838 0.10870567 0.06299486 0.07455902
  0.1298127  0.04801565 0.00242059 0.09877865]
 [0.13315321 0.08319835 0.15594164 0.09803252 0.06005601 0.09624222
  0.16028849 0.11310056 0.04207887 0.05790814]
 [0.07469139 0.12002591 0.12037122 0.16819598 0.12862908 0.06461719
  0.16590121 0.13186782 0.02188727 0.00381293]
 [0.19282515 0.08515548 0.14115199 0.19652169 0.03173544 0.02469501
  0.13169045 0.13958016 0.04866661 0.00797801]
 [0.10002023 0.09770913 0.15210453 0.19265793 0.04864915 0.03278362
  0.07975091 0.13160404 0.05217148 0.11254898]
 [0.2111226  0.06675178 0.20037485 0.04632412 0.06114787 0.02854335
  0.13895563 0.07008702 0.16389789 0.0127949 ]
 [0.06061674 0.15334443 0.00759469 0.05663302 0.1548573  0.14264995
  0.15005854 0.10244269 0.03620402 0.13559862]
 [0.07285172 0.14520098 0.16955667 0.14809831 0.02992358 0.09034183
  0.02119457 0.02838949 0.16456682 0.12987603]
 [0.04684202 0.16418246 0.08077028 0.20772695 0.0093552  0.13379993
  0.04303576 0.07792501 0.20910253 0.02725987]]"
106,"[[0.10492015 0.19414439 0.02315697 0.14503301 0.18144956 0.12447607
  0.00611744 0.16582136 0.00415199 0.05072906]
 [0.20344907 0.10515431 0.18444059 0.11002105 0.14337809 0.04754529
  0.05946309 0.04504642 0.08761859 0.0138835 ]
 [0.18031971 0.15585825 0.15219511 0.11344623 0.13152875 0.02259749
  0.11334748 0.04891883 0.03227596 0.04951218]
 [0.14948007 0.10548105 0.12900517 0.09981304 0.05966136 0.03274358
  0.09655938 0.10689482 0.08967509 0.13068642]
 [0.16554178 0.09413414 0.04791567 0.16446006 0.17178854 0.15145049
  0.01531361 0.0138257  0.1518058  0.02376422]
 [0.19668232 0.13923127 0.07448934 0.15837371 0.20326549 0.13891093
  0.05929895 0.01039206 0.01054965 0.00880628]
 [0.14940026 0.1522307  0.13137497 0.03863643 0.15109479 0.12451333
  0.02612376 0.01150108 0.14704928 0.0680754 ]
 [0.15779202 0.15307244 0.01029296 0.08654798 0.05970629 0.10922003
  0.1510282  0.11753116 0.13934879 0.01546013]
 [0.04273708 0.12640665 0.12082318 0.11762715 0.10384823 0.12221139
  0.04577525 0.09197845 0.07905794 0.14953467]
 [0.00889962 0.08937317 0.17465998 0.04513935 0.14715207 0.07597555
  0.21272513 0.1059846  0.131825   0.00826553]]"
107,"[[1.36039872e-01 1.43590429e-01 1.30008760e-01 7.72639074e-02
  1.07410464e-01 1.07078005e-01 1.17748501e-01 5.91967750e-02
  6.14779415e-02 6.01853454e-02]
 [1.37309135e-01 1.49402669e-01 6.93031098e-03 1.66890375e-01
  8.91440595e-02 9.05862672e-02 6.89376862e-02 1.08746057e-01
  1.52736865e-01 2.93165741e-02]
 [1.58408741e-01 4.24649737e-02 2.36545141e-01 1.35496734e-04
  1.59854491e-02 2.05438736e-01 1.51609657e-01 3.67478974e-02
  1.34044096e-01 1.86198115e-02]
 [1.10132335e-01 5.53594286e-02 1.56847755e-02 1.66877722e-02
  7.76164621e-04 1.01877959e-01 2.35033902e-01 1.95229302e-01
  2.01579286e-01 6.76390748e-02]
 [1.18280239e-01 6.00042228e-02 1.10596214e-01 1.52506004e-01
  2.21649433e-02 8.00437331e-02 1.49149896e-01 6.96703162e-02
  1.73226894e-01 6.43575376e-02]
 [1.70748417e-01 2.57796053e-02 5.45702028e-02 1.59291015e-01
  1.14213441e-01 1.54005404e-01 2.30459777e-02 7.83906268e-02
  1.78415799e-01 4.15395115e-02]
 [9.84441476e-02 1.59631562e-01 1.67511270e-01 5.47868243e-03
  1.41536131e-02 1.58205118e-01 1.20868028e-01 1.49909419e-01
  6.96330765e-02 5.61650841e-02]
 [1.99107565e-01 1.25630215e-02 1.75718419e-01 4.40334048e-02
  7.15270476e-02 5.20529427e-02 1.41641600e-01 8.48180143e-02
  8.52644430e-02 1.33273542e-01]
 [5.59854538e-02 8.88582934e-02 1.73071381e-01 1.75777363e-01
  6.83330897e-02 1.12296291e-01 7.44869247e-02 1.24236474e-01
  8.95923961e-02 3.73623337e-02]
 [1.73746871e-01 1.45318178e-01 1.80021967e-01 1.55696846e-01
  2.07324650e-02 1.35549682e-02 1.20008644e-01 1.61728359e-02
  1.00536487e-01 7.42107385e-02]]"
108,"[[1.76217065e-01 1.62391354e-01 8.17424909e-02 5.81267433e-02
  6.40241966e-02 6.19300319e-02 6.75961612e-02 2.74818401e-02
  1.45632296e-01 1.54857821e-01]
 [1.65880354e-01 1.04626447e-01 1.43382700e-01 1.05810315e-01
  1.49644843e-01 1.78551422e-01 5.59509021e-03 6.85593543e-03
  8.92409860e-02 5.04119082e-02]
 [3.10256214e-02 1.46359482e-01 1.71402109e-01 1.90328668e-01
  1.22570230e-01 1.19459458e-01 5.27938111e-02 1.13143262e-02
  4.63288015e-02 1.08417493e-01]
 [1.23995232e-01 1.28185841e-01 2.08539968e-01 1.01660210e-01
  6.53163734e-02 1.32389358e-01 3.42058049e-03 4.98341121e-02
  4.84887890e-02 1.38169537e-01]
 [1.59920291e-01 1.90717798e-01 6.99553592e-02 6.51327491e-02
  1.89152237e-01 1.55618676e-02 1.28503919e-01 1.12283106e-01
  9.47259369e-03 5.93000788e-02]
 [1.01504606e-01 1.73536265e-01 1.81361345e-01 7.17467544e-02
  1.92066145e-02 1.57926275e-01 1.27729488e-04 8.37044334e-03
  1.38568570e-01 1.47651397e-01]
 [1.59532124e-01 8.78563752e-02 5.51742091e-02 1.21426851e-01
  8.38038686e-02 1.29729464e-01 1.13922535e-01 1.00633584e-01
  7.06165537e-02 7.73044351e-02]
 [1.20708601e-01 1.13452869e-01 1.00197056e-01 6.21581631e-02
  1.10125377e-01 8.58620950e-02 1.32076633e-01 7.10374015e-02
  1.54423295e-01 4.99585097e-02]
 [1.52508286e-01 1.44553118e-01 2.05843390e-01 8.41840022e-02
  1.06274982e-01 3.80474849e-02 1.86464004e-03 3.41658345e-02
  8.28196521e-03 2.24276297e-01]
 [1.59635295e-01 8.24107202e-02 7.26667111e-02 4.05110207e-02
  1.69075056e-01 1.50164597e-01 4.36869973e-02 1.02439902e-01
  1.40516927e-01 3.88927739e-02]]"
109,"[[0.13328054 0.07519154 0.15151561 0.05121711 0.14049108 0.12764483
  0.06479636 0.09413969 0.05512274 0.10660049]
 [0.07642313 0.18768579 0.08745719 0.04329294 0.08421999 0.04804341
