1,"[[0.49725433 0.21457862 0.20627758 0.07702626 0.00486321]
 [0.26375861 0.25710423 0.23052951 0.14301739 0.10559026]
 [0.29235063 0.27818488 0.24360846 0.18341095 0.00244508]
 [0.31987224 0.26677968 0.19114032 0.16598486 0.05622289]
 [0.30803547 0.23988153 0.21190085 0.18264862 0.05753353]]"
2,"[[0.48559946 0.25899974 0.13955864 0.09270147 0.02314069]
 [0.40791822 0.24229911 0.20329238 0.07436629 0.07212399]
 [0.33707474 0.24975709 0.22094517 0.14746685 0.04475614]
 [0.62257128 0.19303591 0.07704019 0.07567686 0.03167576]
 [0.27551348 0.26807011 0.26422492 0.15512543 0.03706605]]"
3,"[[0.35024631 0.3188106  0.24362115 0.08577503 0.00154691]
 [0.30992707 0.29411678 0.29336689 0.10071902 0.00187024]
 [0.22003295 0.20905915 0.20527018 0.19292676 0.17271096]
 [0.42254172 0.30078384 0.14643046 0.11753081 0.01271317]
 [0.28425698 0.2723458  0.2386711  0.15615282 0.04857331]]"
4,"[[0.2895025  0.262569   0.207146   0.1806964  0.0600861 ]
 [0.34971369 0.31407427 0.19352617 0.0784228  0.06426307]
 [0.30466046 0.29555706 0.22549218 0.14613797 0.02815233]
 [0.35457367 0.23967037 0.19429568 0.13697166 0.07448862]
 [0.42467252 0.25066843 0.18432354 0.07837683 0.06195868]]"
5,"[[0.32056628 0.30152748 0.14596887 0.13273387 0.0992035 ]
 [0.28976826 0.24656669 0.23172845 0.23103243 0.00090418]
 [0.40773314 0.26019201 0.14929902 0.1272577  0.05551813]
 [0.49266214 0.24916503 0.13559806 0.06855936 0.05401541]
 [0.27492642 0.26244013 0.25344497 0.20353883 0.00564965]]"
6,"[[0.36154814 0.3177151  0.18084328 0.09925198 0.04064151]
 [0.32138189 0.29232668 0.19892412 0.18397315 0.00339417]
 [0.40127695 0.25728817 0.19185767 0.13032935 0.01924786]
 [0.33277343 0.30213179 0.23937559 0.07177901 0.05394018]
 [0.26139231 0.26044028 0.24703483 0.19244664 0.03868594]]"
7,"[[0.33001464 0.2610858  0.19741762 0.11633649 0.09514546]
 [0.45134195 0.23608708 0.20136703 0.07804935 0.03315459]
 [0.45902123 0.18547433 0.17773299 0.1644129  0.01335855]
 [0.31302941 0.30921706 0.18534432 0.17706915 0.01534006]
 [0.28150822 0.27656516 0.19482397 0.12941131 0.11769133]]"
8,"[[0.27999804 0.28370602 0.23693686 0.15057391 0.04878517]
 [0.37078188 0.2205174  0.21593782 0.12505349 0.06770942]
 [0.43332341 0.28040602 0.15903989 0.09030935 0.03692133]
 [0.2461308  0.22638702 0.18732127 0.17991329 0.16024763]
 [0.45551255 0.28893865 0.13604705 0.09832709 0.02117465]]"
9,"[[0.26710562 0.25705696 0.22161414 0.17093124 0.08329204]
 [0.33254584 0.30145982 0.19327298 0.16894027 0.00378109]
 [0.36708191 0.22117923 0.22057538 0.14268206 0.04848142]
 [0.56590758 0.28175613 0.05834242 0.05802771 0.03596615]
 [0.64872536 0.17813814 0.1022614  0.04912676 0.02174834]]"
10,"[[0.45345941 0.16511841 0.16426597 0.13545614 0.08170007]
 [0.435479   0.20530127 0.16046452 0.13721473 0.06154048]
 [0.30535499 0.27806104 0.18606798 0.16701721 0.06349879]
 [0.37975096 0.30491719 0.20118562 0.09781524 0.01633098]
 [0.38328776 0.23040699 0.20933749 0.12720548 0.04976228]]"
11,"[[0.35930763 0.26285921 0.23841825 0.11976497 0.01964995]
 [0.47178715 0.30652405 0.15907543 0.05887224 0.00374114]
 [0.33149002 0.2619448  0.23456572 0.10572413 0.06627532]
 [0.54530456 0.19719662 0.19398249 0.03342085 0.03009548]
 [0.38251666 0.18063245 0.1648686  0.16325029 0.10873201]]"
12,"[[0.35057836 0.28735747 0.16723669 0.15199324 0.04283425]
 [0.35293095 0.30459566 0.1619791  0.12741161 0.05308268]
 [0.34277822 0.20828807 0.18485173 0.14708589 0.11699609]
 [0.40175237 0.28935223 0.15776202 0.11644277 0.03469062]
 [0.39319999 0.2535334  0.18014244 0.10731766 0.0658065 ]]"
13,"[[0.32090791 0.31123429 0.27557682 0.05406804 0.03821295]
 [0.33256409 0.28861512 0.23240152 0.11514847 0.0312708 ]
 [0.38317987 0.28635709 0.15090279 0.14478376 0.03477648]
 [0.34886334 0.33673626 0.14247487 0.09278083 0.07914471]
 [0.30773983 0.30773507 0.29302608 0.09083945 0.00065956]]"
14,"[[0.28734212 0.27946184 0.18587275 0.13049615 0.11682713]
 [0.33856111 0.30005754 0.20864155 0.08099914 0.07174066]
 [0.31157203 0.28094432 0.22487533 0.17714728 0.00546105]
 [0.38410108 0.29861411 0.13959035 0.12584335 0.05185111]
 [0.32251998 0.20162991 0.17976928 0.17251999 0.12356084]]"
15,"[[0.23713831 0.22612008 0.21336012 0.17930118 0.14408032]
 [0.33793186 0.29727514 0.22489639 0.11400236 0.02589425]
 [0.27070639 0.23954882 0.21567814 0.19013538 0.08393127]
 [0.27676601 0.27619003 0.20687144 0.1221661  0.11800643]
 [0.41649897 0.18618058 0.18013335 0.15500694 0.06218016]]"
16,"[[0.39541469 0.38990692 0.13689191 0.05533647 0.02245001]
 [0.3660635  0.26313897 0.23062945 0.13798862 0.00217945]
 [0.30712895 0.22747006 0.21677627 0.21032861 0.03829611]
 [0.2774842  0.21300683 0.21207088 0.19868959 0.0987485 ]
 [0.48167398 0.26078842 0.10655818 0.09073727 0.06024215]]"
17,"[[0.25143076 0.24847649 0.20607142 0.18644174 0.10757958]
 [0.31197721 0.2275899  0.2250143  0.19205041 0.04336818]
 [0.31281446 0.29091585 0.24810802 0.08909315 0.05906853]
 [0.29541388 0.2768534  0.18917449 0.14322252 0.0953357 ]
 [0.35759551 0.26591321 0.22814989 0.08616618 0.06217522]]"
18,"[[0.52546296 0.19186169 0.10829291 0.0889862  0.08539624]
 [0.30964905 0.30794248 0.20795577 0.10341426 0.07103845]
 [0.35571113 0.32579326 0.17270056 0.08321478 0.06258026]
 [0.44591704 0.27004926 0.13390749 0.10083041 0.0492958 ]
 [0.4606721  0.29973414 0.12487392 0.09400363 0.02071621]]"
19,"[[0.23579881 0.2343149  0.21697744 0.20763015 0.1052787 ]
 [0.30937345 0.27738629 0.22058146 0.11329005 0.07936875]
 [0.39816649 0.26365155 0.22224773 0.11330842 0.00262581]
 [0.36684629 0.33580572 0.19652052 0.08510523 0.01572224]
 [0.29662451 0.26912319 0.24621585 0.16516211 0.02287435]]"
20,"[[0.28796784 0.28537718 0.18997288 0.18339763 0.05328446]
 [0.2645958  0.25546863 0.22931994 0.21468849 0.03592715]
 [0.41547546 0.28585478 0.06814657 0.21327571 0.01724747]
 [0.33087431 0.21427922 0.1988759  0.18337179 0.07259878]
 [0.32240902 0.30784786 0.16491952 0.13394316 0.07088043]]"
21,"[[0.43202994 0.21721221 0.12323758 0.11710029 0.11041998]
 [0.34623616 0.20000615 0.19645578 0.15261892 0.104683  ]
 [0.2899236  0.27722644 0.24326739 0.15735395 0.03222862]
 [0.35800884 0.2420981  0.14980239 0.13652776 0.11356291]
 [0.27209496 0.23465493 0.22714137 0.13662879 0.12947994]]"
22,"[[0.44071414 0.27994178 0.17735582 0.05599375 0.04599451]
 [0.31324001 0.28707547 0.2475075  0.09778875 0.05438827]
 [0.28495814 0.23678161 0.21191872 0.14398016 0.12236137]
 [0.30316926 0.27887932 0.17149281 0.16645266 0.08000595]
 [0.36224869 0.35432328 0.13213186 0.08313054 0.06816563]]"
23,"[[0.27369243 0.26580865 0.23865462 0.15354568 0.06829862]
 [0.37190447 0.20501135 0.17304802 0.12675948 0.12327668]
 [0.37598001 0.25400085 0.22895691 0.11587055 0.02519168]
 [0.23655315 0.23488144 0.20646158 0.17809674 0.14400709]
 [0.38312591 0.2882283  0.26768805 0.04088804 0.02006969]]"
24,"[[0.42344874 0.24358674 0.21970165 0.08031482 0.03294805]
 [0.26096884 0.25358286 0.2529964  0.22160954 0.01084236]
 [0.27332467 0.24809177 0.21364151 0.19828007 0.06666199]
 [0.304703   0.22895698 0.1819489  0.16491298 0.11947814]
 [0.29355473 0.2925404  0.25241557 0.08120398 0.08028533]]"
25,"[[0.42799823 0.29649281 0.19776877 0.04332277 0.03441742]
 [0.31777921 0.19989816 0.17928034 0.16689217 0.13615012]
 [0.32702775 0.31379648 0.19899079 0.08728873 0.07289625]
 [0.38472532 0.33127371 0.14384827 0.11293079 0.02722192]
 [0.38054786 0.30376805 0.21583072 0.0968352  0.00301817]]"
26,"[[0.38440087 0.21725105 0.19392098 0.11404861 0.09037849]
 [0.61828652 0.18387853 0.09095266 0.08979987 0.01708243]
 [0.34822322 0.2606795  0.25628499 0.07252864 0.06228366]
 [0.29814043 0.25590632 0.25486637 0.161686   0.02940088]
 [0.32219271 0.28665043 0.25551925 0.08222826 0.05340934]]"
27,"[[0.3097828  0.26015606 0.19803164 0.18059503 0.05143446]
 [0.29672673 0.21190048 0.19171485 0.18894656 0.11071137]
 [0.23491263 0.20876225 0.19910067 0.19251135 0.16471311]
 [0.34415532 0.25171505 0.17826979 0.17267719 0.05318266]
 [0.33529538 0.31898421 0.19341432 0.07869779 0.0736083 ]]"
28,"[[0.29714937 0.29643797 0.26228728 0.1253234  0.01880197]
 [0.41800739 0.19799387 0.1970588  0.11505202 0.07188792]
 [0.31871355 0.30931884 0.20051758 0.09974814 0.07170189]
 [0.38823647 0.28377395 0.19005305 0.12773341 0.01020313]
 [0.2626929  0.24911916 0.24301065 0.18917308 0.05600423]]"
29,"[[0.31711179 0.26519836 0.21264782 0.15790171 0.04714032]
 [0.27350808 0.25274916 0.22810956 0.13528705 0.11034615]
 [0.30392567 0.23645778 0.20704776 0.16317173 0.08939705]
 [0.32026847 0.28882662 0.23827374 0.14940336 0.0032278 ]
 [0.29508101 0.25509205 0.21525677 0.16177002 0.07280015]]"
30,"[[0.35097222 0.30322812 0.19257433 0.08021981 0.07300552]
 [0.36069985 0.21882981 0.17283597 0.1296882  0.11794618]
 [0.22686959 0.23260347 0.21070069 0.17966889 0.15015737]
 [0.24877441 0.23579132 0.21085234 0.19247679 0.11210514]
 [0.25517071 0.23552069 0.21548212 0.1885805  0.10524599]]"
31,"[[2.76123710e-01 2.26508133e-01 2.24132165e-01 1.97482924e-01
  7.57530684e-02]
 [2.70964100e-01 2.48569857e-01 2.16964908e-01 2.10984454e-01
  5.25166811e-02]
 [3.92549155e-01 2.74700040e-01 2.38010974e-01 9.45797731e-02
  1.60057837e-04]
 [2.95088333e-01 2.76522113e-01 2.40880385e-01 1.51419920e-01
  3.60892496e-02]
 [2.98192541e-01 2.86804164e-01 1.70994533e-01 1.70205243e-01
  7.38035197e-02]]"
32,"[[0.34859297 0.33592457 0.20610368 0.05638408 0.05299471]
 [0.38427153 0.23223099 0.16163477 0.12090794 0.10095477]
 [0.23906336 0.21053189 0.19681441 0.18023182 0.17335852]
 [0.34956275 0.26335492 0.25249349 0.11805238 0.01653646]
 [0.44737772 0.28469931 0.11811538 0.10998659 0.03982099]]"
33,"[[0.25151188 0.2341576  0.20522046 0.16866152 0.14044854]
 [0.22555145 0.22076731 0.20809504 0.17868017 0.16690603]
 [0.26003245 0.22106753 0.21850527 0.15056005 0.1498347 ]
 [0.27664886 0.27537272 0.19922041 0.15731557 0.09144245]
 [0.3893033  0.26097632 0.2488832  0.07641419 0.024423  ]]"
34,"[[0.39278909 0.3035548  0.21823001 0.06579816 0.01962794]
 [0.40101635 0.28431686 0.27313036 0.03058948 0.01094695]
 [0.40377731 0.2651831  0.14978047 0.13725822 0.0440009 ]
 [0.48187237 0.44177941 0.02727344 0.02540039 0.02367439]
 [0.32470015 0.28503721 0.2158941  0.11521568 0.05915285]]"
35,"[[0.36291733 0.24779605 0.24243937 0.10575086 0.04109639]
 [0.25917392 0.22711963 0.21027496 0.19295069 0.1104808 ]
 [0.27140598 0.22809283 0.21422353 0.1499181  0.13635956]
 [0.30559651 0.29130614 0.20854071 0.10192766 0.09262898]
 [0.36047147 0.25372409 0.16976308 0.16781773 0.04822363]]"
36,"[[0.27897325 0.24166793 0.21910754 0.14796449 0.11228679]
 [0.40212966 0.38426988 0.17511671 0.03581276 0.00267099]
 [0.26447376 0.21675059 0.21099723 0.20721087 0.10056755]
 [0.28719192 0.2464878  0.2143775  0.15864345 0.09329933]
 [0.29113661 0.24330805 0.18163288 0.16911965 0.11480281]]"
37,"[[0.26092666 0.25472951 0.16784431 0.16468566 0.15181387]
 [0.58007006 0.13569695 0.10119642 0.0944512  0.08858537]
 [0.34669459 0.28147672 0.1340419  0.10829098 0.12949581]
 [0.31534148 0.31164507 0.28743675 0.07666421 0.00891249]
 [0.25899613 0.24082441 0.20644371 0.17125409 0.12248167]]"
38,"[[0.2990925  0.2482033  0.22880571 0.22092583 0.00297266]
 [0.31904375 0.2655196  0.23421386 0.10641311 0.07480968]
 [0.26323431 0.26062203 0.2486556  0.14755992 0.07992815]
 [0.55630757 0.23680299 0.13324882 0.05355695 0.02008367]
 [0.32852997 0.28648247 0.18488349 0.13146681 0.06863727]]"
39,"[[0.34758502 0.27166906 0.26929003 0.07240433 0.03905156]
 [0.30799382 0.30019906 0.1541787  0.12140876 0.11621965]
 [0.29607086 0.29422787 0.19030587 0.13188327 0.08751212]
 [0.30195818 0.28041334 0.19184378 0.1276277  0.098157  ]
 [0.30075857 0.29843532 0.23642288 0.08654164 0.0778416 ]]"
40,"[[0.36397062 0.22184794 0.14739178 0.13469707 0.13209259]
 [0.27492332 0.22244437 0.20270807 0.16373007 0.13619416]
 [0.33373343 0.326852   0.19886024 0.08291724 0.05763709]
 [0.26149735 0.25778602 0.22666882 0.12963905 0.12440877]
 [0.26136628 0.26017878 0.20470866 0.19412218 0.0796241 ]]"
41,"[[0.40383433 0.2371393  0.19274132 0.15720215 0.0090829 ]
 [0.24443386 0.24154194 0.21125763 0.15243911 0.15032747]
 [0.3095502  0.26297744 0.24808574 0.11724031 0.06214631]
 [0.24600067 0.22212068 0.2041903  0.20057024 0.1271181 ]
 [0.39500291 0.28316649 0.16374179 0.11435    0.04373882]]"
42,"[[0.4064831  0.26642092 0.07758761 0.18459979 0.06490857]
 [0.38882019 0.29070356 0.19862679 0.06175225 0.06009721]
 [0.30100166 0.29883239 0.2816846  0.11755682 0.00092453]
 [0.34904986 0.24345308 0.1697925  0.14912698 0.08857757]
 [0.2495116  0.24803869 0.19934197 0.19019462 0.11291313]]"
43,"[[0.43052441 0.38101796 0.08772125 0.05984934 0.04088703]
 [0.31420988 0.25715554 0.25581131 0.09886748 0.07395578]
 [0.45284335 0.2630023  0.19314467 0.05388118 0.03712849]
 [0.36502033 0.24321264 0.19546235 0.11495584 0.08134884]
 [0.53151685 0.21735647 0.16998228 0.05472424 0.02642017]]"
44,"[[0.34638633 0.25429706 0.15606075 0.1396045  0.10365136]
 [0.49580914 0.33207258 0.14611026 0.02270765 0.00330037]
 [0.26111263 0.24133461 0.19609235 0.17885316 0.12260725]
 [0.28595044 0.28213519 0.15321905 0.14955011 0.12914522]
 [0.29637185 0.21789976 0.20418193 0.16758607 0.11396038]]"
45,"[[0.30778741 0.25041045 0.22574471 0.1774212  0.03863623]
 [0.25877652 0.23441863 0.17233135 0.17021254 0.16426095]
 [0.41577597 0.38654988 0.09988442 0.08994682 0.00784291]
 [0.2663176  0.24571079 0.22897799 0.21252535 0.04646828]
 [0.28840364 0.24820388 0.24684933 0.12554156 0.09100159]]"
46,"[[0.41987081 0.306933   0.18812452 0.05892475 0.02614691]
 [0.36118235 0.30847983 0.18080357 0.12394615 0.02558809]
 [0.38740481 0.22147557 0.19381144 0.14393918 0.053369  ]
 [0.2985344  0.22588238 0.2132831  0.16897412 0.093326  ]
 [0.41378451 0.2944256  0.21646222 0.06575842 0.00956925]]"
47,"[[0.2907468  0.28409076 0.25847149 0.13043607 0.03625488]
 [0.28714886 0.27157034 0.17727705 0.15962845 0.1043753 ]
 [0.3296718  0.32842213 0.19712362 0.08517595 0.0596065 ]
 [0.35145535 0.33873943 0.16377883 0.12624409 0.01978231]
 [0.38327984 0.25621918 0.1577049  0.13866083 0.06413525]]"
48,"[[0.35599362 0.20062432 0.16616136 0.15790983 0.11931086]
 [0.34333285 0.27142749 0.22043888 0.08316498 0.0816358 ]
 [0.36472665 0.33469438 0.17967459 0.0855593  0.03534508]
 [0.34324367 0.2433332  0.19703744 0.1792846  0.03710109]
 [0.27914114 0.22168654 0.20941519 0.20017154 0.08958559]]"
49,"[[0.26761581 0.26377453 0.2538738  0.14567937 0.06905649]
 [0.38334144 0.35405145 0.13561178 0.07301708 0.05397825]
 [0.30086676 0.26006423 0.23327087 0.11551134 0.09028679]
 [0.52052807 0.2674869  0.20317553 0.00724554 0.00156396]
 [0.35990074 0.26716155 0.253072   0.11545368 0.00441204]]"
50,"[[0.32207775 0.22848992 0.22683098 0.20819504 0.0144063 ]
 [0.36308063 0.29206628 0.19217683 0.12657434 0.02610193]
 [0.36732735 0.34201491 0.16822711 0.09567514 0.02675548]
 [0.28291236 0.24681978 0.20595899 0.18724407 0.07706479]
 [0.33201529 0.30791089 0.16400377 0.10449912 0.09157094]]"
51,"[[0.26697742 0.26410645 0.175181   0.17199352 0.12174161]
 [0.47555206 0.40318198 0.08766735 0.01923025 0.01436836]
 [0.33455788 0.32872773 0.2056416  0.08633131 0.04474147]
 [0.31211359 0.25774967 0.20825792 0.18178677 0.04009206]
 [0.45569472 0.30194973 0.11166419 0.11053184 0.02015952]]"
52,"[[0.3909341  0.29145252 0.22096664 0.07543584 0.0212109 ]
 [0.33209488 0.3316781  0.28266132 0.03354816 0.02001753]
 [0.29457575 0.25629877 0.16569892 0.16524015 0.11818641]
 [0.31278126 0.28893596 0.19949179 0.19006781 0.00872318]
 [0.30365201 0.29767314 0.17805673 0.16985019 0.05076793]]"
53,"[[0.32949431 0.20221756 0.200418   0.13828615 0.12958398]
 [0.4460125  0.28470832 0.17822561 0.04861973 0.04243384]
 [0.30308713 0.23318377 0.22251383 0.21215503 0.02906025]
 [0.23124111 0.30559826 0.21379574 0.16176322 0.08760168]
 [0.27932334 0.2723608  0.23061737 0.21687588 0.00082261]]"
54,"[[0.31571729 0.28759164 0.23160816 0.08809609 0.07698682]
 [0.55735094 0.29019595 0.12091868 0.02790111 0.00363333]
 [0.25415213 0.24857935 0.24722784 0.13557125 0.11446942]
 [0.31258958 0.2845821  0.22807553 0.10923373 0.06551906]
 [0.37218308 0.21299764 0.15313398 0.14965965 0.11202565]]"
55,"[[0.45072584 0.37364753 0.07563968 0.06740321 0.03258373]
 [0.41805474 0.26241429 0.14243805 0.12746624 0.04962669]
 [0.27960219 0.24814756 0.19970936 0.16094672 0.11159417]
 [0.37279536 0.20033948 0.15383577 0.14648332 0.12654607]
 [0.26858564 0.26409563 0.21166845 0.192834   0.06281628]]"
56,"[[0.28534011 0.25776611 0.21692205 0.20285369 0.03711804]
 [0.24928584 0.24270696 0.22882211 0.22428756 0.05489754]
 [0.38972278 0.28581123 0.16191478 0.14404652 0.01850469]
 [0.30109443 0.30839542 0.24986694 0.13573373 0.00490948]
 [0.3137864  0.22921553 0.20224215 0.19607769 0.05867823]]"
57,"[[0.41542816 0.30129875 0.19135565 0.06286819 0.02904925]
 [0.25749811 0.25203594 0.22693096 0.14459216 0.11894282]
 [0.41466495 0.41295154 0.08324934 0.05888824 0.03024593]
 [0.39738215 0.23246479 0.23013504 0.09977255 0.04024548]
 [0.29277473 0.21550206 0.21124215 0.1741741  0.10630697]]"
58,"[[0.33224311 0.32076154 0.21279889 0.1019701  0.03222635]
 [0.34187533 0.26145967 0.19467011 0.18926573 0.01272917]
 [0.39689203 0.23781643 0.18377518 0.16046415 0.02105222]
 [0.2683875  0.24686817 0.18437523 0.15501408 0.14535502]
 [0.4452607  0.29499099 0.17026785 0.06434586 0.0251346 ]]"
59,"[[0.30547074 0.29887732 0.2175594  0.17358925 0.0045033 ]
 [0.38797614 0.37349584 0.21238094 0.022549   0.00359807]
 [0.28627441 0.22336179 0.20424508 0.1941198  0.09199892]
 [0.3365018  0.32291466 0.1832889  0.09510455 0.06219009]
 [0.32864721 0.31795839 0.24867177 0.05342419 0.05129843]]"
60,"[[0.5361535  0.13388265 0.13329636 0.10287084 0.09379664]
 [0.27085144 0.23196333 0.23014548 0.17807974 0.08896001]
 [0.3958209  0.1916941  0.17737399 0.16437833 0.07073268]
 [0.42228929 0.2779417  0.16850327 0.12363994 0.00762581]
 [0.33700304 0.33483094 0.1942919  0.06734806 0.06652606]]"
61,"[[0.46704001 0.20560168 0.15779289 0.1009712  0.06859422]
 [0.38747546 0.31328291 0.13286634 0.0890998  0.07727549]
 [0.31648261 0.30957585 0.25635596 0.10480492 0.01278067]
 [0.31604984 0.26202524 0.1815687  0.14418938 0.09616683]
 [0.33068831 0.30706841 0.28609498 0.03988476 0.03626354]]"
62,"[[0.27120862 0.23699201 0.23023586 0.22128598 0.04027753]
 [0.22615654 0.21833398 0.19930996 0.19349644 0.16270308]
 [0.40664915 0.31714348 0.20158158 0.06709426 0.00753153]
 [0.34040843 0.25394035 0.23165783 0.09314824 0.08084514]
 [0.37007227 0.24824338 0.19817346 0.17322065 0.01029024]]"
63,"[[0.31855967 0.27063265 0.25071338 0.14585137 0.01424294]
 [0.40398131 0.25076128 0.18829138 0.08655329 0.07041274]
 [0.31666709 0.27909808 0.23921929 0.07852009 0.08649544]
 [0.2806398  0.24595068 0.23585481 0.21766788 0.01988684]
 [0.35837154 0.32635761 0.17144959 0.13309623 0.01072504]]"
64,"[[0.43420685 0.23107055 0.14233763 0.09771691 0.09466806]
 [0.29094383 0.28067422 0.1928429  0.1807597  0.05477935]
 [0.33071456 0.27985797 0.23138198 0.08635232 0.07169317]
 [0.358617   0.28477614 0.18830261 0.09718087 0.07112339]
 [0.3973747  0.37430817 0.11969627 0.1062231  0.00239776]]"
65,"[[0.326126   0.30686738 0.19742916 0.08658546 0.08299201]
 [0.28226913 0.27971548 0.26823526 0.10914908 0.06063105]
 [0.32084424 0.26798668 0.25548074 0.13473505 0.0209533 ]
 [0.50351592 0.35889143 0.05322736 0.04649771 0.03786758]
 [0.27836015 0.27529337 0.23880861 0.11566218 0.09187569]]"
66,"[[0.32812647 0.23862981 0.20689328 0.20175903 0.02459141]
 [0.34367001 0.27036123 0.18098054 0.17175792 0.0332303 ]
 [0.39084682 0.21921045 0.2146099  0.12336672 0.05196611]
 [0.26849431 0.25273036 0.20709007 0.13996292 0.13172234]
 [0.35657027 0.27750368 0.15767729 0.13218244 0.07606633]]"
67,"[[0.41114632 0.23901148 0.19108579 0.10739721 0.05135919]
 [0.29400849 0.27126352 0.23529916 0.18183078 0.01759804]
 [0.38514016 0.21127726 0.17372705 0.1570376  0.07281793]
 [0.61192609 0.16643311 0.1251392  0.09416654 0.00233505]
 [0.45823727 0.23412161 0.14041986 0.12128439 0.04593686]]"
68,"[[0.30511506 0.26256202 0.20298597 0.14908143 0.08025553]
 [0.4144558  0.23260206 0.2144048  0.0941691  0.04436824]
 [0.38565755 0.34948167 0.12451919 0.09018526 0.05015633]
 [0.25337139 0.24666724 0.2321857  0.19251644 0.07525922]
 [0.31843659 0.29785256 0.24298362 0.10098641 0.03974082]]"
69,"[[0.38532001 0.23574518 0.23481508 0.09518148 0.04893825]
 [0.39220744 0.31317925 0.18160011 0.09705536 0.01595784]
 [0.32432913 0.3111908  0.14606578 0.14109426 0.07732002]
 [0.28545221 0.25124546 0.24968351 0.15517067 0.05844815]
 [0.37437105 0.2689186  0.19930663 0.15699596 0.00040777]]"
70,"[[0.30608469 0.2483747  0.24674144 0.1264739  0.07232528]
 [0.26446896 0.25959868 0.2392704  0.16352387 0.07313809]
 [0.29382437 0.2623682  0.19079197 0.15915872 0.09385673]
 [0.31833366 0.29783561 0.216778   0.15214287 0.01490987]
 [0.35429875 0.23940794 0.17851494 0.15386013 0.07391824]]"
71,"[[0.43736862 0.29072406 0.13597498 0.09074477 0.04518757]
 [0.3998409  0.29341432 0.13050562 0.1191578  0.05708136]
 [0.31014504 0.27642251 0.15159051 0.14012806 0.12171388]
 [0.38697538 0.25649939 0.25642038 0.08424192 0.01586293]
 [0.42033065 0.29508199 0.13889848 0.0835524  0.06213648]]"
72,"[[0.31058855 0.25483293 0.20373718 0.20196182 0.02887953]
 [0.2744927  0.26523702 0.22495392 0.18634343 0.04897293]
 [0.24907795 0.24257    0.20653604 0.16459448 0.13722153]
 [0.30830543 0.26047101 0.21763461 0.19217178 0.02141717]
 [0.42517577 0.21269563 0.1569406  0.15424022 0.05094778]]"
73,"[[0.38617026 0.26761925 0.1740872  0.15412842 0.01799488]
 [0.32782454 0.30860811 0.17845933 0.14725298 0.03785504]
 [0.27390606 0.26618564 0.23052684 0.20167978 0.02770167]
 [0.3836715  0.30918573 0.24507922 0.0336278  0.02843576]
 [0.31552423 0.24922941 0.24838251 0.12551698 0.06134687]]"
74,"[[0.47644459 0.19157542 0.18892932 0.12815576 0.0148949 ]
 [0.38660479 0.27446732 0.21273705 0.1063492  0.01984163]
 [0.59354171 0.23233905 0.11515018 0.04672973 0.01223934]
 [0.50045298 0.33221229 0.09998408 0.03371593 0.03363471]
 [0.33011012 0.29118762 0.27898949 0.083235   0.01647776]]"
75,"[[0.28611562 0.2660961  0.24947686 0.17055439 0.02775704]
 [0.29907867 0.27547233 0.26686136 0.11005242 0.04853522]
 [0.33715463 0.32274514 0.24907604 0.05162231 0.03940188]
 [0.31371465 0.28128299 0.23884955 0.13675034 0.02940246]
 [0.35034872 0.26515337 0.25685097 0.10822002 0.01942692]]"
76,"[[0.28947297 0.22647589 0.22441638 0.17877507 0.0808597 ]
 [0.31797333 0.31569913 0.19525618 0.12500343 0.04606792]
 [0.29583298 0.21951148 0.17049415 0.163383   0.15077839]
 [0.41688812 0.26615162 0.2471498  0.05481814 0.01499232]
 [0.24452211 0.23183313 0.20604617 0.18520718 0.1323914 ]]"
77,"[[0.56965539 0.1483691  0.13780523 0.08132177 0.06284851]
 [0.46515201 0.30709163 0.15154849 0.0541412  0.02206667]
 [0.35533523 0.34811533 0.16217195 0.08755662 0.04682086]
 [0.34625006 0.19793406 0.1899394  0.14803776 0.11783872]
 [0.32387888 0.30006183 0.25868479 0.10934551 0.008029  ]]"
78,"[[0.47983375 0.20195042 0.17374764 0.12195607 0.02251212]
 [0.28893195 0.28377966 0.16319266 0.14163717 0.12245856]
 [0.54951898 0.20310033 0.17541506 0.04616455 0.02580107]
 [0.32750706 0.31223504 0.20137627 0.13825167 0.02062995]
 [0.31665894 0.30486166 0.23758742 0.0837158  0.05717617]]"
79,"[[0.32765143 0.30400626 0.24255428 0.08389082 0.0418972 ]
 [0.26905531 0.26447947 0.19795934 0.18149954 0.08700635]
 [0.38399177 0.29243731 0.24577772 0.04883889 0.0289543 ]
 [0.37569396 0.19015755 0.16908912 0.16552643 0.09953295]
 [0.28574787 0.27405216 0.25001671 0.12393537 0.06624789]]"
80,"[[0.27526043 0.26356397 0.18432933 0.1419511  0.13489517]
 [0.48256205 0.19239171 0.18965364 0.07887458 0.05651803]
 [0.2616681  0.22464682 0.20557208 0.19053676 0.11757623]
 [0.2771683  0.24241986 0.22117568 0.15900987 0.10022628]
 [0.27754502 0.32429516 0.26858789 0.12577938 0.00379254]]"
81,"[[0.26374859 0.24607839 0.20108305 0.16041355 0.12867642]
 [0.39752014 0.2660353  0.15861942 0.0961578  0.08166735]
 [0.27266166 0.2495314  0.18797307 0.15660373 0.13323014]
 [0.31657286 0.29678869 0.18889697 0.14673537 0.0510061 ]
 [0.30756683 0.22079444 0.18027435 0.14897183 0.14239255]]"
82,"[[0.30267223 0.30082142 0.18104142 0.16879277 0.04667216]
 [0.27224868 0.27183432 0.21502958 0.13690402 0.10398339]
 [0.33544125 0.29733959 0.20089913 0.1318549  0.03446513]
 [0.3786549  0.35709418 0.16582499 0.07537401 0.02305192]
 [0.35148693 0.26781945 0.16420028 0.11675129 0.09974205]]"
83,"[[0.29844536 0.2533804  0.24201168 0.13094051 0.07522205]
 [0.41029191 0.33831871 0.22827101 0.0199026  0.00321578]
 [0.3147346  0.24322031 0.23185137 0.12623536 0.08395836]
 [0.27906206 0.27058259 0.25806193 0.14698904 0.04530437]
 [0.41361507 0.20449626 0.17851416 0.11064302 0.09273149]]"
84,"[[0.28798767 0.25307648 0.2158682  0.16737273 0.07569492]
 [0.31391906 0.26232543 0.22609726 0.11665116 0.08100709]
 [0.41172431 0.34021963 0.15385755 0.0683647  0.02583381]
 [0.33843147 0.26200945 0.19389092 0.11422325 0.09144491]
 [0.4089357  0.25484762 0.23949169 0.07624643 0.02047855]]"
85,"[[0.37032667 0.31124209 0.26461616 0.04275888 0.01105621]
 [0.34204039 0.25668152 0.25380111 0.13550253 0.01197444]
 [0.35174533 0.27680174 0.18234068 0.17212216 0.01699009]
 [0.30131405 0.25278597 0.1933433  0.18009351 0.07246317]
 [0.26099605 0.25974174 0.23952198 0.17648829 0.06325194]]"
86,"[[0.41595682 0.38245561 0.13215939 0.04663891 0.02278928]
 [0.35111283 0.25806003 0.16821506 0.14243147 0.08018062]
 [0.35954335 0.27128975 0.17772603 0.13105199 0.06038889]
 [0.29905967 0.28942904 0.27280163 0.07227054 0.06643912]
 [0.36736165 0.31544088 0.18886175 0.09102715 0.03730857]]"
87,"[[0.48167883 0.27994132 0.0933386  0.08329365 0.06174759]
 [0.49091565 0.25992688 0.13260936 0.08940726 0.02714085]
 [0.47920475 0.22292206 0.14600342 0.10139387 0.0504759 ]
 [0.4965562  0.22448651 0.1239881  0.10408074 0.05088845]
 [0.31736399 0.25777261 0.24887583 0.12780383 0.04818374]]"
88,"[[0.331042   0.32631047 0.13915414 0.10844763 0.09504577]
 [0.31808926 0.31170903 0.21799899 0.13689929 0.01530344]
 [0.27987942 0.26111891 0.16559657 0.1553001  0.138105  ]
 [0.39186151 0.2887658  0.16225395 0.07978757 0.07733117]
 [0.46073679 0.32379122 0.09477272 0.06154011 0.05915916]]"
89,"[[0.27867092 0.24065713 0.21049929 0.18903497 0.08113769]
 [0.27746854 0.25196847 0.18421929 0.21209707 0.07424663]
 [0.32250451 0.28046385 0.16318279 0.14967701 0.08417184]
 [0.36068792 0.23287428 0.21787652 0.11467474 0.07388655]
 [0.27233924 0.25111514 0.23524319 0.15306892 0.08823351]]"
90,"[[0.2403745  0.20901619 0.19694434 0.1817374  0.17192758]
 [0.4417703  0.35574738 0.13694901 0.0549875  0.01054581]
 [0.4860876  0.32390933 0.13396963 0.04480351 0.01122994]
 [0.28167833 0.23664058 0.20647341 0.15731893 0.11788874]
 [0.29680389 0.28274465 0.25344345 0.12335071 0.04365729]]"
91,"[[0.29182357 0.28750181 0.26592876 0.15198172 0.00276414]
 [0.35066034 0.25316432 0.21310434 0.0952671  0.08780389]
 [0.36883897 0.35151345 0.23046699 0.03967813 0.00950245]
 [0.41512472 0.40091487 0.10799034 0.05906021 0.01690986]
 [0.44885421 0.23740179 0.19109872 0.11697629 0.00566899]]"
92,"[[0.31322148 0.2225301  0.20314303 0.13145191 0.12965347]
 [0.3184545  0.21832072 0.21137857 0.17797991 0.0738663 ]
 [0.24628336 0.24230421 0.19524812 0.18529186 0.13087246]
 [0.28040256 0.26435095 0.24323986 0.15570007 0.05630655]
 [0.40007524 0.2087147  0.17471986 0.12133003 0.09516017]]"
93,"[[0.37901703 0.32725613 0.24220374 0.0331894  0.01833371]
 [0.30422942 0.22042944 0.18626876 0.16364298 0.12542939]
 [0.39130034 0.22572879 0.19860197 0.12318547 0.06118343]
 [0.31115952 0.2612545  0.22855335 0.09957315 0.09945947]
 [0.36806947 0.2792226  0.16175827 0.15837308 0.03257657]]"
94,"[[0.28535448 0.27633869 0.19492951 0.14317158 0.10020574]
 [0.30693184 0.24590866 0.22908155 0.1469883  0.07108966]
 [0.28490553 0.2662406  0.22273537 0.1926586  0.03345989]
 [0.30810242 0.29499048 0.16045259 0.15123911 0.08521541]
 [0.28704285 0.27051611 0.18881939 0.12722876 0.12639289]]"
95,"[[0.41673479 0.35944937 0.19363667 0.02311501 0.00706415]
 [0.30965346 0.22366051 0.19876711 0.16399515 0.10392378]
 [0.42273044 0.34258739 0.19889074 0.03233511 0.00345632]
 [0.35838252 0.35292318 0.10787532 0.09803426 0.08278472]
 [0.29247827 0.22713918 0.19247663 0.18432338 0.10358254]]"
96,"[[0.33396294 0.24492399 0.20055639 0.11225886 0.10829782]
 [0.48489543 0.23437265 0.11681428 0.09141775 0.07249989]
 [0.43333203 0.32467914 0.1352446  0.07626452 0.03047971]
 [0.34618237 0.34066667 0.19665764 0.10499081 0.0115025 ]
 [0.43735361 0.26786008 0.12396069 0.09451332 0.0763123 ]]"
97,"[[0.30820741 0.29320971 0.20173341 0.16224167 0.03460781]
 [0.33017887 0.32632589 0.16738648 0.12509268 0.05101607]
 [0.3387507  0.26356935 0.19964319 0.14998572 0.04805105]
 [0.25340165 0.22407733 0.19500404 0.18083752 0.14667947]
 [0.30463225 0.30211813 0.16375748 0.15262705 0.07686509]]"
98,"[[0.51443328 0.20078184 0.13384648 0.128001   0.0229374 ]
 [0.47144864 0.3468621  0.10289252 0.06851775 0.01027899]
 [0.3158497  0.24128598 0.23706285 0.19366283 0.01213864]
 [0.30297962 0.27414689 0.21448947 0.19488352 0.0135005 ]
 [0.31282093 0.26808182 0.1628133  0.15918755 0.0970964 ]]"
99,"[[0.30376353 0.27945643 0.22321158 0.11062939 0.08293907]
 [0.29664676 0.23989319 0.2206929  0.1391886  0.10357856]
 [0.31509417 0.2870807  0.22080035 0.12709136 0.04993342]
 [0.37258811 0.2454282  0.20696662 0.09309695 0.08192011]
 [0.27525276 0.24467655 0.23947711 0.13349473 0.10709884]]"
100,"[[0.29933632 0.27710861 0.16489985 0.16374362 0.0949116 ]
 [0.3445992  0.27105672 0.19345008 0.14351651 0.0473775 ]
 [0.24371684 0.22701067 0.22567086 0.17525721 0.12834441]
 [0.32278011 0.28955667 0.25995847 0.11664103 0.01106373]
 [0.30223899 0.24243007 0.19838863 0.13070354 0.12623878]]"
101,"[[0.1265859  0.11537681 0.11291066 0.10970906 0.10509398 0.10507906
  0.09691234 0.09003049 0.07049553 0.06780616]
 [0.24419534 0.14456962 0.14083688 0.11536435 0.11511284 0.09149279
  0.04101843 0.04052479 0.03728408 0.0296009 ]
 [0.18930825 0.17286453 0.14829731 0.12682418 0.12619646 0.08360754
  0.06893766 0.04094548 0.02526026 0.01775832]
 [0.16072774 0.14690976 0.1284967  0.10707141 0.1025306  0.09693011
  0.09549551 0.08182267 0.0566839  0.02333159]
 [0.21626525 0.17833789 0.16340804 0.1515134  0.09539348 0.08158161
  0.05138583 0.02436029 0.02238043 0.01537378]
 [0.16532019 0.16157853 0.14686973 0.12518738 0.10509888 0.08820142
  0.08714245 0.05401813 0.03430576 0.03227751]
 [0.15803165 0.14632273 0.12425557 0.09402019 0.11877481 0.09232311
  0.07721851 0.07052005 0.0694126  0.04912079]
 [0.18220095 0.18208788 0.14920476 0.12848551 0.08921586 0.08665938
  0.07390546 0.05668659 0.01400355 0.03755006]
 [0.16137684 0.15391945 0.1505301  0.13793683 0.13679485 0.12022223
  0.08844717 0.03283284 0.01012581 0.00781387]
 [0.22395835 0.16771881 0.16256154 0.13955435 0.10367142 0.0943832
  0.06484641 0.02628052 0.01592959 0.0010958 ]]"
102,"[[0.19900322 0.17235842 0.15924025 0.09740829 0.15241775 0.08390914
  0.05795222 0.05020943 0.02604728 0.001454  ]
 [0.13730223 0.12400113 0.12120187 0.11153216 0.10710607 0.1028144
  0.09801947 0.09746445 0.0526499  0.04790831]
 [0.18062811 0.1701444  0.1529227  0.14767665 0.12532551 0.07224339
  0.05878855 0.05200835 0.03547306 0.00478928]
 [0.14140137 0.13583479 0.13089388 0.12396136 0.1159375  0.08482511
  0.07964599 0.07637694 0.06402668 0.04709639]
 [0.17501735 0.15864348 0.15421321 0.15361499 0.09497147 0.07967069
  0.07056969 0.04994151 0.04326482 0.02009279]
 [0.16203557 0.14446354 0.14369305 0.14288266 0.12255149 0.1006647
  0.0658982  0.04642331 0.03811659 0.03327089]
 [0.18693991 0.17864605 0.15457181 0.14288746 0.13956157 0.08846563
  0.05657418 0.02590154 0.01750264 0.00894922]
 [0.13158056 0.12792748 0.1246124  0.1234648  0.10993102 0.10286931
  0.08955248 0.08586038 0.06671019 0.03749138]
 [0.16543999 0.14211153 0.137157   0.13575135 0.12665322 0.10614902
  0.0917331  0.05929053 0.03179584 0.00391843]
 [0.17202003 0.15669942 0.15420328 0.13225049 0.11097579 0.08982353
  0.08036308 0.05501832 0.03034558 0.01830048]]"
103,"[[0.1815361  0.17186292 0.13943733 0.13884233 0.13099901 0.12471121
  0.07456752 0.03552965 0.00148712 0.00102682]
 [0.20413172 0.16622682 0.14723989 0.14241647 0.09638667 0.094871
  0.0724654  0.02908494 0.02365226 0.02352481]
 [0.16642504 0.13819362 0.12093274 0.1196625  0.09593911 0.09245321
  0.08075749 0.06527571 0.06666298 0.0536976 ]
 [0.20150656 0.19312553 0.1352761  0.12188451 0.11951825 0.08275004
  0.06883385 0.03521533 0.02658211 0.01530774]
 [0.14876219 0.14841105 0.13396582 0.1327672  0.10210389 0.09843191
  0.08235264 0.07212095 0.05693722 0.02414712]
 [0.19432243 0.19308747 0.18094667 0.10702121 0.09206743 0.08312884
  0.06858152 0.03821732 0.03201647 0.01061063]
 [0.16261864 0.1473049  0.14211602 0.12343839 0.10984063 0.0991555
  0.09462628 0.05274449 0.03561579 0.03253936]
 [0.16693337 0.15098316 0.1508364  0.11304876 0.11260666 0.10023381
  0.07725421 0.0528172  0.0508624  0.02442402]
 [0.18717977 0.16936026 0.16403113 0.14730966 0.0912037  0.08786633
  0.06447915 0.0428132  0.03200384 0.01375296]
 [0.19796589 0.18432724 0.15303103 0.12324865 0.12304734 0.10488336
  0.05436759 0.02396581 0.02124474 0.01391836]]"
104,"[[0.17133669 0.15308801 0.12728093 0.12304845 0.11609385 0.09356809
  0.08562707 0.06142416 0.04357663 0.02495611]
 [0.29648369 0.24409684 0.18439103 0.08150028 0.06322875 0.04900732
  0.04204802 0.02430244 0.00806393 0.0068777 ]
 [0.215256   0.1455535  0.14298114 0.12241436 0.11593246 0.08805133
  0.07429849 0.06206912 0.01870806 0.01473554]
 [0.18671001 0.18420817 0.16582764 0.15105872 0.13878678 0.0980458
  0.02206435 0.01998299 0.01798619 0.01532935]
 [0.14786389 0.14455797 0.12521937 0.12336677 0.11964066 0.11381139
  0.08556174 0.07402861 0.03913686 0.02681274]
 [0.18074705 0.16612129 0.16195124 0.15172786 0.10991376 0.07089106
  0.05932029 0.03737219 0.03639754 0.02555772]
 [0.21510636 0.20510356 0.20397073 0.13247174 0.07636841 0.07147503
  0.04227609 0.02650751 0.01429222 0.01242835]
 [0.27767252 0.19674902 0.1153057  0.09758803 0.0791077  0.07768511
  0.04780453 0.04197056 0.03388524 0.03223158]
 [0.16682032 0.14045693 0.13915962 0.12216868 0.11063163 0.10676392
  0.08163708 0.06693499 0.05070032 0.0147265 ]
 [0.20038974 0.18702522 0.1804827  0.13486691 0.08624664 0.08371635
  0.05328096 0.04757977 0.01387736 0.01253434]]"
105,"[[0.13221296 0.12763024 0.12332867 0.1177905  0.107906   0.1060367
  0.10134605 0.07847064 0.07356051 0.03171773]
 [0.13416092 0.12651515 0.12182259 0.12181285 0.09257092 0.11632944
  0.09082156 0.08124438 0.07491808 0.03980411]
 [0.20165549 0.16390135 0.12718148 0.11544217 0.10980284 0.08557661
  0.07870255 0.06321025 0.03977078 0.01475649]
 [0.22315872 0.14454994 0.13775608 0.12159386 0.0810528  0.07863708
  0.06878732 0.05346308 0.04652381 0.04447731]
 [0.21036307 0.18773019 0.14804268 0.13466829 0.11410276 0.08656812
  0.04363614 0.03603287 0.02733925 0.01151663]
 [0.16773237 0.16491453 0.15021865 0.14653415 0.12662049 0.0994923
  0.05300741 0.04485476 0.04312944 0.00349589]
 [0.18559657 0.1675038  0.16581958 0.13236532 0.11768534 0.10147379
  0.05896317 0.04065809 0.02823441 0.00169993]
 [0.1631817  0.15915078 0.13589755 0.13146862 0.10300099 0.07825165
  0.06393752 0.06385188 0.05837626 0.04288306]
 [0.15416484 0.13676849 0.13023718 0.11814673 0.09807499 0.0948663
  0.09058076 0.08275469 0.05345954 0.04094648]
 [0.17176165 0.16757825 0.14587376 0.1167248  0.10140548 0.07997473
  0.0775786  0.06698343 0.06318274 0.00893657]]"
106,"[[0.21350711 0.20023092 0.16730043 0.12098871 0.10023702 0.09035706
  0.05545217 0.03471238 0.01682488 0.00038931]
 [0.18624547 0.16275381 0.14385235 0.13776026 0.13175991 0.08460546
  0.08153155 0.05666028 0.00952411 0.00530681]
 [0.15941342 0.15451953 0.14999374 0.1264501  0.10241756 0.0875449
  0.08312296 0.06941439 0.03704301 0.03008039]
 [0.1895187  0.18324159 0.17289436 0.13854344 0.11801338 0.08838373
  0.04511084 0.0420118  0.01912786 0.0031543 ]
 [0.1989469  0.19121778 0.15647052 0.12569362 0.11511364 0.09750737
  0.06324177 0.04071883 0.00807884 0.00301074]
 [0.21750792 0.21460744 0.20978901 0.12479148 0.07887037 0.04774971
  0.04693485 0.02575041 0.01780595 0.01619285]
 [0.24617101 0.21096816 0.13533625 0.10146191 0.09246708 0.07577195
  0.06363304 0.05788729 0.0106165  0.00568681]
 [0.2100759  0.16267265 0.16226686 0.13299828 0.12022389 0.09895073
  0.05396262 0.03629575 0.01332524 0.00922807]
 [0.21367159 0.16758364 0.15660757 0.13879878 0.10914262 0.08183029
  0.05639923 0.04278234 0.03044456 0.00273939]
 [0.14591737 0.14265282 0.13354064 0.12338506 0.10507624 0.10135069
  0.07870247 0.06645073 0.0630076  0.03991639]]"
107,"[[0.14211852 0.12886529 0.12724952 0.12209844 0.11821698 0.11570239
  0.10916497 0.09611486 0.0203742  0.02009483]
 [0.16951588 0.16277025 0.14469291 0.12366287 0.11936523 0.11281388
  0.07743636 0.03797048 0.03024212 0.02153003]
 [0.17255008 0.16068705 0.12530366 0.12295713 0.09909485 0.09200338
  0.08501148 0.06100442 0.04756474 0.03382321]
 [0.18556114 0.15818437 0.15705344 0.10311294 0.09250689 0.08512057
  0.08271675 0.06850031 0.00796926 0.05927433]
 [0.18387597 0.18199452 0.13085413 0.1201262  0.09741324 0.09460661
  0.07248263 0.06996482 0.04089609 0.00778579]
 [0.15771704 0.1571832  0.15204595 0.14628996 0.14447659 0.09039596
  0.06676584 0.05239339 0.02906178 0.00367028]
 [0.20752846 0.16409908 0.15410834 0.11928501 0.11364752 0.10765878
  0.04590932 0.03774068 0.03651485 0.01350795]
 [0.14392824 0.14048017 0.13506791 0.12848579 0.12042141 0.08592251
  0.08455057 0.06471903 0.06438573 0.03203863]
 [0.16409002 0.15052519 0.1426939  0.12841741 0.11364994 0.09519079
  0.08401946 0.05853884 0.04127439 0.02160007]
 [0.16775902 0.16353662 0.14636378 0.13885203 0.11593586 0.11553335
  0.08657629 0.04148461 0.01996418 0.00399427]]"
108,"[[0.15432018 0.15025502 0.14978811 0.13530602 0.10402276 0.09086145
  0.08291072 0.07767649 0.04433408 0.01052517]
 [0.22783543 0.19400118 0.14164756 0.12555843 0.07515226 0.07171113
  0.06204022 0.06033226 0.03622031 0.00550121]
 [0.14574411 0.14487893 0.14024453 0.1192674  0.13558678 0.09048259
  0.07451836 0.07261001 0.0416494  0.03501788]
 [0.19249477 0.1876433  0.17238823 0.10473267 0.09508933 0.08189612
  0.0632135  0.05119894 0.0407699  0.01057324]
 [0.15355723 0.13632446 0.13466219 0.11089383 0.11044319 0.08701496
  0.08419137 0.07984467 0.07242758 0.03064052]
 [0.23058359 0.22388851 0.20760625 0.15869483 0.10164781 0.02922856
  0.01827403 0.01355137 0.00939035 0.00713471]
 [0.19167081 0.17779051 0.17125468 0.14663878 0.10251684 0.06860954
  0.05186428 0.04242976 0.03504159 0.01218322]
 [0.25271662 0.15788716 0.14478282 0.13810095 0.12474982 0.06694302
  0.04505573 0.03794234 0.02171593 0.0101056 ]
 [0.204133   0.17078923 0.15164209 0.11339383 0.09953903 0.09091052
  0.07959381 0.06622531 0.02046104 0.00331214]
 [0.15658466 0.15173303 0.12309534 0.11316129 0.11081241 0.10717241
  0.10445677 0.04674041 0.07836889 0.00787479]]"
109,"[[0.19430095 0.19013798 0.14729864 0.13913187 0.09188568 0.07281778
  0.0658742  0.05890575 0.02663078 0.01301636]
 [0.18446049 0.17104138 0.15317356 0.11789354 0.1376754  0.10096824
  0.06833989 0.04608549 0.01092254 0.00943947]
 [0.20625291 0.19968239 0.17295086 0.12272036 0.12015649 0.11087889
  0.03948078 0.02040032 0.0061865  0.00129051]
 [0.15585603 0.15005905 0.14192303 0.11508153 0.10936446 0.10177194
  0.09076562 0.07703543 0.03021048 0.02793243]
 [0.18390929 0.1448674  0.13323917 0.12336641 0.10471817 0.09275389
  0.07353525 0.07242214 0.07030005 0.00088823]
 [0.1742207  0.13749906 0.13065467 0.11719725 0.11400972 0.10233191
  0.07928253 0.06307944 0.07508403 0.00664071]
 [0.21504766 0.15206066 0.14030879 0.13840699 0.1379679  0.10227837
  0.06583393 0.03705359 0.00626907 0.00477305]
 [0.1875139  0.15938542 0.15251376 0.12691859 0.12068739 0.08336452
  0.07153685 0.06583882 0.03055955 0.00168121]
 [0.21040301 0.20630736 0.19622103 0.15153683 0.13308877 0.0567615
  0.02451636 0.01176171 0.00727678 0.00212666]
