,0
1,"[[0.31347069 0.09213569 0.09444895 0.27882006 0.2211246 ]
 [0.29024766 0.19439141 0.09094962 0.12081338 0.30359793]
 [0.46352082 0.19856871 0.08560313 0.00673942 0.24556791]
 [0.29654166 0.16914459 0.08497423 0.20075495 0.24858457]
 [0.288898   0.20406984 0.23847081 0.17353299 0.09502836]]"
2,"[[0.11648739 0.27952695 0.28210615 0.04776012 0.27411939]
 [0.05785353 0.36070532 0.28953883 0.0275484  0.26435393]
 [0.14743871 0.22718357 0.26696805 0.08055347 0.27785621]
 [0.15505898 0.31631475 0.25795251 0.21140528 0.05926847]
 [0.26439317 0.13689947 0.09023241 0.10305753 0.40541742]]"
3,"[[0.10358515 0.28053457 0.31545597 0.21300006 0.08742426]
 [0.26988559 0.23701947 0.10626744 0.19362434 0.19320316]
 [0.08860991 0.30910893 0.31610167 0.17176693 0.11441256]
 [0.09568061 0.29450654 0.33963014 0.18779212 0.08239058]
 [0.19537225 0.23292182 0.20394138 0.19994765 0.1678169 ]]"
4,"[[0.16568893 0.24748756 0.11031236 0.23684189 0.23966925]
 [0.06900853 0.3090256  0.10441966 0.2370741  0.2804721 ]
 [0.00372121 0.48286213 0.11086644 0.20839367 0.19415654]
 [0.03576811 0.11869719 0.45756244 0.27097041 0.11700185]
 [0.01270847 0.30395833 0.15182768 0.29928465 0.23222087]]"
5,"[[0.23001701 0.26448204 0.15392376 0.17525384 0.17632336]
 [0.31539997 0.17749061 0.06035866 0.09578635 0.35096441]
 [0.32881246 0.32547674 0.05599032 0.09890317 0.19081732]
 [0.34390146 0.35001613 0.06664757 0.08408319 0.15535164]
 [0.24527486 0.23643128 0.23407054 0.04286962 0.2413537 ]]"
6,"[[0.29245241 0.29509829 0.12043066 0.16034254 0.13167611]
 [0.19344817 0.24989989 0.06550235 0.13792636 0.35322323]
 [0.08003748 0.46433196 0.11593485 0.13299845 0.20669727]
 [0.00962667 0.3316609  0.08379247 0.45441608 0.12050388]
 [0.0968205  0.48257091 0.03678209 0.06598417 0.31784234]]"
7,"[[0.28361613 0.15038836 0.1741445  0.13961493 0.25223608]
 [0.27397331 0.21011895 0.13714657 0.15063335 0.22812783]
 [0.3263995  0.17220588 0.117667   0.1687077  0.21501992]
 [0.41940196 0.24921206 0.03234094 0.06722398 0.23182106]
 [0.34548362 0.16521619 0.1150691  0.05596239 0.3182687 ]]"
8,"[[0.17518409 0.27615416 0.00205676 0.05467531 0.49192968]
 [0.30357638 0.10002917 0.10072929 0.21442611 0.28123905]
 [0.26919733 0.11928272 0.16749266 0.22193841 0.22208888]
 [0.251286   0.1978717  0.03692398 0.22207801 0.2918403 ]
 [0.10376527 0.23117715 0.06887664 0.30880464 0.28737631]]"
9,"[[0.17948465 0.1943895  0.2959242  0.27157697 0.05862468]
 [0.03170699 0.27435047 0.35037679 0.2836616  0.05990415]
 [0.02542673 0.18607618 0.48824644 0.19974465 0.100506  ]
 [0.12458367 0.20654939 0.25779899 0.25020945 0.16085849]
 [0.07773825 0.35666477 0.39133415 0.16107949 0.01318334]]"
10,"[[0.36089399 0.17320782 0.18526516 0.05312676 0.22750626]
 [0.24821852 0.13902568 0.19481114 0.26729437 0.15065029]
 [0.4882483  0.01061467 0.1424659  0.33452479 0.02414634]
 [0.35813957 0.08877052 0.16044885 0.25493165 0.13770941]
 [0.23555552 0.09511499 0.27389201 0.29894472 0.09649276]]"
11,"[[0.08601049 0.19764049 0.26274938 0.17811595 0.2754837 ]
 [0.25920168 0.16836888 0.291434   0.02046902 0.26052642]
 [0.02573231 0.31042983 0.24350858 0.30262404 0.11770523]
 [0.20978204 0.20414695 0.25750153 0.08391929 0.24465019]
 [0.18984039 0.21923247 0.25390699 0.09972128 0.23729888]]"
12,"[[0.17991371 0.17632729 0.24122249 0.27487523 0.12766128]
 [0.32913395 0.14575763 0.08362975 0.33634475 0.10513391]
 [0.25738864 0.18144697 0.13854035 0.28462793 0.13799611]
 [0.34996782 0.13104225 0.05393539 0.36211871 0.10293582]
 [0.34728914 0.2791095  0.1473977  0.17192859 0.05427508]]"
13,"[[0.44638803 0.0404618  0.0123736  0.4338203  0.06695627]
 [0.29127556 0.14218714 0.25593421 0.27234035 0.03826275]
 [0.22504257 0.17585149 0.20383751 0.08943323 0.3058352 ]
 [0.22254677 0.24951993 0.0828134  0.21424865 0.23087125]
 [0.18007172 0.10386784 0.14223598 0.17491699 0.39890747]]"
14,"[[0.32940227 0.04364775 0.2667185  0.29834505 0.06188643]
 [0.4748781  0.39781484 0.04323929 0.04577361 0.03829416]
 [0.16058096 0.09894591 0.15087335 0.4465331  0.14306667]
 [0.28634892 0.2213839  0.20674455 0.25954186 0.02598077]
 [0.2537407  0.00482695 0.21040881 0.35675681 0.17426673]]"
15,"[[0.26722411 0.16297249 0.21365155 0.28144725 0.0747046 ]
 [0.26744031 0.11263538 0.38099569 0.21231098 0.02661764]
 [0.29938555 0.20608798 0.15325432 0.32677951 0.01449265]
 [0.19436776 0.1876965  0.21174588 0.22439499 0.18179487]
 [0.17039027 0.17169879 0.27288389 0.22148017 0.16354688]]"
16,"[[0.09942591 0.18207223 0.28952071 0.21761213 0.21136902]
 [0.06421059 0.28159321 0.22224024 0.18168475 0.25027122]
 [0.0162549  0.185382   0.25209826 0.48339952 0.06286531]
 [0.12906749 0.06541738 0.29905948 0.23211919 0.27433645]
 [0.14521703 0.15904926 0.2658272  0.27314418 0.15676233]]"
17,"[[0.23669964 0.24683166 0.32431405 0.0316735  0.16048114]
 [0.32893089 0.30277734 0.07070728 0.00099253 0.29659196]
 [0.18168102 0.23401529 0.2622434  0.09777    0.22429029]
 [0.20237079 0.24146824 0.30881235 0.04819627 0.19915236]
 [0.31999679 0.33375476 0.27819996 0.01631717 0.05173132]]"
18,"[[2.52799820e-01 2.80773263e-01 3.50801872e-02 1.49979039e-01
  2.81367691e-01]
 [2.39483126e-01 2.34910978e-01 1.64775725e-01 1.74780592e-01
  1.86049580e-01]
 [1.95386586e-01 4.53745114e-01 8.68302042e-02 1.10556045e-01
  1.53482051e-01]
 [6.94649792e-02 3.65646104e-01 2.25767477e-01 4.80647308e-02
  2.91056709e-01]
 [2.20835204e-01 2.49780298e-01 1.17885613e-01 7.47463515e-05
  4.11424138e-01]]"
19,"[[0.24296703 0.05513612 0.2579914  0.30846177 0.13544368]
 [0.14056623 0.0781771  0.41591824 0.15812019 0.20721824]
 [0.14796528 0.154976   0.22296061 0.3311912  0.14290692]
 [0.24570669 0.01026316 0.09350435 0.42496821 0.22555759]
 [0.32793866 0.05025915 0.19378554 0.21135253 0.21666413]]"
20,"[[0.22898236 0.27128173 0.16486209 0.03137989 0.30349393]
 [0.17308934 0.24359336 0.23208477 0.09129606 0.25993646]
 [0.06000909 0.24330359 0.24707593 0.09204171 0.35756967]
 [0.18546352 0.2328342  0.15031963 0.12372054 0.30766211]
 [0.13820382 0.15800503 0.24918966 0.12541853 0.32918296]]"
21,"[[0.38114018 0.32675807 0.25266112 0.02190231 0.01753833]
 [0.32431631 0.03752629 0.20370458 0.29532342 0.1391294 ]
 [0.19109223 0.15856652 0.32268276 0.011704   0.31595449]
 [0.34898244 0.08992113 0.13880402 0.12951079 0.29278162]
 [0.4475273  0.02134725 0.3496579  0.05943398 0.12203357]]"
22,"[[0.23481635 0.39456781 0.12723252 0.16237926 0.08100406]
 [0.18058252 0.365556   0.11057233 0.33106663 0.01222253]
 [0.03690502 0.30214883 0.24706786 0.40806544 0.00581284]
 [0.07640629 0.17206829 0.08394867 0.41081109 0.25676566]
 [0.20694369 0.22986168 0.21892912 0.24880389 0.09546162]]"
23,"[[0.30231558 0.08985428 0.09328809 0.2344324  0.28010964]
 [0.27792762 0.14185971 0.10690039 0.18157651 0.29173575]
 [0.19049332 0.01714306 0.00645169 0.16021168 0.62570026]
 [0.2252898  0.15216215 0.1329454  0.29107205 0.19853059]
 [0.07601974 0.33007942 0.14255887 0.12061747 0.3307245 ]]"
24,"[[0.28813388 0.16467086 0.07792974 0.31978374 0.14948177]
 [0.40474651 0.12187589 0.07612009 0.30419621 0.0930613 ]
 [0.30594663 0.15132348 0.05049402 0.42735986 0.064876  ]
 [0.23461969 0.21837091 0.15154642 0.24302201 0.15244096]
 [0.30249828 0.15569122 0.07611794 0.25807093 0.20762162]]"
25,"[[0.19962629 0.10216844 0.24716243 0.21102764 0.2400152 ]
 [0.24021812 0.03045305 0.24828641 0.16301966 0.31802276]
 [0.17952446 0.01750062 0.4402566  0.13096761 0.23175072]
 [0.09859551 0.00510503 0.37661855 0.17489948 0.34478143]
 [0.08424094 0.02592953 0.43390956 0.25973973 0.19618024]]"
26,"[[0.29102429 0.31111353 0.2550521  0.05173001 0.09108007]
 [0.34232915 0.2925754  0.00603859 0.03453175 0.32452512]
 [0.14750039 0.33444395 0.06291256 0.15860549 0.2965376 ]
 [0.2934842  0.3069632  0.08605619 0.09862437 0.21487203]
 [0.09277915 0.2352168  0.07668178 0.07723784 0.51808443]]"
27,"[[0.01452642 0.34119148 0.10225296 0.1430729  0.39895624]
 [0.04436814 0.30190402 0.10512341 0.2220837  0.32652074]
 [0.14791282 0.28321292 0.31652683 0.10188545 0.15046197]
 [0.14349036 0.29348365 0.17545745 0.18967194 0.19789659]
 [0.16156881 0.23004879 0.05676529 0.19628304 0.35533407]]"
28,"[[0.06686749 0.27794731 0.30703886 0.18423017 0.16391616]
 [0.14902415 0.20028617 0.21137178 0.20811796 0.23119994]
 [0.10740643 0.2445547  0.28844158 0.27518012 0.08441718]
 [0.28638038 0.04609816 0.26902054 0.35409806 0.04440286]
 [0.04254512 0.19245945 0.28519479 0.34559179 0.13420885]]"
29,"[[0.09433912 0.23989398 0.22238186 0.20392084 0.2394642 ]
 [0.25023324 0.22404227 0.04822668 0.14039914 0.33709868]
 [0.0982148  0.26113531 0.24103405 0.08575452 0.31386131]
 [0.05242467 0.3045417  0.20801298 0.14549485 0.28952581]
 [0.0578928  0.49903642 0.15289012 0.02982108 0.26035957]]"
30,"[[0.02290312 0.15576968 0.34430533 0.27329025 0.20373162]
 [0.45523942 0.17487864 0.04406564 0.2703659  0.05545041]
 [0.02853022 0.30393371 0.27807544 0.24119394 0.14826669]
 [0.18330852 0.146162   0.31918649 0.22327919 0.1280638 ]
 [0.04657534 0.05687347 0.4687187  0.42506817 0.00276434]]"
31,"[[0.15193089 0.36763956 0.26176722 0.15077918 0.06788315]
 [0.2071168  0.28812676 0.3076697  0.11930278 0.07778397]
 [0.30631846 0.24301789 0.32059139 0.07371953 0.05635273]
 [0.21243544 0.28676465 0.30444263 0.16479547 0.0315618 ]
 [0.27357873 0.26034279 0.31154836 0.01897058 0.13555955]]"
32,"[[0.24610777 0.04519109 0.32285435 0.16805595 0.21779084]
 [0.1524606  0.13602467 0.2812594  0.18229847 0.24795686]
 [0.40557268 0.12441507 0.23271029 0.14518349 0.09211847]
 [0.30054171 0.00342397 0.3246791  0.13937874 0.23197648]
 [0.24230184 0.16809532 0.36457637 0.04331541 0.18171107]]"
33,"[[0.28972224 0.25895749 0.10113854 0.04654097 0.30364076]
 [0.36844792 0.03570734 0.03071455 0.10906125 0.45606895]
 [0.20689552 0.14575655 0.20767484 0.12762673 0.31204636]
 [0.25748298 0.15008138 0.10656898 0.06883638 0.41703029]
 [0.17059242 0.28766426 0.0932293  0.07387089 0.37464313]]"
34,"[[0.16840889 0.18989996 0.27367189 0.09766515 0.27035411]
 [0.11397454 0.28888957 0.33689686 0.15185487 0.10838416]
 [0.13313403 0.16563659 0.45863768 0.14681575 0.09577596]
 [0.25117246 0.28322035 0.23743181 0.18372639 0.04444899]
 [0.16647619 0.30902901 0.32534899 0.11360234 0.08554346]]"
35,"[[0.17956656 0.30261173 0.31835578 0.16151511 0.03795082]
 [0.31825369 0.34496789 0.09753097 0.1947163  0.04453114]
 [0.09445146 0.5176611  0.11025071 0.23983377 0.03780297]
 [0.18977168 0.22826748 0.23263034 0.23355193 0.11577857]
 [0.07558384 0.33043644 0.1714442  0.37225151 0.050284  ]]"
36,"[[0.04221862 0.3737629  0.38197884 0.14121965 0.06081999]
 [0.24003397 0.17007533 0.21822194 0.22021242 0.15145634]
 [0.11760334 0.34066745 0.01500917 0.34030321 0.18641683]
 [0.22045244 0.05354695 0.26238542 0.17274796 0.29086723]
 [0.05193319 0.22445804 0.30457947 0.26089612 0.15813318]]"
37,"[[0.15519564 0.00636695 0.73964233 0.06841475 0.03038033]
 [0.23987606 0.1055815  0.13014461 0.32258461 0.20181322]
 [0.28129401 0.1049371  0.27495418 0.31062807 0.02818664]
 [0.24851555 0.04519106 0.21865052 0.2636554  0.22398747]
 [0.27127762 0.00520072 0.24132971 0.41760993 0.06458203]]"
38,"[[0.20363521 0.28238176 0.1481531  0.2351023  0.13072763]
 [0.23382881 0.23775943 0.06604357 0.35897714 0.10339104]
 [0.22874758 0.14189615 0.20006295 0.34623786 0.08305544]
 [0.21397185 0.0973419  0.04002106 0.62539415 0.02327104]
 [0.22933138 0.22049894 0.19958703 0.33841246 0.01217018]]"
39,"[[0.23227865 0.06602702 0.22135151 0.41957718 0.06076564]
 [0.18033862 0.19973868 0.23941859 0.2852214  0.09528271]
 [0.19567706 0.33916414 0.13546809 0.21647206 0.11321866]
 [0.24964434 0.24942265 0.21472709 0.25233274 0.03387318]
 [0.26336793 0.16225907 0.20787357 0.2599054  0.10659403]]"
40,"[[0.25986712 0.22315957 0.19204616 0.16955411 0.15537304]
 [0.5163149  0.127866   0.06629921 0.18854096 0.10097893]
 [0.32350535 0.28963791 0.13856931 0.20753387 0.04075357]
 [0.23102987 0.22468893 0.16303208 0.20891905 0.17233008]
 [0.23335545 0.01878749 0.2714603  0.27849064 0.19790611]]"
41,"[[0.3941872  0.19885431 0.14796659 0.25176391 0.007228  ]
 [0.31334014 0.12675003 0.18933752 0.2761639  0.09440841]
 [0.28425927 0.07533893 0.03486    0.32858443 0.27695737]
 [0.26048474 0.21444274 0.21994345 0.18592884 0.11920023]
 [0.20768957 0.05410368 0.15919333 0.57540401 0.00360941]]"
42,"[[0.22769341 0.23237677 0.1726935  0.21461514 0.15262118]
 [0.15050101 0.32274177 0.15442814 0.28021705 0.09211202]
 [0.21082039 0.30788225 0.29095222 0.181639   0.00870614]
 [0.18813078 0.21172245 0.22221096 0.2343117  0.14362411]
 [0.22911187 0.3094383  0.27822761 0.09084783 0.09237439]]"
43,"[[0.30419297 0.17640947 0.31698262 0.05202879 0.15038615]
 [0.25222287 0.02120427 0.3552859  0.04582015 0.32546681]
 [0.34821419 0.04412604 0.38101243 0.16159897 0.06504837]
 [0.16982972 0.03457895 0.21614905 0.15423904 0.42520323]
 [0.35782992 0.12359518 0.31914506 0.04029281 0.15913703]]"
44,"[[1.84208877e-01 3.57030994e-01 2.73412298e-01 1.34414212e-01
  5.09336183e-02]
 [2.48313247e-01 2.14783033e-01 2.51582690e-01 1.60203956e-01
  1.25117075e-01]
 [2.24935984e-01 2.56262142e-01 2.37635639e-01 2.22070212e-01
  5.90960231e-02]
 [7.60247567e-01 1.26668330e-01 3.98385396e-02 4.26679645e-02
  3.05775992e-02]
 [1.96580909e-01 2.63643239e-01 1.79242451e-01 3.60157622e-01
  3.75778641e-04]]"
45,"[[0.24230084 0.15077577 0.22574629 0.1370428  0.24413431]
 [0.17266422 0.23710215 0.29102877 0.0367331  0.26247176]
 [0.10206462 0.2390516  0.30488899 0.15745291 0.19654188]
 [0.16261908 0.04541925 0.31835051 0.12607425 0.34753691]
 [0.09947814 0.2568267  0.34622101 0.07055388 0.22692026]]"
46,"[[0.20803302 0.19527008 0.17250367 0.10180793 0.3223853 ]
 [0.1429718  0.1509119  0.30293002 0.10652537 0.29666091]
 [0.015513   0.34591098 0.15214939 0.08908577 0.39734086]
 [0.30984206 0.35520805 0.24004271 0.08420334 0.01070384]
 [0.13957334 0.20000876 0.283905   0.03658418 0.33992872]]"
47,"[[0.37382914 0.20889563 0.15012795 0.26557094 0.00157635]
 [0.29588374 0.26744392 0.20545534 0.16284672 0.06837027]
 [0.53009346 0.18111243 0.11172697 0.07010321 0.10696392]
 [0.16899948 0.25697903 0.24441682 0.16780675 0.16179792]
 [0.25552826 0.05317714 0.19142849 0.25715046 0.24271565]]"
48,"[[0.35573423 0.19514714 0.03214188 0.12248624 0.29449051]
 [0.0484469  0.17036635 0.05051135 0.35286446 0.37781094]
 [0.12215945 0.20975205 0.0751977  0.06299352 0.5298973 ]
 [0.27343934 0.12135347 0.26226879 0.03753806 0.30540035]
 [0.21251175 0.0509091  0.0007607  0.01033312 0.72548533]]"
49,"[[0.2187348  0.25676476 0.15986662 0.22962247 0.13501135]
 [0.10981355 0.4294506  0.30369807 0.0917966  0.06524117]
 [0.23010535 0.59564468 0.01562849 0.02195308 0.1366684 ]
 [0.30193617 0.23019434 0.13294674 0.21076685 0.1241559 ]
 [0.16064953 0.20125009 0.05678648 0.14440125 0.43691265]]"
50,"[[0.08712002 0.18848981 0.33157984 0.1929599  0.19985042]
 [0.17696434 0.0442039  0.28061845 0.18555541 0.31265789]
 [0.06467787 0.16686401 0.38677694 0.25233277 0.12934841]
 [0.04224415 0.12986578 0.43366356 0.20743788 0.18678864]
 [0.0661912  0.1002196  0.30284396 0.32993352 0.20081172]]"
51,"[[0.37292991 0.344567   0.0983575  0.17187061 0.01227498]
 [0.24479928 0.11672663 0.24772596 0.22782055 0.16292759]
 [0.41391812 0.12472874 0.13117855 0.09021267 0.23996192]
 [0.17684977 0.33544598 0.29371366 0.15087518 0.04311542]
 [0.43063441 0.19543424 0.1573411  0.1340879  0.08250235]]"
52,"[[0.25213845 0.26372774 0.21531707 0.25829836 0.01051837]
 [0.322065   0.26820613 0.24903489 0.07485895 0.08583503]
 [0.17209184 0.29517211 0.25877851 0.05480548 0.21915205]
 [0.0062872  0.06399963 0.49375206 0.06239564 0.37356547]
 [0.11064081 0.31584652 0.29147846 0.07274724 0.20928698]]"
53,"[[0.1561231  0.11349529 0.31748953 0.30898146 0.10391062]
 [0.42805741 0.12249356 0.20593636 0.15354861 0.08996406]
 [0.22807016 0.17631223 0.25503546 0.21200833 0.12857381]
 [0.26794171 0.17858677 0.31141127 0.15255359 0.08950667]
 [0.15521126 0.21438128 0.29473894 0.28513062 0.05053791]]"
54,"[[0.3175322  0.26243953 0.00347264 0.10619455 0.31036108]
 [0.43732726 0.25716764 0.21378306 0.05097852 0.04074352]
 [0.29988998 0.13587913 0.06404112 0.21681388 0.28337589]
 [0.31263565 0.22354555 0.06839911 0.16547923 0.22994046]
 [0.37187692 0.33419312 0.03870421 0.16657191 0.08865383]]"
55,"[[0.32984082 0.32784825 0.02634007 0.21074929 0.10522157]
 [0.52897347 0.25250208 0.00544227 0.18151385 0.03156832]
 [0.39488149 0.34780673 0.00360221 0.24622405 0.00748552]
 [0.26815234 0.25043408 0.14551746 0.17539994 0.16049619]
 [0.2456142  0.35186737 0.10287414 0.24301874 0.05662555]]"
56,"[[0.14536664 0.17181904 0.25723203 0.19241825 0.23316405]
 [0.11458504 0.20817786 0.31362539 0.27551596 0.08809576]
 [0.20814724 0.25852873 0.26236779 0.09340776 0.17754847]
 [0.15874883 0.14236205 0.3136524  0.12620688 0.25902984]
 [0.22252396 0.24956618 0.18845758 0.10169979 0.23775249]]"
57,"[[0.39873693 0.33470259 0.10026807 0.12013714 0.04615527]
 [0.25762203 0.27123448 0.13046385 0.18847038 0.15220925]
 [0.25137127 0.35950328 0.04360796 0.29024427 0.05527322]
 [0.33284775 0.28623047 0.0143396  0.28052568 0.0860565 ]
 [0.34289737 0.43666382 0.00077811 0.00183623 0.21782447]]"
58,"[[0.22601604 0.21777293 0.07946744 0.21610099 0.2606426 ]
 [0.36553388 0.01167237 0.24690573 0.01871324 0.35717479]
 [0.18020573 0.15620565 0.23136534 0.15411644 0.27810684]
 [0.31381529 0.0624729  0.2115901  0.13968813 0.27243357]
 [0.33997396 0.06087849 0.1028305  0.1489878  0.34732926]]"
59,"[[0.25914315 0.20126749 0.10347677 0.06480799 0.37130461]
 [0.1191447  0.2470461  0.07372696 0.02295961 0.53712263]
 [0.14641811 0.3076381  0.23526468 0.03671334 0.27396577]
 [0.20633708 0.27787529 0.05419638 0.15389149 0.30769976]
 [0.13118564 0.39403905 0.10749068 0.04695283 0.32033179]]"
60,"[[0.28377949 0.12348484 0.20417037 0.26522926 0.12333605]
 [0.36732402 0.20794705 0.17904391 0.20340561 0.04227941]
 [0.19974868 0.21342911 0.27648863 0.29771749 0.01261608]
 [0.32173638 0.08353036 0.33811521 0.21235865 0.0442594 ]
 [0.25171306 0.04967691 0.34382301 0.3500801  0.00470692]]"
61,"[[0.10692823 0.08875452 0.21247999 0.30204355 0.28979371]
 [0.23767838 0.14539826 0.17173005 0.32882381 0.1163695 ]
 [0.12171472 0.14287289 0.25831039 0.29631545 0.18078655]
 [0.03589209 0.11472076 0.16204359 0.31039154 0.37695202]
 [0.08246767 0.02794287 0.18946049 0.5063445  0.19378448]]"
62,"[[0.17298614 0.23596853 0.29889962 0.10499575 0.18714996]
 [0.02428085 0.35720983 0.38113095 0.11289201 0.12448637]
 [0.05325398 0.26604942 0.33653803 0.18499264 0.15916593]
 [0.0523749  0.30133922 0.33635985 0.13743409 0.17249193]
 [0.14953259 0.24451637 0.26837696 0.14112803 0.19644604]]"
63,"[[0.22614964 0.33504797 0.26979143 0.08665973 0.08235123]
 [0.12182745 0.22755844 0.08094091 0.13259935 0.43707385]
 [0.35178328 0.12516335 0.14241711 0.04550282 0.33513344]
 [0.2085582  0.24987448 0.09765266 0.23283156 0.2110831 ]
 [0.23432664 0.19345895 0.19228576 0.11319673 0.26673193]]"
64,"[[0.19647305 0.37598269 0.08312708 0.08766334 0.25675385]
 [0.16702072 0.3099208  0.13113148 0.12663967 0.26528734]
 [0.01906025 0.36129227 0.13460404 0.3285288  0.15651465]
 [0.05951699 0.4165512  0.04979386 0.19298965 0.2811483 ]
 [0.07743998 0.41833852 0.16316648 0.1166131  0.22444191]]"
65,"[[0.15888467 0.03168571 0.26484338 0.22706273 0.3175235 ]
 [0.06249714 0.25320098 0.25408936 0.31437898 0.11583354]
 [0.09237972 0.25242746 0.22532005 0.10025903 0.32961374]
 [0.02336923 0.12216802 0.15093348 0.1092307  0.59429857]
 [0.08033225 0.10042424 0.2729745  0.07202788 0.47424112]]"
66,"[[0.21073227 0.24080492 0.1544559  0.16913344 0.22487348]
 [0.24372114 0.34841588 0.0790083  0.1026474  0.22620727]
 [0.26982113 0.27050942 0.21880676 0.02682191 0.21404078]
 [0.12772857 0.27986848 0.05731156 0.22598112 0.30911028]
 [0.14330665 0.32366062 0.02287466 0.24386493 0.26629314]]"
67,"[[0.07899398 0.08772755 0.21715147 0.29798166 0.31814534]
 [0.14488082 0.13453308 0.36203114 0.17476631 0.18378865]
 [0.06371464 0.13343895 0.23876749 0.31154531 0.25253361]
 [0.13212915 0.06163707 0.27970633 0.29370079 0.23282666]
 [0.02346233 0.09098691 0.23113867 0.4247141  0.22969799]]"
68,"[[0.24530635 0.0710472  0.28555977 0.11595542 0.28213127]
 [0.1228397  0.08390485 0.26102383 0.26250938 0.26972224]
 [0.11515348 0.08302616 0.13856922 0.32529992 0.33795122]
 [0.21691349 0.03833437 0.16144758 0.29142117 0.2918834 ]
 [0.13336681 0.21246079 0.25011319 0.15236005 0.25169916]]"
69,"[[0.35840063 0.08341733 0.35973061 0.18500279 0.01344864]
 [0.1644455  0.29849361 0.25500424 0.08036856 0.20168809]
 [0.06003404 0.02337065 0.40844696 0.15802693 0.35012142]
 [0.0800484  0.27733103 0.25755493 0.18169337 0.20337227]
 [0.11729788 0.1678053  0.32800882 0.13017719 0.25671081]]"
70,"[[0.25762674 0.07725202 0.26539793 0.2808839  0.11883941]
 [0.235579   0.04553907 0.17182895 0.25460886 0.29244411]
 [0.20291546 0.16390398 0.15373017 0.33415279 0.14529761]
 [0.31975819 0.0937718  0.12172312 0.36026557 0.10448132]
 [0.3290745  0.06354512 0.38281485 0.07858418 0.14598134]]"
71,"[[0.27724292 0.26194484 0.08122672 0.03981071 0.33977481]
 [0.25777416 0.18589623 0.03333609 0.11634294 0.40665058]
 [0.22788071 0.28992682 0.13163622 0.03107722 0.31947903]
 [0.25251986 0.2231104  0.23145105 0.06450678 0.22841192]
 [0.25777282 0.34247294 0.00204184 0.09664671 0.30106569]]"
72,"[[0.09137536 0.07102635 0.20285056 0.30169101 0.33305672]
 [0.20384822 0.04259367 0.15878233 0.23882335 0.35595244]
 [0.00776122 0.22515457 0.25953139 0.26706731 0.24048551]
 [0.12727682 0.31532364 0.10828075 0.30437414 0.14474465]
 [0.28920623 0.2006935  0.00890926 0.1775026  0.32368842]]"
73,"[[0.37626984 0.13314263 0.29679337 0.02526857 0.16852559]
 [0.24990273 0.31513056 0.37693301 0.02750743 0.03052627]
 [0.25244457 0.07211545 0.34943717 0.27102679 0.05497601]
 [0.31454849 0.17719531 0.22914872 0.16301442 0.11609306]
 [0.25427421 0.15299724 0.34626591 0.10368079 0.14278185]]"
74,"[[0.10721691 0.23552047 0.09866562 0.10425841 0.4543386 ]
 [0.21614061 0.06840109 0.06936156 0.20453016 0.44156659]
 [0.52634662 0.05250978 0.07410647 0.13303991 0.21399722]
 [0.23446923 0.14364817 0.39519192 0.0686421  0.15804859]
 [0.18151059 0.13651016 0.18948868 0.23152162 0.26096895]]"
75,"[[0.19812562 0.29226437 0.17545785 0.28418838 0.04996377]
 [0.14654798 0.2496046  0.25737089 0.30043203 0.0460445 ]
 [0.10441668 0.21475418 0.26060558 0.21880079 0.20142277]
 [0.07696558 0.13150687 0.43220092 0.00826055 0.35106607]
 [0.18842527 0.26101359 0.17845698 0.20609484 0.16600932]]"
76,"[[0.10808739 0.07526156 0.37942762 0.34532352 0.09189991]
 [0.4933963  0.02991642 0.27208008 0.05213847 0.15246872]
 [0.15223992 0.2127367  0.31901242 0.01004679 0.30596418]
 [0.18225838 0.41344512 0.14880789 0.13255305 0.12293556]
 [0.24498084 0.1771389  0.31459709 0.24230648 0.0209767 ]]"
77,"[[0.29975954 0.40558231 0.09021917 0.0490349  0.15540407]
 [0.32760176 0.15180851 0.03957195 0.07595131 0.40506648]
 [0.2576119  0.23446401 0.08798346 0.18484732 0.23509333]
 [0.33635532 0.26094014 0.08618361 0.1355872  0.18093372]
 [0.26639453 0.40198179 0.07014546 0.01547684 0.24600137]]"
78,"[[0.19643511 0.22408034 0.12885034 0.22710808 0.22352613]
 [0.07125942 0.3836394  0.27537837 0.10213944 0.16758337]
 [0.12908842 0.3936912  0.03165283 0.11613868 0.32942887]
 [0.2545965  0.02103234 0.07115688 0.26687325 0.38634102]
 [0.28711251 0.21784562 0.13031749 0.1782459  0.18647849]]"
79,"[[1.47509083e-01 3.03306652e-01 2.87905719e-01 8.76732270e-02
  1.73605318e-01]
 [2.25002370e-01 2.54297666e-01 3.06341910e-01 8.72879893e-02
  1.27070065e-01]
 [2.27126419e-01 3.29701790e-01 1.66719558e-01 2.99668528e-04
  2.76152564e-01]
 [9.62666503e-02 3.12828321e-01 1.28175565e-01 1.71371268e-01
  2.91358196e-01]
 [1.84645683e-01 3.47388244e-01 2.24158256e-01 1.31726408e-02
  2.30635175e-01]]"
80,"[[0.01101813 0.40231808 0.28892457 0.22526491 0.07247431]
 [0.34054876 0.29969963 0.03959674 0.20539281 0.11476206]
 [0.14424217 0.26864043 0.15606059 0.35502655 0.07603027]
 [0.29851181 0.27416581 0.0343773  0.36248849 0.0304566 ]
 [0.13589574 0.20442618 0.26639458 0.29486009 0.09842342]]"
81,"[[0.23415655 0.24230849 0.06408571 0.23658792 0.22286132]
 [0.22159518 0.22763983 0.11366957 0.13594534 0.30115007]
 [0.20960351 0.27870711 0.15392079 0.27727841 0.08049018]
 [0.2049625  0.26066022 0.11595998 0.21096279 0.20745451]
 [0.20449461 0.23764284 0.06736793 0.27036048 0.22013415]]"
82,"[[0.02860053 0.1700458  0.01048513 0.34631682 0.44455172]
 [0.10030982 0.38325396 0.01399074 0.17174061 0.33070487]
 [0.21349174 0.26955967 0.009096   0.2471973  0.26065529]
 [0.27128023 0.21511628 0.11111575 0.17839013 0.22409761]
 [0.15849733 0.01923668 0.3317082  0.20066235 0.28989545]]"
83,"[[0.01349762 0.32406151 0.33681577 0.01766314 0.30796196]
 [0.17390471 0.23352216 0.2146925  0.2311871  0.14669353]
 [0.08926158 0.28377807 0.30070055 0.1599118  0.166348  ]
 [0.03768987 0.30742366 0.45826594 0.11710151 0.07951901]
 [0.07346495 0.17998628 0.22958403 0.3571411  0.15982363]]"
84,"[[0.12671103 0.29181977 0.18546944 0.30199897 0.09400079]
 [0.26456042 0.3167984  0.13614005 0.22095348 0.06154765]
 [0.12969442 0.38557549 0.1518898  0.28361565 0.04922465]
 [0.06904797 0.29431432 0.19990239 0.27829251 0.1584428 ]
 [0.28728648 0.06666489 0.30044453 0.32778026 0.01782384]]"
85,"[[0.03429816 0.20183277 0.24948855 0.27918545 0.23519507]
 [0.02980498 0.14807715 0.2524137  0.36828355 0.20142062]
 [0.12089268 0.02110488 0.31632664 0.28476779 0.25690801]
 [0.02875445 0.02808578 0.18255051 0.42362751 0.33698176]
 [0.06976125 0.02838884 0.2789223  0.387575   0.23535261]]"
86,"[[0.02673441 0.13158914 0.39110004 0.25721278 0.19336364]
 [0.25628827 0.11252514 0.26341604 0.19236893 0.17540162]
 [0.30657051 0.03057454 0.31436566 0.29704411 0.05144517]
 [0.21442472 0.02983555 0.30192557 0.30737557 0.14643859]
 [0.21926986 0.00144595 0.45259421 0.24982729 0.07686268]]"
87,"[[0.30928207 0.14887715 0.09947695 0.00208223 0.4402816 ]
 [0.21253278 0.17014947 0.17878002 0.05213987 0.38639785]
 [0.3403664  0.31628714 0.12244218 0.07660875 0.14429553]
 [0.29119552 0.25367193 0.22114695 0.10987472 0.12411088]
 [0.19978358 0.2132821  0.30982886 0.1232036  0.15390185]]"
88,"[[0.09078193 0.07585332 0.2872012  0.26047629 0.28568726]
 [0.26929072 0.0133502  0.30305259 0.11358715 0.30071934]
 [0.23060215 0.0967451  0.28342044 0.12257141 0.2666609 ]
 [0.14493497 0.04753157 0.4973821  0.01261024 0.29754111]
 [0.04784463 0.25375584 0.28977967 0.15033791 0.25828196]]"
89,"[[0.00166087 0.35305511 0.2253239  0.40887086 0.01108927]
 [0.14388294 0.18450048 0.18998102 0.24413379 0.23750178]
 [0.06132287 0.11733503 0.1953006  0.2908653  0.3351762 ]
 [0.20205882 0.14242975 0.22528583 0.16297072 0.26725489]
 [0.01587    0.25644274 0.29056582 0.39156673 0.04555472]]"
90,"[[0.05000367 0.17115598 0.24239576 0.30000028 0.23644432]
 [0.17973129 0.09356311 0.32559112 0.30739255 0.09372194]
 [0.21113275 0.39224391 0.15365358 0.21885115 0.02411862]
 [0.23266957 0.23588101 0.08874321 0.3884765  0.05422971]
 [0.10387123 0.08424416 0.31990116 0.34697887 0.14500458]]"
91,"[[1.80436876e-01 2.37130739e-01 1.39003356e-01 2.34576061e-01
  2.08852968e-01]
 [2.49174745e-01 1.83203754e-01 1.24132371e-01 2.32390443e-01
  2.11098686e-01]
 [3.33878873e-01 9.35606576e-02 1.55168498e-05 2.21811395e-01
  3.50733557e-01]
 [2.53013169e-01 4.55187047e-02 1.64149915e-02 3.25199517e-01
  3.59853618e-01]
 [2.96059481e-01 1.22999420e-01 1.16887614e-01 2.69951748e-01
  1.94101737e-01]]"
92,"[[0.32406401 0.17234606 0.14411892 0.34615389 0.01331713]
 [0.03648324 0.26501709 0.29799999 0.11591191 0.28458777]
 [0.40614068 0.31028302 0.08039502 0.16856049 0.03462079]
 [0.14838133 0.2402399  0.15932475 0.43087701 0.02117701]
 [0.12637715 0.25536045 0.20661818 0.26634132 0.1453029 ]]"
93,"[[0.36344292 0.09530766 0.37981142 0.00756908 0.15386892]
 [0.20858747 0.05078903 0.39346062 0.21958266 0.12758022]
 [0.20325049 0.18581275 0.2091392  0.22685796 0.1749396 ]
 [0.29361647 0.05286982 0.32141886 0.22021328 0.11188157]
 [0.34318914 0.18979054 0.36122292 0.00720916 0.09858824]]"
94,"[[0.25488295 0.07920771 0.00235103 0.31184404 0.35171427]
 [0.05953552 0.27176826 0.26269203 0.26600159 0.14000259]
 [0.08503931 0.33212848 0.05187575 0.25407002 0.27688644]
 [0.23431025 0.13324485 0.10705972 0.10864394 0.41674124]
 [0.13317312 0.25706537 0.06944398 0.27648016 0.26383737]]"
95,"[[0.39269488 0.16174426 0.30105131 0.06395382 0.08055573]
 [0.01951062 0.06879304 0.42719633 0.09972441 0.3847756 ]
 [0.19624639 0.29599266 0.08702614 0.15445433 0.26628048]
 [0.22913384 0.26377138 0.06887819 0.20132655 0.23689004]
 [0.25671284 0.32132227 0.24720305 0.16702    0.00774184]]"
96,"[[0.02690725 0.25260818 0.14676242 0.29747724 0.27624492]
 [0.05662385 0.08188723 0.31945464 0.30825262 0.23378165]
 [0.04820868 0.15056028 0.12488972 0.50962003 0.16672128]
 [0.02703158 0.08357146 0.25803469 0.28050811 0.35085415]
 [0.3032581  0.02944178 0.1148431  0.35873095 0.19372607]]"
97,"[[0.37367172 0.02252537 0.37147611 0.09963067 0.13269613]
 [0.30151279 0.19111421 0.07349232 0.19159404 0.24228664]
 [0.29852099 0.18328206 0.08386344 0.19481142 0.23952209]
 [0.14279405 0.00863273 0.45694149 0.01700478 0.37462695]
 [0.24007853 0.13653424 0.07407391 0.25122275 0.29809056]]"
98,"[[0.28785428 0.29600791 0.21709378 0.19615324 0.0028908 ]
 [0.28349307 0.11668825 0.03036371 0.33394782 0.23550715]
 [0.18853016 0.4155349  0.1547801  0.1632398  0.07791504]
 [0.13394096 0.22498526 0.17255982 0.33925841 0.12925556]
 [0.18295791 0.35609738 0.16267506 0.14973271 0.14853695]]"
99,"[[0.26871096 0.17323967 0.25238176 0.2160199  0.08964772]
 [0.36216378 0.07197338 0.34060369 0.1920442  0.03321495]
 [0.17178743 0.19118486 0.20577487 0.37621179 0.05504104]
 [0.31510836 0.1008829  0.28890731 0.239802   0.05529943]
 [0.39138714 0.20205058 0.26239667 0.04962057 0.09454504]]"
100,"[[0.16778703 0.20837173 0.16776656 0.03326089 0.42281379]
 [0.16753714 0.37193518 0.10252343 0.16257539 0.19542885]
 [0.18122594 0.25632968 0.10126545 0.14878025 0.31239868]
 [0.15745426 0.46121208 0.02526254 0.13874694 0.21732418]
 [0.19145361 0.03515913 0.15734679 0.27195584 0.34408463]]"
101,"[[9.48527848e-02 9.87352792e-02 2.66069953e-02 1.44505181e-01
  1.37694674e-01 1.30401730e-01 9.41361340e-02 1.01449077e-01
  1.05096684e-01 6.65214600e-02]
 [5.95919752e-02 1.52113674e-01 4.98041287e-02 1.63413637e-01
  1.13677708e-01 1.63556884e-01 1.68012576e-02 1.23231644e-01
  1.07672769e-01 5.01363218e-02]
 [2.83214268e-02 1.01889032e-01 2.77517649e-02 1.39150178e-01
  1.17627145e-01 2.43204868e-01 7.64021649e-04 1.99254592e-01
  1.17741539e-01 2.42954334e-02]
 [1.66646894e-02 1.39777213e-01 2.32606207e-02 1.54811138e-01
  1.34859079e-01 1.65820252e-01 2.80460434e-05 1.60375811e-01
  1.40836443e-01 6.35667078e-02]
 [7.31726810e-02 1.04633635e-01 1.66771726e-02 1.37819112e-01
  1.26028088e-01 1.72054280e-01 3.09762373e-02 1.63338565e-01
  1.29339126e-01 4.59611021e-02]
 [2.04107487e-01 7.37729710e-02 5.78406385e-03 1.36807459e-01
  2.59333722e-03 2.38987889e-01 8.43703183e-02 1.87614259e-01
  5.07742190e-02 1.51879968e-02]
 [5.62864041e-02 9.64509608e-02 4.68914954e-02 9.30580268e-02
  8.75581793e-02 2.39140010e-01 4.86843582e-02 1.27931980e-01
  1.14528488e-01 8.94700970e-02]
 [1.52509717e-01 1.07810663e-01 5.49263654e-02 1.75111428e-01
  3.95964339e-03 1.76194838e-01 1.25729749e-02 1.70846597e-01
  8.86843893e-02 5.73833847e-02]
 [6.83139554e-02 7.87917896e-02 1.63655990e-03 1.55015790e-01
  1.40288554e-01 1.53176412e-01 4.35118852e-02 1.87977910e-01
  1.58357586e-01 1.29295575e-02]
 [8.06768207e-02 1.14478285e-01 4.59353764e-02 1.43877875e-01
  8.63073791e-02 2.02784158e-01 2.10088192e-02 1.21637455e-01
  1.15645984e-01 6.76478469e-02]]"
102,"[[0.16018433 0.00440908 0.13199128 0.05306299 0.07914937 0.04838252
  0.15147251 0.12321639 0.07245238 0.17567916]
 [0.05114602 0.01129265 0.12172661 0.08192185 0.11856402 0.00533552
  0.1978926  0.11340549 0.13490798 0.16380726]
 [0.10137615 0.00112162 0.09527713 0.02729706 0.1416753  0.02500477
  0.21918544 0.03738423 0.16870202 0.18297627]
 [0.14165585 0.01546231 0.07631879 0.0497118  0.05522419 0.01424247
  0.13209559 0.08645022 0.18394496 0.2448938 ]
 [0.17043815 0.02564105 0.07445196 0.06260362 0.04377584 0.01034123
  0.15401192 0.10191265 0.19612267 0.16070091]
 [0.08873644 0.02044602 0.11772769 0.05577361 0.09972282 0.04812864
  0.12600004 0.06220548 0.18406089 0.19719837]
 [0.13319049 0.03682959 0.10183259 0.03978451 0.0659151  0.00413153
  0.17480476 0.1197753  0.13765841 0.18607773]
 [0.09945488 0.01749422 0.08653049 0.07791154 0.08041107 0.07571588
  0.13442504 0.11634804 0.13126576 0.18044309]
 [0.16183446 0.03789282 0.11684094 0.01206355 0.07007177 0.0058333
  0.12327551 0.10359984 0.16641822 0.2021696 ]
 [0.12065105 0.01170539 0.13349758 0.07910363 0.09757331 0.01506204
  0.1129571  0.11138631 0.16903988 0.1490237 ]]"
103,"[[0.05431386 0.1979455  0.18997537 0.13990039 0.1428562  0.01712329
  0.01848444 0.03316068 0.04636566 0.1598746 ]
 [0.11829195 0.20459185 0.22804389 0.08595407 0.09199493 0.01068816
  0.00998092 0.04187114 0.07751447 0.1310686 ]
 [0.11987759 0.17546052 0.17758455 0.09374237 0.12110573 0.03769604
  0.01870707 0.07518335 0.02515994 0.15548284]
 [0.13774049 0.07734267 0.18333667 0.08302377 0.15809266 0.05063171
  0.02035521 0.08660986 0.06678608 0.13608088]
 [0.10580651 0.14272263 0.15786442 0.13831123 0.13888746 0.00442734
  0.00048288 0.05676484 0.10574987 0.14898283]
 [0.0927258  0.15208267 0.17888823 0.10106573 0.11284426 0.04864896
  0.00750146 0.12624141 0.04075552 0.13924596]
 [0.1002044  0.13683871 0.1741466  0.13640866 0.07229914 0.06113017
  0.05104888 0.08241247 0.01766849 0.16784248]
 [0.06989016 0.21739576 0.19052898 0.08539182 0.15342413 0.00907783
  0.04851514 0.05102476 0.06314959 0.11160182]
 [0.0746531  0.16157506 0.19150408 0.09022941 0.10006562 0.01651767
  0.03903689 0.13181791 0.0486806  0.14591967]
 [0.06472579 0.16213817 0.15311552 0.14381074 0.16654101 0.05816069
  0.00237987 0.08331649 0.01648187 0.14932985]]"
104,"[[1.57668781e-01 5.57804730e-02 1.28347541e-01 1.34728937e-01
  7.33951908e-02 6.80996572e-02 7.72997719e-03 1.38277330e-01
  1.66351664e-01 6.96204497e-02]
 [1.19520571e-01 2.22206490e-02 1.36439837e-01 1.17971461e-01
  1.14856426e-01 3.68986184e-02 9.90122252e-02 1.23564007e-01
  1.21071442e-01 1.08444764e-01]
 [1.14569094e-01 6.49052380e-02 1.57783576e-01 1.10412574e-01
  8.09353130e-02 6.36457279e-02 1.06863805e-02 1.45036102e-01
  1.56697700e-01 9.53282936e-02]
 [1.03676542e-01 8.75884777e-02 1.78910015e-01 1.80506967e-01
  9.07972276e-02 8.03424126e-03 6.40140530e-03 1.24302386e-01
  1.91319666e-01 2.84630716e-02]
 [1.32943162e-01 6.93097593e-02 1.35154357e-01 1.30426638e-01
  1.05308872e-01 5.59763410e-05 6.77856132e-02 1.22944008e-01
  1.34129323e-01 1.01942292e-01]
 [1.34759549e-01 3.43360481e-02 1.39916082e-01 1.10567511e-01
  1.07405025e-01 9.75890513e-02 3.40445895e-02 1.26178892e-01
  1.41096277e-01 7.41069757e-02]
 [1.71733448e-01 3.54313593e-02 2.01342402e-01 8.29832838e-02
  8.04608177e-02 1.45154710e-02 2.72582714e-02 1.55856885e-01
  2.01073388e-01 2.93446734e-02]
 [1.45894021e-01 2.73823861e-02 1.72375373e-01 1.15597288e-01
  9.84940466e-02 5.27075097e-02 2.77966429e-02 1.42295418e-01
  1.46174218e-01 7.12830967e-02]
 [1.54325649e-01 6.15449433e-02 1.52827790e-01 1.08208284e-01
  9.39726540e-02 4.34399620e-02 7.38854674e-03 1.44541422e-01
  1.49512848e-01 8.42379009e-02]
 [1.04531354e-01 5.79205318e-02 1.73153310e-01 1.03207284e-01
  1.09776678e-01 1.21576220e-02 5.84444123e-02 1.69722620e-01
  1.13371618e-01 9.77145703e-02]]"
105,"[[0.00816362 0.07799796 0.09921447 0.16734038 0.10973835 0.15625039
  0.02594479 0.10758006 0.09741159 0.15035839]
 [0.00088516 0.06429652 0.11791566 0.16231335 0.15704387 0.11668425
  0.07466291 0.13525464 0.00324922 0.16769443]
 [0.01995953 0.01749262 0.09166938 0.15063316 0.16673174 0.11278958
  0.0397847  0.11119208 0.12719669 0.16255052]
 [0.03701081 0.0162471  0.11910792 0.15580079 0.16789332 0.12462043
  0.03679673 0.12075851 0.05885246 0.16291193]
 [0.06103437 0.01946856 0.08488528 0.12658637 0.15767213 0.17437882
  0.06309057 0.08970984 0.02638508 0.19678899]
 [0.00214352 0.00852177 0.10997042 0.16197072 0.12886575 0.17491383
  0.08595952 0.12512781 0.00581262 0.19671404]
 [0.03521609 0.03112068 0.03911175 0.12038692 0.15201646 0.19372508
  0.12065884 0.0640303  0.03677293 0.20696096]
 [0.04750593 0.03819346 0.06672775 0.14355035 0.1757224  0.12891093
  0.04756225 0.10180021 0.07765009 0.17237663]
 [0.07464164 0.03468985 0.08022066 0.13009745 0.16764375 0.12395143
  0.0872781  0.08987851 0.08701096 0.12458765]
 [0.04205147 0.03934152 0.0980722  0.11718697 0.12450676 0.14259707
  0.08791862 0.11452717 0.09278905 0.14100917]]"
106,"[[0.15922285 0.00862738 0.17670683 0.08234024 0.18447654 0.01797144
  0.15469068 0.01430769 0.09615783 0.10549852]
 [0.09236572 0.02846176 0.16254555 0.08915008 0.12784456 0.08583361
  0.10452468 0.0604361  0.08090828 0.16792967]
 [0.11997584 0.05118646 0.12391893 0.07940167 0.1488571  0.06751361
  0.12684387 0.0459811  0.10433708 0.13198433]
 [0.09575093 0.01843808 0.12631251 0.09965655 0.16475083 0.09170527
  0.10188525 0.07911802 0.05701868 0.16536388]
 [0.02210888 0.01136348 0.07845326 0.01642981 0.16963695 0.00283579
  0.19906626 0.06880233 0.19842574 0.2328775 ]
 [0.09200396 0.01151472 0.12423939 0.09790891 0.17547329 0.08720476
  0.17120729 0.05322754 0.05889381 0.12832632]
 [0.12669926 0.01275477 0.02459909 0.17110747 0.16493449 0.10109618
  0.15449964 0.06751239 0.00520964 0.17158708]
 [0.10676139 0.05912059 0.12189562 0.08534651 0.12376718 0.0975088
  0.11408494 0.06793474 0.08087371 0.14270653]
 [0.08485782 0.00587091 0.11958289 0.06681089 0.15177673 0.13618145
  0.14820531 0.04026398 0.08743646 0.15901356]
 [0.11916088 0.03260359 0.11513742 0.09615248 0.18032814 0.04366224
  0.15682613 0.00918392 0.06478635 0.18215884]]"
107,"[[0.16065742 0.07297829 0.02264046 0.01266    0.15511556 0.14682163
  0.0215698  0.18327104 0.13536629 0.08891949]
 [0.07524649 0.01715746 0.04690091 0.14742366 0.19008921 0.11922121
  0.05318739 0.20926508 0.07089347 0.07061513]
 [0.1361356  0.0561616  0.0912957  0.10372676 0.12472709 0.11982322
  0.09312529 0.10848883 0.0939202  0.07259571]
 [0.24846446 0.04390826 0.01597254 0.07469312 0.17330992 0.0928648
  0.00182816 0.18760877 0.10353691 0.05781306]
 [0.14576894 0.04692446 0.04603946 0.09581404 0.17401445 0.11193357
  0.03566928 0.14706376 0.10493976 0.09183229]
 [0.14674037 0.04464576 0.04788744 0.05842805 0.19026651 0.12096678
  0.02262092 0.1927035  0.10341666 0.07232402]
 [0.15741969 0.05597774 0.03900418 0.11546808 0.14149574 0.12296805
  0.00749411 0.1971724  0.07362704 0.08937295]
 [0.1597398  0.01320526 0.07399956 0.12322334 0.12424403 0.11256622
  0.0459568  0.18424183 0.09086486 0.0719583 ]
 [0.14438508 0.12607634 0.03137334 0.05945611 0.14381029 0.20643343
  0.02308021 0.2094608  0.04683428 0.00909013]
 [0.15537055 0.12173785 0.04885405 0.14846055 0.15361863 0.13696952
  0.00942986 0.1830793  0.02712067 0.01535901]]"
108,"[[0.12643759 0.16774455 0.17097582 0.1511055  0.09431535 0.08760093
  0.02188651 0.11768833 0.00697594 0.05526947]
 [0.11619597 0.13851144 0.12790484 0.14758533 0.09685084 0.10955967
  0.04878112 0.11566821 0.03380409 0.06513848]
 [0.10925715 0.13252011 0.16483721 0.16857072 0.09731108 0.09506787
  0.01794664 0.16172024 0.03249846 0.02027051]
 [0.06095389 0.16942527 0.21234413 0.15056597 0.15946211 0.02845637
  0.01426161 0.0372692  0.02049261 0.14676884]
 [0.11366138 0.19493686 0.13768853 0.11745522 0.10811915 0.10421628
  0.06704192 0.04156829 0.042102   0.07321037]
 [0.1564034  0.16666195 0.16777049 0.13456251 0.10506094 0.04770995
  0.03590246 0.09328543 0.03736506 0.05527781]
 [0.137957   0.19106538 0.19794308 0.10505226 0.12721742 0.01919846
  0.01922496 0.12997868 0.01679576 0.05556699]
 [0.16146351 0.08268246 0.20153603 0.14783362 0.10358343 0.0353152
  0.02210403 0.19685185 0.02040472 0.02822516]
 [0.10719761 0.14298484 0.19156673 0.15139951 0.10339876 0.08521502
