,0
1,"[[0.16116151 0.34320787 0.12414943 0.09788797 0.27359322]
 [0.19890755 0.19823108 0.05216833 0.17782725 0.3728658 ]
 [0.21116565 0.24674646 0.29217646 0.03221164 0.2176998 ]
 [0.19758729 0.20294125 0.25016747 0.10073605 0.24856794]
 [0.10767445 0.35820118 0.19847334 0.08105073 0.2546003 ]]"
2,"[[0.17545591 0.05648752 0.29563829 0.35708632 0.11533197]
 [0.24605781 0.05268771 0.23202216 0.3493929  0.11983943]
 [0.37145879 0.12415303 0.21165858 0.1955759  0.0971537 ]
 [0.23019935 0.15545805 0.15770995 0.31761556 0.13901709]
 [0.16868211 0.24349897 0.26109823 0.19386345 0.13285723]]"
3,"[[0.22442282 0.19964851 0.15038504 0.19467112 0.23087251]
 [0.20185898 0.21856794 0.23006445 0.19016494 0.15934369]
 [0.15806452 0.27340303 0.24445171 0.1049576  0.21912313]
 [0.18669218 0.19802714 0.27301521 0.10164279 0.24062268]
 [0.23369922 0.18921371 0.16717653 0.18445535 0.2254552 ]]"
4,"[[0.2503401  0.27252563 0.16986077 0.16526833 0.14200517]
 [0.15296468 0.21797466 0.31892333 0.13823274 0.17190458]
 [0.17262655 0.29020575 0.25460312 0.15108645 0.13147812]
 [0.25978241 0.3078508  0.24767172 0.11022739 0.07446769]
 [0.17206989 0.33054569 0.17365916 0.22731242 0.09641284]]"
5,"[[0.04645412 0.13020699 0.30493878 0.24573311 0.27266699]
 [0.1327254  0.11234178 0.27077879 0.25851315 0.22564089]
 [0.10435209 0.10124104 0.22285255 0.24611612 0.32543821]
 [0.08619925 0.07064943 0.29597316 0.25751739 0.28966077]
 [0.04802492 0.19282504 0.35585456 0.177492   0.22580348]]"
6,"[[0.25547861 0.1350918  0.14892365 0.22558762 0.23491832]
 [0.21254777 0.22123665 0.17601059 0.28160775 0.10859724]
 [0.21697407 0.24829926 0.13656683 0.278477   0.11968283]
 [0.20775515 0.23705222 0.12802659 0.31049439 0.11667165]
 [0.22072472 0.23524638 0.16216318 0.25743533 0.12443038]]"
7,"[[0.06699193 0.2580641  0.07041945 0.38015752 0.22436701]
 [0.22937325 0.08959466 0.2013681  0.27833612 0.20132788]
 [0.20619262 0.24959432 0.12188717 0.28621952 0.13610637]
 [0.15967193 0.07013995 0.16477389 0.42559811 0.17981612]
 [0.12757674 0.05502141 0.20684492 0.3645003  0.24605663]]"
8,"[[0.25612391 0.18158099 0.19560938 0.16682808 0.19985764]
 [0.2972021  0.14330317 0.22931708 0.17020546 0.15997219]
 [0.289823   0.15189946 0.18645124 0.14241328 0.22941301]
 [0.23580983 0.07019407 0.31032553 0.13454511 0.24912545]
 [0.20131777 0.16685822 0.32624919 0.16023072 0.14534409]]"
9,"[[0.29622914 0.15595732 0.1406949  0.12388089 0.28323775]
 [0.24129255 0.18404168 0.2837595  0.04501833 0.24588794]
 [0.24005049 0.244356   0.09179979 0.18601313 0.23778058]
 [0.32301958 0.20647236 0.19061454 0.15653027 0.12336326]
 [0.33542584 0.12525746 0.19431642 0.03700579 0.30799449]]"
10,"[[0.07106604 0.15320703 0.48319475 0.07738063 0.21515156]
 [0.21862583 0.13361559 0.18461472 0.15845563 0.30468823]
 [0.2003692  0.19758345 0.28682401 0.08719918 0.22802416]
 [0.17244737 0.06170748 0.22137457 0.20928115 0.33518944]
 [0.15901509 0.11042743 0.31763766 0.08640806 0.32651177]]"
11,"[[0.18456777 0.30483286 0.30357564 0.08043131 0.12659241]
 [0.15315582 0.28528638 0.27833029 0.1638964  0.1193311 ]
 [0.24548219 0.25853181 0.2690753  0.09797785 0.12893286]
 [0.24538879 0.24730378 0.28427532 0.11333156 0.10970054]
 [0.238489   0.2820612  0.20775165 0.07009758 0.20160057]]"
12,"[[0.18794101 0.3160463  0.19127055 0.20834876 0.09639339]
 [0.31453773 0.21662225 0.14126889 0.18501215 0.14255898]
 [0.24517691 0.19573186 0.21169898 0.14777681 0.19961544]
 [0.27339977 0.2819975  0.11429478 0.21125254 0.11905541]
 [0.23860237 0.21072873 0.23793709 0.24997784 0.06275397]]"
13,"[[0.06882278 0.19640625 0.29119882 0.28344108 0.16013107]
 [0.20249368 0.18118383 0.21979693 0.25077784 0.14574772]
 [0.16389751 0.10322422 0.34507891 0.19054664 0.19725272]
 [0.14228224 0.14959665 0.27954188 0.29171633 0.1368629 ]
 [0.08355501 0.17848678 0.26473632 0.28378236 0.18943954]]"
14,"[[0.09051091 0.21133578 0.21846805 0.20065257 0.27903268]
 [0.15859025 0.30212323 0.16668025 0.0643421  0.30826417]
 [0.10890202 0.30144081 0.17156864 0.11165757 0.30643095]
 [0.08654395 0.23781234 0.27831587 0.17359922 0.22372862]
 [0.17316059 0.32231573 0.25765198 0.0569468  0.1899249 ]]"
15,"[[0.08177276 0.35779018 0.12630992 0.21748884 0.21663831]
 [0.05033148 0.19516873 0.22034602 0.12608054 0.40807322]
 [0.23684094 0.12469007 0.07013109 0.26379631 0.30454159]
 [0.12731017 0.33950878 0.0262179  0.13215907 0.37480409]
 [0.24338048 0.19394695 0.19884389 0.0869221  0.27690659]]"
16,"[[0.08957696 0.25864225 0.24060821 0.08581    0.32536258]
 [0.2048678  0.14438704 0.10691734 0.14188347 0.40194435]
 [0.16902792 0.25373499 0.24280145 0.1379598  0.19647584]
 [0.26196219 0.11836839 0.05147378 0.28722423 0.2809714 ]
 [0.2039521  0.21521472 0.06609476 0.17502794 0.33971048]]"
17,"[[0.19708244 0.17811494 0.17356512 0.24292291 0.20831458]
 [0.1650669  0.17210239 0.27652268 0.20864215 0.17766587]
 [0.17222945 0.1930775  0.18823761 0.21747215 0.22898328]
 [0.24418603 0.14755057 0.26745936 0.20679614 0.1340079 ]
 [0.14163363 0.18991664 0.2071868  0.24542925 0.21583368]]"
18,"[[0.07123666 0.27326601 0.28491072 0.25017998 0.12040663]
 [0.16089443 0.29021961 0.27116115 0.12835651 0.1493683 ]
 [0.11881967 0.22038613 0.25102076 0.29835032 0.11142312]
 [0.22380262 0.14842984 0.27879166 0.19082278 0.1581531 ]
 [0.22162334 0.16619663 0.29800171 0.06158797 0.25259035]]"
19,"[[0.20024743 0.12936685 0.34461334 0.10226834 0.22350404]
 [0.11646865 0.129857   0.363376   0.20344186 0.18685649]
 [0.16073458 0.10904973 0.33693962 0.16914336 0.2241327 ]
 [0.05539522 0.19717823 0.38083    0.18259184 0.18400472]
 [0.22628026 0.01187087 0.34697038 0.1521085  0.26276999]]"
20,"[[0.29212579 0.20802749 0.08704791 0.17186408 0.24093473]
 [0.11835496 0.21642286 0.16933042 0.221847   0.27404476]
 [0.17903324 0.27348608 0.10200596 0.18006224 0.26541249]
 [0.15080847 0.29431367 0.13544568 0.15888457 0.2605476 ]
 [0.27174563 0.30872103 0.03196186 0.12613687 0.26143461]]"
21,"[[0.08349165 0.08150732 0.12610374 0.08351385 0.11520159 0.03485937
  0.13301044 0.11948663 0.12184682 0.10097859]
 [0.01245399 0.03321009 0.10423205 0.14986363 0.07707613 0.07968659
  0.07581418 0.16833644 0.14947099 0.1498559 ]
 [0.09378736 0.04331457 0.10244008 0.1212037  0.08494357 0.06247359
  0.11793903 0.14880787 0.14074694 0.08434331]
 [0.02589631 0.05190149 0.09893768 0.16792081 0.06920104 0.10413944
  0.12929677 0.14430383 0.12966241 0.07874022]
 [0.01333143 0.08958707 0.14815599 0.10947118 0.08015077 0.02617683
  0.13072731 0.14119763 0.11744717 0.14375462]
 [0.0853456  0.07896073 0.16947314 0.09056691 0.04807616 0.07603489
  0.0914791  0.14373618 0.11685395 0.09947333]
 [0.02606038 0.12969549 0.10892368 0.13214729 0.04919438 0.05186774
  0.08568679 0.16397281 0.12988368 0.12256776]
 [0.0426481  0.10034619 0.1640079  0.101776   0.05635244 0.07912656
  0.12098177 0.1383246  0.12480452 0.07163191]
 [0.08804193 0.10862605 0.13606255 0.0798537  0.028451   0.07488458
  0.15433636 0.07395743 0.10520733 0.15057908]
 [0.0232362  0.04938347 0.07729935 0.16579281 0.10409425 0.098732
  0.12078531 0.10747748 0.13386201 0.11933712]]"
22,"[[0.09516837 0.10686317 0.04202415 0.08213341 0.15099015 0.10957681
  0.09173895 0.14632863 0.09181906 0.08335731]
 [0.13048353 0.14364007 0.04067116 0.09860537 0.10182226 0.05441327
  0.1002347  0.09742253 0.0800992  0.15260792]
 [0.14956194 0.09726283 0.04873385 0.03523577 0.14873538 0.06750635
  0.14495538 0.10725703 0.08117727 0.11957421]
 [0.08011009 0.12837081 0.06869364 0.05610752 0.12693669 0.08724878
  0.08858552 0.10123295 0.1083137  0.15440029]
 [0.12967795 0.12457884 0.12109947 0.09075258 0.1426844  0.05026916
  0.07532988 0.13218713 0.03086474 0.10255584]
 [0.0750577  0.11228854 0.08927718 0.09216915 0.13410828 0.04985853
  0.13122981 0.10408635 0.09903626 0.11288821]
 [0.14367859 0.09564411 0.09660492 0.083762   0.10649704 0.11384545
  0.08015765 0.13107264 0.05849202 0.09024559]
 [0.11679278 0.11806    0.09489134 0.09539253 0.13235467 0.05028709
  0.07540941 0.14569993 0.03714619 0.13396606]
 [0.13573305 0.14152153 0.06539941 0.03977094 0.11213198 0.10055788
  0.11545072 0.10042901 0.04776191 0.14124358]
 [0.094472   0.12445199 0.11751332 0.03149836 0.08451871 0.09494802
  0.11204693 0.13202425 0.05438835 0.15413806]]"
23,"[[0.05068651 0.13053387 0.12010381 0.05775747 0.10248883 0.07282144
  0.14302084 0.0694044  0.08322096 0.16996187]
 [0.08101351 0.18246198 0.15827103 0.04983902 0.11554586 0.07928189
  0.03889839 0.17131485 0.05274522 0.07062825]
 [0.13273362 0.07656599 0.10517961 0.06912269 0.145363   0.10194039
  0.07664978 0.12924303 0.04250111 0.12070077]
 [0.100891   0.08638795 0.15458221 0.10322967 0.14211051 0.08298079
  0.07223044 0.07949304 0.07998443 0.09810996]
 [0.09152025 0.06403108 0.18081065 0.06393766 0.18720088 0.05772602
  0.12977008 0.10923731 0.0264001  0.08936597]
 [0.07850466 0.18610299 0.15332249 0.08165947 0.09088957 0.13245356
  0.04567905 0.09801559 0.04899517 0.08437746]
 [0.11556274 0.14083598 0.1722919  0.03071551 0.10423815 0.11355692
  0.04028128 0.12365135 0.02007464 0.13879153]
 [0.06553706 0.17882711 0.15223466 0.02627552 0.12982351 0.14066829
  0.02735428 0.12267496 0.09561187 0.06099274]
 [0.05889168 0.14285069 0.10323818 0.04207057 0.12268448 0.1177941
  0.07233022 0.13570919 0.09232419 0.1121067 ]
 [0.09025793 0.13732852 0.08552365 0.06046148 0.11290158 0.12547981
  0.10361527 0.07270018 0.04594061 0.16579096]]"
24,"[[0.14594879 0.03963172 0.14954965 0.04789319 0.14624313 0.0551765
  0.11574472 0.05339434 0.15426328 0.09215468]
 [0.0829304  0.03230532 0.08315986 0.0612893  0.18432063 0.16555851
  0.10426521 0.01230814 0.19170798 0.08215465]
 [0.1534759  0.05124004 0.11069054 0.09640474 0.13649074 0.10801287
  0.06985647 0.04443467 0.12442565 0.10496837]
 [0.14764355 0.03106327 0.08082248 0.08686711 0.16019867 0.09912003
  0.11264325 0.06292409 0.1415393  0.07717825]
 [0.14039764 0.06081656 0.08884109 0.06115391 0.10127865 0.08223108
  0.13370213 0.05156974 0.15049878 0.12951041]
 [0.08218682 0.05144953 0.14105992 0.12385018 0.13591668 0.07567241
  0.08983944 0.0718624  0.13876069 0.08940193]
 [0.10832259 0.05951188 0.13476378 0.07991073 0.11851156 0.05055644
  0.12522788 0.05830837 0.13873001 0.12615675]
 [0.11939736 0.04550886 0.12805405 0.06647687 0.148933   0.11297796
  0.08042711 0.05330718 0.1339667  0.11095091]
 [0.07491571 0.06427318 0.14433834 0.06058337 0.17750413 0.08300724
  0.1314878  0.01425086 0.10723923 0.14240013]
 [0.13646713 0.09440281 0.14376727 0.08266439 0.08843482 0.12630345
  0.13602259 0.04783254 0.09053857 0.05356644]]"
25,"[[0.13933588 0.08264781 0.04314589 0.10897452 0.15275671 0.041435
  0.08599206 0.07443643 0.21949582 0.0517799 ]
 [0.08878129 0.08073757 0.1373113  0.15069883 0.11619326 0.04179778
  0.09411421 0.07939676 0.17916983 0.03179917]
 [0.13116926 0.05938284 0.02638905 0.16288461 0.13639969 0.03018729
  0.09547411 0.07090629 0.19308103 0.09412583]
 [0.10469152 0.10388177 0.10988365 0.09779839 0.17318188 0.08607181
  0.03615559 0.09758549 0.15294874 0.03780116]
 [0.10504041 0.02781926 0.04312951 0.1612763  0.1293654  0.1156844
  0.09096963 0.05425966 0.18329425 0.08916119]
 [0.14634343 0.0732722  0.08772678 0.11950468 0.17670725 0.09448326
  0.03555458 0.05329595 0.11583645 0.09727541]
 [0.1325021  0.03280914 0.06052662 0.11621641 0.1641943  0.05548537
  0.11023901 0.06110374 0.1461167  0.12080662]
 [0.12090336 0.08177374 0.08176192 0.13669375 0.1135673  0.09977462
  0.09046149 0.07629614 0.12165928 0.07710839]
 [0.08560943 0.05389866 0.09714956 0.18147819 0.18471282 0.08381269
  0.10045537 0.06785415 0.09650501 0.04852412]
 [0.08126079 0.0637962  0.06550662 0.09970009 0.20465385 0.10826878
  0.07848028 0.070135   0.12057557 0.10762281]]"
26,"[[0.03134551 0.1390294  0.08986929 0.06667313 0.1328299  0.1510589
  0.00607313 0.13353175 0.07141245 0.17817655]
 [0.0521519  0.09590908 0.11616726 0.08005252 0.1438418  0.12521234
  0.08508867 0.08356448 0.08713415 0.13087779]
 [0.0566342  0.14496515 0.0977463  0.06816161 0.08722005 0.09128657
  0.04000999 0.14191039 0.08185148 0.19021425]
 [0.06697557 0.12712759 0.1138642  0.11023955 0.11551081 0.07482169
  0.01028205 0.10422544 0.07931888 0.19763422]
 [0.07814657 0.18148224 0.09313921 0.04190923 0.12563038 0.08151582
  0.00647653 0.19698905 0.05990399 0.13480698]
 [0.04866121 0.13958308 0.12182842 0.09189326 0.07209745 0.09685874
  0.01257579 0.17058352 0.1284058  0.11751274]
 [0.0726005  0.13285278 0.10538598 0.07359039 0.09462507 0.13449147
  0.06640814 0.11792217 0.09412913 0.10799437]
 [0.08821374 0.09930205 0.09620472 0.01972272 0.14238793 0.1317064
  0.02356056 0.13073683 0.07642365 0.1917414 ]
 [0.02060179 0.10474176 0.11196694 0.02083382 0.15374106 0.0997864
  0.05330344 0.15265285 0.08711598 0.19525597]
 [0.07763843 0.13872324 0.1204142  0.04859447 0.10623949 0.10148581
  0.0520691  0.13054176 0.1080328  0.11626069]]"
27,"[[0.06437909 0.05053698 0.16151126 0.15492629 0.08520311 0.09886379
  0.17148895 0.0362299  0.04130771 0.1355529 ]
 [0.0602668  0.08181729 0.08575697 0.1469881  0.08097484 0.11893871
  0.16010521 0.05578403 0.08336885 0.1259992 ]
 [0.03888325 0.13851679 0.06931804 0.14216899 0.1155507  0.07338237
  0.10004078 0.09511142 0.05591844 0.17110922]
 [0.04960484 0.04841994 0.11287927 0.15675753 0.0986674  0.10159561
  0.16483235 0.09943642 0.03934567 0.12846096]
 [0.11115566 0.11707421 0.06463337 0.16953427 0.06726601 0.03012637
  0.1338709  0.07972338 0.06974751 0.15686832]
 [0.082133   0.06502624 0.06313121 0.1516722  0.10859706 0.12862818
  0.08783708 0.07623489 0.09648557 0.14025457]
 [0.04865026 0.09564529 0.11305734 0.18300868 0.04221243 0.07051988
  0.10791317 0.04464461 0.102988   0.19136033]
 [0.07197972 0.1438775  0.10741554 0.15191552 0.07781495 0.10972854
  0.09501296 0.04582329 0.06832552 0.12810644]
 [0.12995418 0.09911626 0.12003652 0.18607477 0.02588549 0.07348866
  0.08635255 0.09238729 0.06297732 0.12372696]
 [0.04515121 0.12537498 0.06101435 0.13633241 0.08666435 0.0650821
  0.09620576 0.11675162 0.09850228 0.16892093]]"
28,"[[0.15486159 0.03641366 0.02360848 0.05885292 0.1905184  0.0448288
  0.12942388 0.08141444 0.10033418 0.17974366]
 [0.1668297  0.00650307 0.07589151 0.07612947 0.11917558 0.12342605
  0.11903379 0.09254592 0.06707599 0.15338892]
 [0.08339161 0.06152477 0.04878867 0.07396878 0.11713673 0.09025282
  0.14871958 0.12622509 0.09859935 0.15139261]
 [0.13958047 0.08801982 0.03166343 0.03275209 0.14658773 0.10153819
  0.11876423 0.09990368 0.09692556 0.14426481]
 [0.14414808 0.08530475 0.04792539 0.06241859 0.1227007  0.03299203
  0.10662423 0.14443172 0.07694357 0.17651094]
 [0.10500027 0.08555794 0.04319963 0.03719801 0.127894   0.1033165
  0.13263106 0.14892946 0.09206955 0.12420359]
 [0.12687325 0.03774243 0.05547712 0.06412334 0.13681098 0.08331406
  0.11155105 0.12625615 0.11029818 0.14755344]
 [0.09653122 0.03073186 0.07649806 0.02315796 0.16992267 0.0556902
  0.17090391 0.1389256  0.0527054  0.18493313]
 [0.19668018 0.02414262 0.02785453 0.06743367 0.2149288  0.04949421
  0.1280832  0.07601554 0.09688136 0.11848588]
 [0.15200142 0.01122736 0.06464146 0.09942103 0.10142072 0.05234683
  0.16638206 0.12988217 0.07204502 0.15063193]]"
29,"[[0.11009077 0.0575849  0.14817726 0.05628898 0.12182069 0.14121254
  0.11226358 0.09597014 0.07243717 0.08415396]
 [0.0980262  0.0970044  0.12362283 0.10334734 0.08674674 0.13479942
  0.07744368 0.07619907 0.11299305 0.08981727]
 [0.10175146 0.11900416 0.13326173 0.11259335 0.11582934 0.08865834
  0.08161935 0.07004423 0.06775523 0.10948282]
 [0.1069349  0.11717991 0.07282562 0.09094819 0.08118035 0.11450751
  0.10358363 0.06402882 0.11449605 0.13431501]
 [0.10720899 0.07000325 0.11900572 0.07491818 0.08089328 0.07989755
  0.14941264 0.10769677 0.12635454 0.08460908]
 [0.07801962 0.13607635 0.10382418 0.07964436 0.06745609 0.07829394
  0.14659627 0.08879456 0.09650436 0.12479028]
 [0.05294014 0.09387967 0.10828501 0.08526417 0.10027723 0.09345881
  0.10657314 0.13767649 0.08550142 0.13614391]
 [0.1037026  0.09870143 0.11718559 0.06102958 0.08834466 0.09323279
  0.11093808 0.07004874 0.12935033 0.1274662 ]
 [0.05584506 0.13435851 0.12010185 0.07714005 0.12501628 0.13150384
  0.09768424 0.03980316 0.07373495 0.14481206]
 [0.10313268 0.08393466 0.1401718  0.09747884 0.11719784 0.06584036
  0.07945112 0.04763147 0.12186056 0.14330066]]"
30,"[[0.07969465 0.10297132 0.09607038 0.15749134 0.11306969 0.07022292
  0.11303627 0.14554389 0.04493318 0.07696634]
 [0.10768589 0.09186492 0.07031616 0.19188763 0.09756014 0.12679576
  0.05604167 0.12957766 0.06108698 0.0671832 ]
 [0.18759608 0.03767458 0.09329563 0.16836518 0.11974062 0.14556616
  0.07177464 0.09545262 0.04137678 0.03915772]
 [0.09449778 0.10049987 0.06554497 0.11679876 0.17552772 0.09891691
  0.05032042 0.14043261 0.0901218  0.06733917]
 [0.11679694 0.05706988 0.09815067 0.12670132 0.11161626 0.12736365
  0.12248491 0.09202527 0.08578654 0.06200455]
 [0.11874587 0.08949623 0.02465832 0.15963677 0.16042871 0.14783306
  0.07818439 0.15999113 0.04362059 0.01740494]
 [0.10910155 0.10893158 0.01995677 0.16362008 0.15558527 0.14878279
  0.06746017 0.08875853 0.04223182 0.09557145]
 [0.09758005 0.11104324 0.06984936 0.12388094 0.11931469 0.11205453
  0.11676696 0.12661167 0.03898767 0.08391089]
 [0.08835128 0.08989169 0.04031192 0.11630355 0.10648047 0.16923834
  0.14948421 0.10947114 0.05327052 0.07719689]
 [0.15537092 0.08207372 0.03972284 0.11955669 0.09635612 0.14880379
  0.08738917 0.16171253 0.08979052 0.01922369]]"
31,"[[0.0622448  0.13815617 0.10095051 0.14550942 0.0973076  0.09142128
  0.09285451 0.06604724 0.10683119 0.09867727]
 [0.02645029 0.09843659 0.12905052 0.1442603  0.0683969  0.07378203
  0.11543545 0.13221616 0.10465259 0.10731917]
 [0.03463613 0.09781711 0.12755215 0.16588676 0.0690933  0.08701927
  0.1180833  0.12541881 0.07306491 0.10142826]
 [0.03616183 0.08520331 0.12135098 0.12836817 0.07807984 0.11386042
  0.11087711 0.14770373 0.0683758  0.11001882]
 [0.07989302 0.08023695 0.11629355 0.13691095 0.07715471 0.09859763
  0.11359347 0.14181272 0.06922829 0.08627872]
 [0.05244355 0.11876042 0.0995481  0.09210217 0.05049156 0.13125704
  0.10779828 0.08862004 0.12808537 0.13089349]
 [0.0351951  0.14050791 0.10020031 0.10480534 0.10407647 0.11432597
  0.09270489 0.08136307 0.09378826 0.13303268]
 [0.08510744 0.06924495 0.11026458 0.10330011 0.1087423  0.12582952
  0.09292561 0.13982921 0.06188899 0.10286729]
 [0.05679235 0.09617728 0.14885654 0.08353985 0.07223454 0.12936539
  0.07924545 0.10963963 0.1221513  0.10199769]
 [0.02662858 0.15217472 0.10091646 0.12382439 0.08217435 0.11439419
  0.14360103 0.08257896 0.08247718 0.09123014]]"
32,"[[0.12392768 0.00877561 0.149264   0.07482616 0.08782057 0.10128893
  0.08768335 0.1125828  0.16461576 0.08921514]
 [0.07151888 0.10659886 0.20418237 0.11128835 0.06472944 0.10802478
  0.10228886 0.04879084 0.14130206 0.04127557]
 [0.13397945 0.0626941  0.13979997 0.05542943 0.09943925 0.1603566
  0.10318238 0.04730341 0.15707353 0.04074188]
 [0.08744955 0.03166312 0.14193421 0.11200696 0.07712983 0.08786524
  0.11752895 0.11003696 0.16466616 0.06971903]
 [0.08593828 0.03098043 0.15095127 0.14324275 0.06959754 0.13095093
  0.06020358 0.09008866 0.19908004 0.03896651]
 [0.14430714 0.01459878 0.1325016  0.16058113 0.0492836  0.16208034
  0.05409167 0.04235305 0.1576625  0.08254019]
 [0.11634022 0.12230137 0.12074752 0.1155577  0.10062476 0.13440475
  0.07284057 0.07541171 0.12442919 0.0173422 ]
 [0.12237019 0.06858038 0.11554585 0.12855195 0.06711621 0.11568401
  0.12927601 0.1061838  0.10442548 0.04226611]
 [0.05438441 0.09711819 0.17618959 0.12722175 0.09752087 0.16243504
  0.09458621 0.0685841  0.09475358 0.02720625]
 [0.13513547 0.04179071 0.16663886 0.11331996 0.07010662 0.10389792
  0.04476364 0.09836375 0.16358164 0.06240143]]"
33,"[[0.10758346 0.04162214 0.16852239 0.04001828 0.03639329 0.08391249
  0.10261225 0.18322618 0.10303887 0.13307065]
 [0.12753203 0.08630928 0.11509537 0.11830646 0.03522318 0.09775769
  0.12014368 0.14624054 0.12723465 0.02615713]
 [0.12269308 0.07834905 0.1618264  0.07901378 0.05857887 0.06730649
  0.08656246 0.14555585 0.11035142 0.08976259]
 [0.1558147  0.0208275  0.1072437  0.03684672 0.11216811 0.1041239
  0.13062585 0.1339406  0.10390814 0.09450079]
 [0.0859242  0.09343922 0.17500089 0.07433975 0.05280731 0.09340989
  0.08535264 0.13230238 0.17505152 0.0323722 ]
 [0.10863308 0.03711888 0.10411687 0.14909889 0.03244936 0.14124117
  0.07139613 0.1223098  0.19330538 0.04033044]
 [0.13297869 0.04218456 0.10004679 0.09854347 0.1026787  0.12742497
  0.10977857 0.07972366 0.11959362 0.08704696]
 [0.1366533  0.06922271 0.18599238 0.0455973  0.07320544 0.08600977
  0.08105002 0.1370618  0.10319541 0.08201186]
 [0.09812305 0.07013863 0.15241436 0.0922477  0.05730625 0.10570269
  0.10615386 0.15296268 0.10794249 0.05700829]
 [0.1451126  0.06675988 0.14662502 0.13959689 0.03911993 0.08483734
  0.06083023 0.12299855 0.11418031 0.07993923]]"
34,"[[0.06452349 0.08964879 0.0467642  0.05637701 0.12445078 0.13999305
  0.11650885 0.11623927 0.10340366 0.14209088]
 [0.14909333 0.0966223  0.1053592  0.01933522 0.09330314 0.07722667
  0.12781382 0.13072463 0.10315757 0.09736412]
 [0.12857631 0.11037887 0.04728241 0.01046692 0.12200349 0.10865488
  0.12472369 0.11064778 0.10803299 0.12923266]
 [0.11329458 0.07718922 0.1211355  0.02502514 0.0955446  0.12930014
  0.10952069 0.07500767 0.13165634 0.12232613]
 [0.12026324 0.04162996 0.05833238 0.07343767 0.10336006 0.16307965
  0.11835499 0.05711391 0.08779215 0.17663601]
 [0.15452086 0.07104271 0.08723338 0.04824645 0.16542803 0.08570546
  0.06981066 0.1075758  0.0742226  0.13621404]
 [0.15540615 0.04947586 0.05839809 0.01442893 0.10223468 0.1624002
  0.14503755 0.05338394 0.09069489 0.16853972]
 [0.1200516  0.08095545 0.11540751 0.05503079 0.11295175 0.10305352
  0.11740278 0.0912976  0.07528024 0.12856876]
 [0.10054879 0.07051445 0.11602798 0.06723913 0.10395736 0.08317463
  0.10378526 0.13822603 0.06438926 0.15213711]
 [0.10162745 0.04369106 0.07727136 0.00576713 0.14494684 0.1323256
  0.09922391 0.12578703 0.09536259 0.17399703]]"
35,"[[0.13479406 0.07192535 0.08615288 0.07587544 0.09732394 0.06152036
  0.13498763 0.06352421 0.15229322 0.12160291]
 [0.0770592  0.02517175 0.15599495 0.13618913 0.10372101 0.07694134
  0.14101385 0.08341009 0.08266969 0.117829  ]
 [0.14874331 0.03684936 0.11676628 0.15136814 0.10099756 0.06449632
  0.09996976 0.05289157 0.0818077  0.14610999]
 [0.05439732 0.06342853 0.15248342 0.09821054 0.08408063 0.13353728
  0.12525732 0.04138434 0.1240485  0.12317212]
 [0.09627112 0.06000302 0.0942117  0.07899704 0.09288191 0.10325308
  0.1429839  0.073229   0.10620539 0.15196384]
 [0.11948808 0.03590146 0.09033543 0.07050571 0.05251784 0.0958575
  0.14668352 0.13873609 0.10558023 0.14439413]
 [0.16798153 0.0722334  0.1910006  0.0778894  0.03277305 0.13809313
  0.07502163 0.06596753 0.09329734 0.08574239]
 [0.11486256 0.04986961 0.10457945 0.10407921 0.03491203 0.07564968
  0.17117701 0.0653265  0.13959095 0.139953  ]
 [0.13174356 0.03456282 0.17244161 0.12806356 0.085016   0.08562543
  0.12671095 0.04209848 0.10352039 0.09021721]
 [0.12438989 0.1093927  0.07039374 0.08969953 0.03184354 0.12630846
  0.13269267 0.10937614 0.07663281 0.12927052]]"
36,"[[0.0627662  0.15168628 0.07867328 0.07216973 0.09009995 0.12491803
  0.10139973 0.08107293 0.09168065 0.14553323]
 [0.03328916 0.17809136 0.08222059 0.02805971 0.07208084 0.13484246
  0.10420437 0.16420014 0.04472336 0.158288  ]
 [0.04100132 0.11834745 0.07067871 0.10409309 0.12182961 0.10003909
  0.06542126 0.14828443 0.10524836 0.12505669]
 [0.09337806 0.11865228 0.08341375 0.07217016 0.15133704 0.13950926
  0.02550842 0.06985594 0.05177376 0.19440133]
 [0.06976373 0.19493782 0.02724998 0.09049483 0.14387111 0.08913702
  0.02407606 0.10347482 0.11124779 0.14574685]
 [0.06663582 0.12411981 0.12847821 0.03963302 0.06285016 0.11589019
  0.06142665 0.09428035 0.13290811 0.17377769]
 [0.08401512 0.17195115 0.04033816 0.10206314 0.06683035 0.07480281
  0.0449287  0.1359577  0.12662764 0.15248524]
 [0.10878109 0.15734153 0.09002724 0.03095356 0.09044969 0.14015747
  0.07278226 0.12383348 0.04752943 0.13814425]
 [0.0829919  0.19827377 0.02160315 0.06720293 0.11959294 0.1332757
  0.04377674 0.07116292 0.05906266 0.20305727]
 [0.03656346 0.18827892 0.10436884 0.04490928 0.11959048 0.12389535
  0.01929118 0.13764283 0.04881318 0.17664648]]"
37,"[[0.08006325 0.18212779 0.12049977 0.10605955 0.09304886 0.02646174
  0.10236337 0.0883271  0.06105797 0.13999062]
 [0.07490701 0.08300123 0.18866191 0.11858    0.0628533  0.09874208
  0.05213091 0.06294841 0.11534409 0.14283105]
 [0.12227389 0.10798786 0.14361581 0.12964127 0.08372487 0.03017425
  0.08159872 0.07284821 0.08542306 0.14271207]
 [0.08119921 0.16405031 0.14156231 0.06954116 0.0951185  0.04919668
  0.08440723 0.04220557 0.07368514 0.19903388]
 [0.07185948 0.08236913 0.14228031 0.13085298 0.07486591 0.02890203
  0.08502359 0.10144811 0.12841679 0.15398167]
 [0.12655595 0.08524764 0.11810264 0.12242153 0.08950645 0.04706791
  0.05915969 0.08910632 0.09385996 0.16897191]
 [0.10816711 0.0888546  0.1359953  0.08625912 0.07890666 0.11174727
  0.05987682 0.09440914 0.086131   0.14965297]
 [0.10513698 0.10541112 0.16719756 0.13270467 0.06790309 0.11071984
  0.04450757 0.08136433 0.08179845 0.10325639]
 [0.11927738 0.13493497 0.12706594 0.10703865 0.09888004 0.05536223
  0.08291871 0.04209915 0.1389288  0.09349412]
 [0.11131774 0.13392332 0.14053384 0.09724133 0.04085953 0.09898435
  0.08983265 0.04417427 0.08199795 0.16113502]]"
38,"[[0.09529605 0.0691601  0.16644667 0.14470194 0.0593866  0.02986254
  0.12071506 0.12965354 0.07420044 0.11057706]
 [0.06655941 0.03568834 0.16726494 0.15531469 0.07846788 0.05825688
  0.10393516 0.17284459 0.09272121 0.0689469 ]
 [0.04886669 0.09913753 0.13901789 0.09497269 0.11689877 0.07839814
  0.06957716 0.18905741 0.08551453 0.07855919]
 [0.0569391  0.07308522 0.09728904 0.11106831 0.09015016 0.0845751
  0.05802014 0.18423208 0.08936628 0.15527458]
 [0.05691991 0.11089115 0.1457435  0.10352402 0.10896481 0.05057646
  0.0533675  0.15128744 0.06878731 0.1499379 ]
 [0.05195145 0.03690598 0.12626343 0.19643789 0.06350859 0.05267216
  0.05257701 0.15663999 0.12706904 0.13597447]
 [0.05013559 0.05458091 0.12177599 0.11518508 0.12847425 0.07349396
  0.08195588 0.16670592 0.09648987 0.11120256]
 [0.06576426 0.11840488 0.11106961 0.1958286  0.10605084 0.02215315
  0.03762139 0.13300537 0.0770796  0.13302229]
 [0.1081208  0.08603262 0.15921511 0.14246171 0.09742021 0.0786339
  0.05663892 0.12140086 0.08609256 0.06398333]
 [0.05373764 0.05099159 0.13908635 0.13366337 0.09917758 0.06214634
  0.07969475 0.12615016 0.12512334 0.13022888]]"
39,"[[0.02407763 0.07788174 0.11281204 0.09003225 0.12896658 0.09998374
  0.11864332 0.09940291 0.1405078  0.107692  ]
 [0.04427686 0.13202772 0.10775705 0.05767801 0.13643654 0.14691923
  0.10117023 0.05017961 0.12848149 0.09507326]
 [0.04893051 0.13585081 0.10677692 0.13130062 0.10812973 0.1066217
  0.06441422 0.07309149 0.1268078  0.09807621]
 [0.07544051 0.15046555 0.1168563  0.07107319 0.12452525 0.14308269
  0.10992788 0.01323355 0.1378697  0.05752538]
 [0.05128196 0.13786096 0.1113409  0.09941161 0.13011147 0.14080602
  0.08780825 0.02915022 0.09761096 0.11461765]
 [0.07100658 0.07970261 0.10662816 0.06823361 0.09897618 0.12893777
  0.11397708 0.07594107 0.14826965 0.1083273 ]
 [0.03198313 0.15576951 0.06456185 0.08479442 0.13870861 0.13936421
  0.12142939 0.01996214 0.16331815 0.08010859]
 [0.02392914 0.16198866 0.11439855 0.08036904 0.17791829 0.15529828
  0.08093171 0.01198626 0.08893806 0.104242  ]
 [0.04132647 0.12987291 0.09358338 0.11435164 0.10990779 0.17822672
  0.09106042 0.04801326 0.11306181 0.0805956 ]
 [0.06585609 0.07966176 0.0606814  0.12207762 0.15998612 0.1616702
  0.1043119  0.02341114 0.13144072 0.09090305]]"
40,"[[0.09029657 0.15801428 0.10194642 0.06581039 0.14009331 0.12508317
  0.04453851 0.05975272 0.12381499 0.09064964]
 [0.09096779 0.18894876 0.07689893 0.02217315 0.1429411  0.14430704
  0.05022629 0.09403278 0.14550155 0.04400261]
 [0.08562117 0.16349894 0.10506973 0.01458493 0.12638641 0.09928505
  0.10807291 0.0580342  0.11811098 0.12133568]
 [0.0444759  0.13323434 0.09101133 0.03985334 0.10594838 0.16487127
  0.05738541 0.10573099 0.15583587 0.10165317]
 [0.0362675  0.14456749 0.0985778  0.09363316 0.16766654 0.16665804
  0.06521031 0.04968686 0.12840287 0.04932943]
 [0.09893895 0.09629248 0.11165293 0.05678452 0.12050511 0.15718278
  0.07957378 0.04914522 0.14677504 0.08314919]
 [0.10841192 0.15978774 0.08888526 0.06534931 0.06254184 0.1623027
  0.11392322 0.07914606 0.09866986 0.06098211]
 [0.07773522 0.18535425 0.0397292  0.04455806 0.0774949  0.16793875
  0.11821683 0.03370172 0.1554342  0.09983687]
 [0.03757973 0.15813683 0.09664533 0.00372879 0.09084002 0.16560475
  0.05276959 0.11653157 0.19260065 0.08556274]
 [0.05916744 0.12591447 0.10946634 0.07647599 0.12697456 0.14391163
  0.12389104 0.03239841 0.09354668 0.10825345]]"
41,"[[0.05916351 0.02032595 0.03159337 0.04835171 0.06405366 0.09554958
  0.09670785 0.12025759 0.02417907 0.09539602 0.1126569  0.08550683
  0.04924865 0.06027027 0.03673906]
 [0.08566587 0.04250725 0.04931974 0.07264363 0.02592607 0.06343275
  0.07459862 0.0790502  0.05604775 0.08288282 0.11963891 0.08289775
  0.071561   0.02183993 0.07198771]
 [0.09320779 0.02736007 0.02220152 0.07476926 0.07948225 0.12217402
  0.05701422 0.10261263 0.03946716 0.11208852 0.08492978 0.03582565
  0.06816195 0.01812954 0.06257565]
 [0.08483761 0.06324394 0.06670949 0.04829368 0.0635344  0.08286356
  0.08904851 0.10492479 0.02051295 0.07161428 0.08408327 0.07371069
  0.06880823 0.03496883 0.04284576]
 [0.09384529 0.04339574 0.07186625 0.0470088  0.04499193 0.10436373
  0.06435054 0.09551704 0.0316582  0.06933387 0.1076235  0.05940295
  0.0729319  0.01635885 0.07735141]
 [0.07567969 0.0863377  0.07947517 0.06097931 0.02619553 0.07740806
  0.07561222 0.09762992 0.02892027 0.10682502 0.07519367 0.03279389
  0.04369639 0.05298636 0.0802668 ]
 [0.0602152  0.03081901 0.06202571 0.07640585 0.05525346 0.11879624
  0.04593109 0.07608492 0.02406225 0.11319153 0.10213641 0.09572972
  0.0440568  0.04689023 0.04840157]
 [0.05219196 0.02470596 0.07903468 0.06332857 0.05357163 0.08444327
  0.07922364 0.09961497 0.05984631 0.1260078  0.06850095 0.07808986
  0.01864782 0.07433006 0.03846253]
 [0.05293816 0.07520178 0.06821594 0.02024574 0.02799457 0.10620754
  0.09367143 0.10477744 0.03360937 0.0547407  0.07819362 0.07939835
  0.05766978 0.07022229 0.07691328]
 [0.06126726 0.03241077 0.08221497 0.0503358  0.05673284 0.12795079
  0.08875261 0.08250201 0.02286633 0.06095691 0.06805804 0.07097466
  0.06055224 0.03310834 0.10131642]
 [0.09384633 0.067819   0.07847304 0.06110197 0.05585567 0.10640184
  0.04153261 0.07552041 0.03054877 0.06139965 0.11058965 0.04725879
  0.03583195 0.08176561 0.05205473]
 [0.08235672 0.06787661 0.0678255  0.03214713 0.05923127 0.09894195
  0.06565038 0.08696828 0.02503795 0.10525055 0.09286954 0.02991701
  0.04023446 0.0641615  0.08153115]
 [0.08414536 0.05617892 0.02495866 0.07109892 0.03196828 0.09471589
  0.09358597 0.10123811 0.05648485 0.09371182 0.05978769 0.05549885
  0.05718938 0.04938281 0.0700545 ]
 [0.06367079 0.07516237 0.06006909 0.04876615 0.0748116  0.09505645
  0.07693268 0.09399454 0.05439407 0.09045684 0.05676532 0.07951238
  0.04135137 0.02287015 0.06618619]
 [0.06721301 0.0839879  0.02366652 0.03377269 0.063949   0.09147453
  0.09166798 0.07781539 0.0670302  0.08657771 0.07793656 0.05132957
  0.08515257 0.05594738 0.04247899]]"
42,"[[0.10793266 0.06157203 0.07277587 0.04418045 0.01235846 0.06867388
  0.0756207  0.05529061 0.06834057 0.107516   0.08228348 0.06973972
  0.00755945 0.08039908 0.08575704]
 [0.13391678 0.06346211 0.0521639  0.07445589 0.04121867 0.0227166
  0.08119876 0.04991075 0.08085332 0.07592034 0.09932425 0.05648613
  0.05131814 0.06095406 0.05610028]
 [0.1018572  0.0649529  0.02466611 0.05760408 0.01545593 0.03269895
  0.09276682 0.02513782 0.1039828  0.09868679 0.09535688 0.0736032
  0.05193345 0.09229896 0.06899812]
 [0.08230147 0.05528993 0.01952179 0.04774835 0.02835959 0.03517739
  0.1125824  0.06654636 0.08872285 0.08499013 0.08601181 0.05906084
  0.05982719 0.09845355 0.07540634]
 [0.09258502 0.04456906 0.06149693 0.05590837 0.03832368 0.06598625
  0.09547905 0.04384434 0.10060701 0.13430271 0.08012827 0.07993056
  0.00329283 0.048198   0.05534791]
 [0.07555225 0.08500576 0.03739514 0.06761935 0.02709947 0.0218616
  0.07542911 0.05626379 0.07277074 0.12926524 0.07336051 0.06640906
  0.03915956 0.08711344 0.08569497]
 [0.08702912 0.06738151 0.04649653 0.08390453 0.05782474 0.02961632
  0.05936237 0.03115451 0.1069268  0.11594868 0.11109953 0.0925512
  0.02104216 0.04993976 0.03972223]
 [0.11739677 0.03614195 0.06635354 0.09105282 0.05369768 0.03738764
  0.11246152 0.01448697 0.08640572 0.07920486 0.08984691 0.03000358
  0.05598132 0.06749166 0.06208706]
 [0.12264013 0.02190313 0.06009137 0.04232851 0.05869682 0.06359316
  0.0821724  0.03708082 0.08919292 0.07627053 0.11127204 0.03443147
  0.03976413 0.07083712 0.08972545]
 [0.11751082 0.03752571 0.02493762 0.08765612 0.02309728 0.02224951
  0.09590961 0.08060283 0.08068477 0.10722685 0.1166042  0.03125433
  0.07257689 0.05457932 0.04758414]
 [0.13334058 0.03659975 0.03525397 0.11265297 0.00761355 0.04314026
  0.08840977 0.0455969  0.09021826 0.08532405 0.10123061 0.08469727
  0.02741134 0.04778055 0.06073015]
 [0.08658183 0.04291084 0.08161995 0.09208203 0.00243052 0.0444462
  0.08643931 0.07270101 0.10279609 0.07389422 0.11571684 0.05464982
  0.01798528 0.07752852 0.04821754]
 [0.08624579 0.05621837 0.07799253 0.06137625 0.0028448  0.07316081
  0.05580959 0.02461077 0.07502327 0.08868183 0.10561249 0.08004416
  0.01842882 0.10430755 0.08964296]
 [0.1073709  0.0741197  0.04478182 0.09558963 0.00667187 0.02907327
  0.09605269 0.06090782 0.08502356 0.11091538 0.08011488 0.03833147
  0.04629786 0.06629267 0.05845646]
 [0.05967206 0.03632229 0.02477097 0.09897277 0.04578025 0.05888933
  0.05676074 0.07244841 0.11227283 0.1168151  0.06548793 0.06016446
  0.06162641 0.07444413 0.05557233]]"
43,"[[0.07257061 0.04177167 0.01333859 0.03841179 0.07599897 0.05815771
  0.07855114 0.04771189 0.09274    0.0966774  0.09237633 0.04676098
  0.04682131 0.0960912  0.10202042]
 [0.03704511 0.08791879 0.04586953 0.08190211 0.08453461 0.06188252
  0.10981622 0.01996407 0.07476618 0.08037245 0.0961318  0.07166276
  0.01445746 0.07412908 0.05954731]
 [0.05093095 0.04334943 0.06767956 0.07269446 0.03313313 0.09131456
  0.08096567 0.04501401 0.11105383 0.07366112 0.09090108 0.0747957
  0.01907037 0.0580183  0.08741782]
 [0.02637884 0.07550841 0.03158471 0.04199136 0.06250355 0.08313133
  0.07964213 0.04146077 0.12198848 0.04557397 0.13162602 0.075735
  0.02696202 0.09263876 0.06327466]
 [0.027621   0.07570026 0.01063022 0.10513834 0.09341208 0.08113082
  0.11976501 0.02815037 0.07657061 0.04556366 0.11566755 0.06547345
  0.04081184 0.05579751 0.05856726]
 [0.06376226 0.09423127 0.06989142 0.04430168 0.07598596 0.05574978
  0.05179774 0.04886137 0.11084049 0.0731056  0.10360217 0.04763206
  0.00254481 0.07672432 0.08096907]
 [0.0253977  0.05798219 0.06475237 0.0422476  0.08629968 0.09623311
  0.07242948 0.00953812 0.10818073 0.04167124 0.09238738 0.06660211
  0.06292787 0.08811235 0.08523808]
 [0.0563407  0.0906567  0.02352096 0.04912463 0.08738148 0.0835867
  0.09709503 0.04623018 0.06753134 0.09092106 0.07403717 0.04997837
  0.04850173 0.0678155  0.06727846]
 [0.03312534 0.09806419 0.02426222 0.04457527 0.06825123 0.09934436
  0.08102773 0.03478308 0.1464172  0.05442243 0.0725963  0.02389125
  0.04147166 0.12825734 0.04951042]
 [0.01274967 0.09806207 0.02906908 0.03905487 0.05399105 0.07057309
  0.09053059 0.0696102  0.13212556 0.05723395 0.0798302  0.06086173
  0.03752677 0.11593322 0.05284795]
 [0.0146395  0.03883437 0.06730952 0.08890793 0.07146051 0.05472934
  0.07834925 0.06594307 0.09242613 0.09148753 0.09856918 0.06155427
  0.03550769 0.05566315 0.08461854]
 [0.0092624  0.04393252 0.05653726 0.05731928 0.05800555 0.08960003
  0.07565269 0.00581047 0.08755402 0.0949487  0.12414809 0.06387011
  0.03458082 0.12237702 0.07640103]
 [0.02462394 0.10760187 0.03387007 0.05787116 0.09919652 0.08584561
  0.11796639 0.02256866 0.13756956 0.03519288 0.07723656 0.03488722
  0.00542322 0.11536269 0.04478365]
 [0.02865466 0.05564985 0.07174449 0.08070556 0.08165447 0.05571133
  0.09650592 0.05997519 0.06794843 0.05915427 0.07601091 0.04860765
  0.0081999  0.1104305  0.09904687]
 [0.0316059  0.08170613 0.03998213 0.09412343 0.06618362 0.04854921
  0.10470286 0.05586749 0.12062182 0.04149693 0.06840833 0.07872721
  0.04906321 0.05772112 0.06124061]]"
44,"[[0.07279962 0.09912583 0.01203928 0.06915017 0.0613719  0.08905081
  0.06405356 0.08140407 0.03055787 0.0553025  0.05010089 0.09459049
  0.03508321 0.08728398 0.09808582]
 [0.06258633 0.03617807 0.03533837 0.08348232 0.07867764 0.07869789
  0.03739092 0.05622821 0.04928358 0.04858464 0.04184964 0.10166415
  0.08048349 0.09883671 0.11071804]
 [0.0748763  0.05353133 0.04130746 0.07902619 0.03964835 0.05872243
  0.07697415 0.05228348 0.04264603 0.06173181 0.0800248  0.07446719
  0.07128022 0.08065053 0.11282972]
 [0.08294108 0.06535317 0.04137069 0.0950426  0.08040676 0.06720966
  0.081259   0.07025403 0.05620048 0.05273927 0.05713236 0.07625319
  0.0284827  0.08189322 0.0634618 ]
 [0.10164492 0.07989105 0.03096974 0.07678226 0.07852179 0.09685464
  0.03799371 0.06029471 0.05146043 0.01308216 0.09093268 0.06763867
  0.0749563  0.04588652 0.09309041]
 [0.07466635 0.08149842 0.03698223 0.06607373 0.04127906 0.09052989
  0.07126087 0.08291702 0.03318414 0.03186822 0.06025916 0.0761155
  0.07782153 0.08673927 0.08880462]
 [0.06596433 0.05332951 0.03111766 0.05560211 0.08449684 0.07385652
  0.0788999  0.08502435 0.03258038 0.04881034 0.08567963 0.10757769
  0.03128471 0.086572   0.07920403]
 [0.09810244 0.05955289 0.00748094 0.10046918 0.07484219 0.12188629
  0.04683985 0.09820326 0.01946905 0.01909754 0.06732928 0.05169525
  0.07879352 0.08627696 0.06996135]
 [0.09314999 0.04081714 0.05730816 0.06312131 0.03937575 0.12009764
  0.05228212 0.08538271 0.0221304  0.04021145 0.10308249 0.0576026
  0.04543486 0.06524225 0.11476112]
 [0.08077698 0.09692006 0.07757407 0.05428216 0.05868861 0.09817915
  0.04003295 0.06818573 0.05795883 0.01517679 0.05749754 0.07099557
  0.0553921  0.08313978 0.08519968]
 [0.09196151 0.06912954 0.05963496 0.07573943 0.03071847 0.09128624
  0.06936002 0.07079084 0.05383623 0.00950843 0.08943218 0.06107363
  0.0672788  0.07890184 0.08134788]
 [0.07037253 0.06611396 0.02111822 0.0471225  0.08531643 0.07616495
  0.06409388 0.06910956 0.07400016 0.0194369  0.08767989 0.08884252
  0.06155496 0.09746119 0.07161235]
 [0.09087284 0.08372931 0.06027713 0.0419796  0.05609213 0.09077226
  0.08545337 0.05586892 0.05023458 0.04654189 0.06701047 0.09332349
  0.0723264  0.03948355 0.06603406]
 [0.10886031 0.04130082 0.03296554 0.06456007 0.0658189  0.11664988
  0.05150179 0.04402765 0.06200485 0.03715797 0.07234753 0.08972051
  0.03630626 0.08221368 0.09456424]
 [0.07414976 0.07213568 0.04072783 0.06459505 0.06167276 0.0999562
  0.05969988 0.06297692 0.04795771 0.05877617 0.07178963 0.09616831
  0.06049096 0.06617113 0.06273203]]"
45,"[[0.04676468 0.10578094 0.03134121 0.08504376 0.04021101 0.01363307
  0.1203492  0.0958801  0.06015852 0.05646299 0.06221667 0.05233423
  0.09845925 0.07924101 0.05212337]
 [0.06277789 0.11424783 0.06473204 0.10588374 0.02898177 0.0117025
  0.06219792 0.09431738 0.09133713 0.08732568 0.07751837 0.02272175
  0.04154634 0.10126759 0.03344207]
 [0.04743422 0.07154152 0.05229969 0.0984529  0.05211493 0.03668494
  0.06029594 0.10645661 0.07810203 0.06273654 0.10321243 0.01165413
  0.06059024 0.10082941 0.05759447]
 [0.03768298 0.08066204 0.08836426 0.05756665 0.06127659 0.00398905
  0.09088889 0.11111572 0.02214859 0.06318653 0.08606895 0.05783975
