,0
1,"[[0.32624249 0.07978422 0.01393342 0.47718707 0.1028528 ]
 [0.2776015  0.2485104  0.19054694 0.2262157  0.05712546]
 [0.2565518  0.10092425 0.21969396 0.20314832 0.21968166]
 [0.02391577 0.14479924 0.29883034 0.18595656 0.34649809]
 [0.29611129 0.15642184 0.32390091 0.10478604 0.11877992]]"
2,"[[0.09393511 0.38246991 0.17759124 0.05189243 0.29411131]
 [0.01272924 0.24213519 0.2461599  0.18104173 0.31793395]
 [0.28248421 0.20944442 0.13626617 0.17999271 0.19181249]
 [0.23202384 0.24072373 0.25689347 0.16610765 0.10425131]
 [0.27132019 0.19345501 0.15840568 0.2609541  0.11586503]]"
3,"[[0.41146429 0.03698858 0.15310186 0.26369084 0.13475444]
 [0.26359273 0.47502552 0.06304606 0.15016334 0.04817236]
 [0.29931056 0.31654138 0.24423074 0.0197558  0.12016152]
 [0.05141721 0.25400177 0.29389424 0.11461363 0.28607315]
 [0.04443525 0.28172716 0.19404061 0.20793657 0.27186042]]"
4,"[[0.10056279 0.18210328 0.18668969 0.22248537 0.30815887]
 [0.26837309 0.23513162 0.03194662 0.26434935 0.20019932]
 [0.13767105 0.33549629 0.3923569  0.12011609 0.01435967]
 [0.22024711 0.19716818 0.11408332 0.26935892 0.19914246]
 [0.12688356 0.3266699  0.14098249 0.14093617 0.26452788]]"
5,"[[0.28824741 0.22190634 0.19433865 0.22234892 0.07315868]
 [0.37205382 0.14685132 0.03373247 0.20710765 0.24025474]
 [0.0220301  0.26057187 0.33109603 0.36769415 0.01860786]
 [0.0895777  0.25532194 0.28449539 0.15307359 0.21753137]
 [0.20014203 0.43967723 0.03081618 0.25803373 0.07133083]]"
6,"[[0.26316332 0.25663856 0.01535598 0.03541143 0.42943071]
 [0.32051359 0.3167662  0.0851536  0.05916183 0.21840478]
 [0.33392054 0.11849603 0.20500775 0.09649051 0.24608516]
 [0.1396707  0.16066586 0.3171746  0.04271196 0.33977688]
 [0.24459254 0.27016784 0.17049344 0.12884958 0.1858966 ]]"
7,"[[0.22596977 0.34641902 0.3397191  0.0618479  0.02604421]
 [0.2226845  0.16510117 0.16870812 0.2605589  0.18294731]
 [0.02318155 0.34978466 0.19966795 0.1209196  0.30644624]
 [0.11396367 0.30423134 0.31852196 0.18311852 0.08016451]
 [0.02449327 0.27820401 0.24747945 0.28381511 0.16600816]]"
8,"[[0.06340023 0.43401462 0.14793508 0.05339589 0.30125418]
 [0.31223719 0.07438656 0.15931841 0.3937605  0.06029733]
 [0.1865503  0.28605202 0.19876975 0.0641975  0.26443041]
 [0.03902005 0.24832387 0.3458461  0.17647332 0.19033666]
 [0.19653704 0.19905473 0.28551031 0.20212155 0.11677636]]"
9,"[[0.24864132 0.25506098 0.18832288 0.01593677 0.29203804]
 [0.08005255 0.34713071 0.19854494 0.0651113  0.30916051]
 [0.1807017  0.28782459 0.11479683 0.25820797 0.15846892]
 [0.24855974 0.04049338 0.2963103  0.25486302 0.15977356]
 [0.14753591 0.04832624 0.22735532 0.23545626 0.34132626]]"
10,"[[2.74186883e-02 8.73159770e-02 1.31082303e-01 2.88416274e-01
  4.65766758e-01]
 [3.00173795e-01 1.50723255e-01 7.89242355e-02 2.29781763e-01
  2.40396951e-01]
 [3.82868092e-01 7.23174462e-02 6.20294823e-02 3.89243733e-01
  9.35412464e-02]
 [2.73920132e-01 3.61285229e-01 1.46602416e-01 4.34809929e-02
  1.74711231e-01]
 [6.22294371e-01 5.07369043e-04 1.30267056e-01 1.60707743e-01
  8.62234622e-02]]"
11,"[[0.07000416 0.19112684 0.09104309 0.41182568 0.23600023]
 [0.1182075  0.31945316 0.08019752 0.25346544 0.22867638]
 [0.39139834 0.07397826 0.26239267 0.2396361  0.03259462]
 [0.22991495 0.23796799 0.1757554  0.20892736 0.1474343 ]
 [0.22779818 0.35873712 0.20879636 0.01839264 0.1862757 ]]"
12,"[[0.11226001 0.06787655 0.34622757 0.42868786 0.04494801]
 [0.17162768 0.19379991 0.10878543 0.16257912 0.36320786]
 [0.03892803 0.30150644 0.15337485 0.31130254 0.19488814]
 [0.33385231 0.0497738  0.27792418 0.21512724 0.12332246]
 [0.16844245 0.07668285 0.21990409 0.32432106 0.21064954]]"
13,"[[0.41960616 0.34134543 0.04922399 0.1076569  0.08216751]
 [0.07768568 0.30756917 0.22520336 0.14500697 0.24453482]
 [0.31822327 0.1541179  0.12531307 0.24536759 0.15697816]
 [0.29324507 0.21094575 0.05017242 0.38480397 0.06083279]
 [0.08901289 0.35171343 0.1178503  0.10112606 0.34029732]]"
14,"[[0.26789546 0.14903713 0.22605017 0.13402934 0.2229879 ]
 [0.09163942 0.32615228 0.06183346 0.32349064 0.19688419]
 [0.16529267 0.26357899 0.02391937 0.27972642 0.26748255]
 [0.10103504 0.19029054 0.21338368 0.23020602 0.26508472]
 [0.34591164 0.07639462 0.0386882  0.22836179 0.31064376]]"
15,"[[0.23931411 0.15504242 0.03680163 0.28162069 0.28722115]
 [0.19261554 0.27773557 0.11279591 0.12971498 0.28713801]
 [0.34348379 0.11674458 0.24051313 0.2858437  0.01341479]
 [0.22578049 0.30827632 0.2071184  0.02744611 0.23137868]
 [0.23152184 0.18036898 0.18171277 0.3957334  0.01066301]]"
16,"[[0.02913088 0.07328387 0.37034937 0.35954844 0.16768744]
 [0.12428503 0.28339348 0.2933389  0.07958076 0.21940183]
 [0.14206083 0.25720572 0.25246183 0.26572    0.08255162]
 [0.22485534 0.26809106 0.28949177 0.0596918  0.15787003]
 [0.04363207 0.15394697 0.34661432 0.05076282 0.40504382]]"
17,"[[0.10925107 0.14481494 0.49415652 0.05693967 0.1948378 ]
 [0.07946984 0.4212173  0.00170082 0.40653069 0.09108135]
 [0.21881226 0.10239611 0.56227249 0.02510172 0.09141741]
 [0.27019252 0.21823143 0.02525134 0.23056037 0.25576434]
 [0.30215185 0.18660819 0.1316239  0.05392442 0.32569164]]"
18,"[[0.12651946 0.26240949 0.09962489 0.23793031 0.27351585]
 [0.34837132 0.12207391 0.14327616 0.03556484 0.35071377]
 [0.32821312 0.03930926 0.12699369 0.20717174 0.29831219]
 [0.27000341 0.025309   0.22110693 0.47610074 0.00747991]
 [0.2861844  0.32248539 0.07995806 0.2249439  0.08642825]]"
19,"[[0.32070888 0.16375986 0.31657569 0.00446973 0.19448585]
 [0.27352777 0.15127221 0.06053274 0.24903831 0.26562897]
 [0.07259207 0.06695076 0.24808457 0.36451526 0.24785733]
 [0.28479631 0.06742242 0.08050269 0.554326   0.01295257]
 [0.17264139 0.28864345 0.02859153 0.20740017 0.30272346]]"
20,"[[5.90482316e-02 3.68213399e-01 2.45944708e-01 3.16940862e-01
  9.85279913e-03]
 [3.21468001e-01 3.43708874e-01 1.03815609e-01 7.18674592e-02
  1.59140056e-01]
 [2.01899850e-01 3.09617265e-01 3.39402307e-04 1.82672282e-01
  3.05471201e-01]
 [1.06593314e-01 2.15857479e-01 2.31441775e-01 2.45952352e-01
  2.00155080e-01]
 [2.43224721e-02 3.37351621e-01 2.70041578e-01 2.44230462e-01
  1.24053866e-01]]"
21,"[[0.14451773 0.15653998 0.17735174 0.04630997 0.03018933 0.13323415
  0.06060771 0.06127397 0.09364425 0.09633116]
 [0.10943444 0.08566589 0.16103764 0.04744153 0.14993595 0.11408863
  0.04330266 0.0313196  0.10822157 0.14955209]
 [0.15142099 0.16763169 0.16620318 0.14624991 0.06562419 0.01168532
  0.08617526 0.06470227 0.01211517 0.12819202]
 [0.26668826 0.09717297 0.05676157 0.16696798 0.00303362 0.0205943
  0.11336481 0.06471466 0.13066463 0.08003721]
 [0.22243501 0.06168468 0.22369613 0.01131463 0.047916   0.04751531
  0.16622797 0.04281364 0.03229615 0.14410047]
 [0.07149396 0.06128241 0.09380043 0.01576368 0.2510507  0.19137961
  0.06885024 0.0577268  0.07188526 0.11676692]
 [0.15384878 0.11448824 0.01123382 0.06443986 0.10024085 0.03996842
  0.18512125 0.12803753 0.01533124 0.18729001]
 [0.15803676 0.05606733 0.03616128 0.05485835 0.04774243 0.11359096
  0.17688187 0.1543557  0.17924892 0.02305638]
 [0.08480887 0.04826889 0.11019058 0.10240122 0.03284325 0.15214605
  0.18162193 0.1334619  0.11520592 0.03905137]
 [0.20775659 0.01148625 0.14815811 0.13094266 0.08125506 0.12180975
  0.01230166 0.0722954  0.07869242 0.13530211]]"
22,"[[0.1224014  0.10435589 0.12035602 0.07796827 0.14541545 0.05830841
  0.03802848 0.07323688 0.15824811 0.1016811 ]
 [0.04419    0.00853879 0.21022728 0.16061452 0.17199892 0.11786058
  0.14686852 0.02506215 0.0562032  0.05843605]
 [0.14235216 0.11104142 0.01314712 0.06486082 0.08590348 0.1396917
  0.12204731 0.10232382 0.0439828  0.17464936]
 [0.16557788 0.15562124 0.10245211 0.03253744 0.1503796  0.11702775
  0.11495319 0.08783145 0.03074204 0.04287728]
 [0.04231231 0.15796154 0.02422171 0.13437562 0.07078845 0.17430416
  0.06039897 0.09083295 0.18445631 0.06034797]
 [0.07910543 0.08009021 0.02022103 0.04118833 0.14646498 0.16679784
  0.14621938 0.09585601 0.08116684 0.14288995]
 [0.14953078 0.18148143 0.12004668 0.12929309 0.13258087 0.04843655
  0.08334048 0.00057091 0.11254294 0.04217626]
 [0.08417961 0.06749527 0.09659638 0.0424914  0.18494881 0.09040099
  0.17346817 0.01885066 0.16843524 0.07313347]
 [0.02146968 0.10680232 0.05141164 0.13196676 0.17052323 0.02022517
  0.1407439  0.148921   0.09195853 0.11597775]
 [0.1641279  0.02846451 0.06949979 0.09061697 0.09892288 0.17641429
  0.2076982  0.05153341 0.0330258  0.07969625]]"
23,"[[0.12978652 0.04337724 0.06314932 0.00824723 0.00670923 0.26315553
  0.19487391 0.00340247 0.26205096 0.02524758]
 [0.1562401  0.09325727 0.09115395 0.0862389  0.0681156  0.095415
  0.07088605 0.1863864  0.10900882 0.04329791]
 [0.15844827 0.13682347 0.08382765 0.07645307 0.07087491 0.12723527
  0.02266354 0.04682134 0.14628635 0.13056612]
 [0.20769339 0.07354202 0.11050071 0.08743652 0.05631363 0.16279356
  0.04024631 0.04354688 0.05160616 0.16632081]
 [0.01077936 0.07602756 0.10992935 0.08987515 0.06510977 0.11823433
  0.16655113 0.1088922  0.13848075 0.1161204 ]
 [0.00317907 0.13957849 0.10845314 0.10555445 0.11913233 0.0240873
  0.14426826 0.12020225 0.04118393 0.19436079]
 [0.05305836 0.09453532 0.16836249 0.09602083 0.08175593 0.16665956
  0.03953832 0.05189823 0.10451768 0.14365327]
 [0.04687576 0.12967053 0.03724914 0.25038944 0.05512484 0.07283442
  0.14503051 0.05496034 0.03206723 0.1757978 ]
 [0.05894244 0.01915838 0.19032031 0.07787198 0.10045539 0.04827456
  0.11777709 0.02989389 0.19750848 0.15979748]
 [0.21292825 0.02027105 0.04509536 0.17388645 0.04550143 0.07980047
  0.12803311 0.00904804 0.14043613 0.14499969]]"
24,"[[0.01558515 0.11628013 0.17793953 0.10872754 0.12052684 0.09653447
  0.02780287 0.04500202 0.15298603 0.13861542]
 [0.08502021 0.15896116 0.15392072 0.06572514 0.1157712  0.06196104
  0.01223795 0.13796211 0.04909646 0.159344  ]
 [0.04331785 0.04346052 0.09392181 0.15832991 0.05698503 0.12949823
  0.14242985 0.10960334 0.15766942 0.06478404]
 [0.00900918 0.04463593 0.15468312 0.08540977 0.12538655 0.04553553
  0.06372105 0.17140708 0.13672649 0.16348532]
 [0.05128878 0.09139873 0.10184849 0.06646986 0.14163365 0.1243622
  0.15108029 0.13403501 0.11739915 0.02048386]
 [0.22359684 0.15358816 0.04566538 0.18243455 0.13309157 0.02073482
  0.04600959 0.0088759  0.01357625 0.17242694]
 [0.11623048 0.23138443 0.01169775 0.09343749 0.02202284 0.22009205
  0.15215281 0.03184469 0.10210718 0.01903027]
 [0.15890313 0.17657638 0.01531777 0.03420358 0.13197831 0.08171786
  0.09690217 0.08085481 0.17885266 0.04469333]
 [0.1560758  0.08892171 0.10791198 0.01347085 0.16163649 0.20466968
  0.05755326 0.01040482 0.04936974 0.14998567]
 [0.07423712 0.15586995 0.01611124 0.15141999 0.04905004 0.09279326
  0.04881659 0.08938529 0.17397897 0.14833753]]"
25,"[[0.1562068  0.13497832 0.05179111 0.13855851 0.03418257 0.13045465
  0.11371056 0.02055151 0.0621242  0.15744177]
 [0.04104678 0.00136882 0.13892743 0.04428812 0.21053733 0.10328463
  0.09138633 0.04026234 0.20331523 0.12558301]
 [0.12667471 0.10904256 0.00977514 0.16384289 0.09541688 0.1279906
  0.0248904  0.1375237  0.07580407 0.12903904]
 [0.09981835 0.06596134 0.01552161 0.06986903 0.00043544 0.15310029
  0.11969269 0.1644026  0.14857766 0.16262099]
 [0.0636985  0.05677185 0.05365654 0.18791945 0.11037458 0.05689219
  0.24344304 0.06348916 0.14576292 0.01799177]
 [0.10786747 0.13301144 0.11742781 0.08675659 0.08512131 0.0700244
  0.13521441 0.03775206 0.12808953 0.09873499]
 [0.10097899 0.09473242 0.03500386 0.12680948 0.12896053 0.02816064
  0.03368841 0.11796301 0.16353017 0.17017248]
 [0.14363224 0.02960856 0.12525907 0.02264751 0.05245063 0.15108682
  0.15025537 0.12238763 0.0392036  0.16346856]
 [0.11733002 0.04125588 0.12738983 0.07445838 0.14711755 0.11034429
  0.04044036 0.08685604 0.1319675  0.12284015]
 [0.0023997  0.11080843 0.13470661 0.1146352  0.0511871  0.11067924
  0.16765622 0.10671395 0.03647173 0.16474181]]"
26,"[[0.11428416 0.12948612 0.08872989 0.03235622 0.16437796 0.17178065
  0.06717196 0.01080742 0.0806383  0.14036733]
 [0.27036197 0.01220417 0.11887926 0.1064948  0.0099954  0.05557439
  0.1070585  0.20691324 0.08505881 0.02745946]
 [0.12205928 0.18217236 0.04496581 0.00390911 0.05161281 0.11467178
  0.05876936 0.18526094 0.04946698 0.18711159]
 [0.17302687 0.05413642 0.10080194 0.00048899 0.04194699 0.12927829
  0.04943464 0.0752285  0.20701766 0.16863971]
 [0.17333922 0.09546928 0.08232853 0.11956736 0.0024478  0.08380442
  0.1237389  0.14564797 0.0664971  0.10715943]
 [0.15638211 0.07171591 0.16828043 0.08997531 0.11614157 0.09912155
  0.09172262 0.02914589 0.02905408 0.14846052]
 [0.09901066 0.0151597  0.0737902  0.14071303 0.1573657  0.12292666
  0.08782933 0.1482382  0.11465218 0.04031434]
 [0.16155999 0.06477844 0.17302316 0.09724738 0.16345308 0.1349745
  0.03019554 0.03844098 0.13596946 0.00035747]
 [0.09674395 0.10965349 0.06765567 0.14064268 0.0517617  0.14693043
  0.10545641 0.13205865 0.04489562 0.1042014 ]
 [0.08310307 0.07584615 0.14579981 0.14206324 0.10746197 0.05328948
  0.06369006 0.13906483 0.07566204 0.11401934]]"
27,"[[0.18084163 0.14537877 0.01329332 0.13365153 0.10425953 0.05150449
  0.18174161 0.06295411 0.12579197 0.00058304]
 [0.16309652 0.14039578 0.17477324 0.02208428 0.12241628 0.00881547
  0.08701016 0.08410924 0.17454023 0.02275881]
 [0.09602272 0.10518077 0.05086668 0.12264409 0.13912927 0.1351648
  0.06058    0.07250783 0.11700592 0.10089793]
 [0.01141158 0.18193996 0.02429846 0.14395816 0.16104332 0.04752929
  0.04651016 0.09668268 0.13381866 0.15280773]
 [0.13773516 0.13946996 0.01453563 0.17022068 0.14658567 0.13510678
  0.04317713 0.04472877 0.15696338 0.01147683]
 [0.20225223 0.039386   0.14569754 0.18093716 0.01933834 0.17553797
  0.01867873 0.14440775 0.03681347 0.03695082]
 [0.01981004 0.17559895 0.15481095 0.14548879 0.07435673 0.03940431
  0.12690567 0.09747192 0.02615709 0.13999554]
 [0.14917847 0.02891352 0.05309429 0.12086825 0.12680294 0.1825623
  0.08978008 0.12900325 0.07097605 0.04882085]
 [0.16776256 0.02238477 0.01854571 0.04104114 0.16117411 0.05301692
  0.10102572 0.17442103 0.0689539  0.19167414]
 [0.07552167 0.10381717 0.19005634 0.21392832 0.01231597 0.03524196
  0.12504089 0.00947433 0.17530717 0.05929619]]"
28,"[[0.06308581 0.12841086 0.1318881  0.08130979 0.14356574 0.13426249
  0.08644771 0.03233819 0.05161351 0.14707781]
 [0.07328761 0.04105236 0.10013075 0.14372168 0.08300626 0.13136694
  0.07323225 0.10444864 0.15248661 0.09726689]
 [0.20157741 0.14033944 0.06022551 0.02927843 0.13192399 0.02081281
  0.17911783 0.1983066  0.01447848 0.02393949]
 [0.10122303 0.02189465 0.15346602 0.12334161 0.04749417 0.03336267
  0.13909926 0.10271127 0.23899419 0.03841313]
 [0.12751697 0.07950281 0.14223542 0.02780215 0.1799565  0.02994225
  0.09181836 0.04269521 0.17900415 0.09952619]
 [0.13068328 0.01438067 0.11200623 0.15384305 0.13781681 0.0880177
  0.07078175 0.0387543  0.14328637 0.11042985]
 [0.05485378 0.14114111 0.12416681 0.0559993  0.09471935 0.14259546
  0.11223447 0.17359077 0.06480517 0.03589376]
 [0.14455817 0.02592314 0.00341199 0.09706159 0.20023708 0.11196117
  0.16423984 0.15117068 0.06918644 0.03224989]
 [0.17098918 0.18441432 0.17708166 0.19006863 0.037849   0.02882827
  0.01726383 0.1250791  0.00588374 0.06254228]
 [0.19286022 0.00395561 0.18995277 0.0159228  0.01290809 0.21911723
  0.10933136 0.13694415 0.00618698 0.11282079]]"
29,"[[0.10221753 0.03581148 0.03251913 0.06696305 0.20368256 0.07810813
  0.12884382 0.11123509 0.20697769 0.03364153]
 [0.11672688 0.01530633 0.06954561 0.1102649  0.15206854 0.07488449
  0.14559048 0.0888917  0.12775679 0.09896428]
 [0.17315464 0.1134265  0.06160703 0.01081216 0.04617095 0.18014175
  0.12916663 0.08409466 0.0667631  0.13466257]
 [0.0822396  0.10589119 0.01004945 0.13992282 0.01266215 0.10847385
  0.17187743 0.12445964 0.13586099 0.10856288]
 [0.06503935 0.20376183 0.0059019  0.18392898 0.025818   0.15562718
  0.065722   0.11708655 0.13244201 0.04467219]
 [0.17161463 0.0857709  0.09805165 0.00276656 0.07932276 0.07548818
  0.10154873 0.0945743  0.11449592 0.17636635]
 [0.18586163 0.11017345 0.02425293 0.21007472 0.13191648 0.08441995
  0.08424847 0.03453918 0.09658046 0.03793273]
 [0.10303332 0.01911273 0.06142544 0.05675431 0.05662312 0.17999103
  0.10007548 0.04867038 0.1700983  0.20421589]
 [0.01803591 0.04744177 0.08269618 0.11192942 0.20114842 0.02945989
  0.18872513 0.00239398 0.18012355 0.13804576]
 [0.11525214 0.06259709 0.12264852 0.14648725 0.07539204 0.13135437
  0.07938294 0.10621289 0.0541046  0.10656816]]"
30,"[[0.01175201 0.00862247 0.18382114 0.1762788  0.1340166  0.11472857
  0.1837981  0.05845241 0.12013179 0.00839809]
 [0.07361953 0.10854865 0.11104511 0.04760742 0.11644594 0.06320469
  0.19339932 0.03127709 0.01780904 0.2370432 ]
 [0.08342294 0.11717386 0.16849941 0.11144383 0.22609408 0.03468449
  0.03779392 0.03953499 0.04150675 0.13984574]
 [0.09108902 0.01931666 0.06192278 0.14915834 0.16759642 0.06922427
  0.12105856 0.06177289 0.18063147 0.07822958]
 [0.08917751 0.14949952 0.09881187 0.06473091 0.09949762 0.06392946
  0.12115773 0.08756667 0.13989629 0.08573242]
 [0.13771327 0.02522114 0.16127218 0.08422699 0.02718916 0.22369124
  0.05822243 0.15094802 0.04536642 0.08614913]
 [0.05694123 0.06815841 0.09813683 0.11939924 0.12218402 0.13192996
  0.13769671 0.13539964 0.06316793 0.06698603]
 [0.16461125 0.17405417 0.03830151 0.17272016 0.03949582 0.06709396
  0.01065313 0.15785643 0.11489347 0.0603201 ]
 [0.02433204 0.12226592 0.01195467 0.05038932 0.19315001 0.14120813
  0.13259457 0.06655335 0.17030128 0.0872507 ]
 [0.15580026 0.00171938 0.01010923 0.09822787 0.02766212 0.20274565
  0.07271339 0.13904016 0.20708809 0.08489385]]"
31,"[[0.11616637 0.06451228 0.15849093 0.14241601 0.10218105 0.04741749
  0.10950733 0.03520643 0.06509911 0.15900302]
 [0.11188426 0.17215621 0.08409298 0.01765417 0.02959253 0.11411306
  0.08687288 0.14235336 0.12862553 0.11265503]
 [0.05816612 0.07141393 0.1720432  0.21287944 0.1180213  0.14758915
  0.02651484 0.12321791 0.00417904 0.06597508]
 [0.0097085  0.15940401 0.11670288 0.12244773 0.12255563 0.14228576
  0.09258502 0.0710968  0.0022976  0.16091608]
 [0.1416096  0.09652609 0.04224785 0.11183759 0.00829486 0.11072209
  0.16549602 0.05821593 0.1256369  0.13941308]
 [0.15106928 0.16420164 0.11941663 0.0314985  0.0942331  0.10744247
  0.06190661 0.19544072 0.04945447 0.0253366 ]
 [0.05865507 0.06556624 0.30228378 0.05233395 0.15414432 0.12887793
  0.11319196 0.02191418 0.07284389 0.03018868]
 [0.08962074 0.11304887 0.09535901 0.13231631 0.1101552  0.09816524
  0.10268417 0.08238704 0.05916901 0.1170944 ]
 [0.07962085 0.11455991 0.14772187 0.17152558 0.07302012 0.07508764
  0.25702286 0.00886257 0.04622831 0.02635029]
 [0.05698069 0.14928487 0.11905453 0.18848612 0.11414957 0.08193301
  0.0510187  0.14027072 0.08981744 0.00900435]]"
32,"[[0.15321138 0.04854946 0.05806971 0.20567613 0.01384381 0.03121362
  0.22276344 0.01093775 0.14901253 0.10672218]
 [0.03309439 0.1733229  0.25283556 0.01699653 0.00806862 0.0436303
  0.05740682 0.2906688  0.04044191 0.08353415]
 [0.12686377 0.0103803  0.09757922 0.05398165 0.1601121  0.05936225
  0.15397008 0.15254237 0.08246287 0.10274539]
 [0.0232762  0.1290242  0.13788346 0.1005228  0.1150463  0.09962054
  0.15591035 0.13776428 0.08140816 0.0195437 ]
 [0.17200307 0.00560345 0.16613587 0.02980482 0.07967716 0.14249497
  0.11020087 0.17284497 0.10198223 0.0192526 ]
 [0.01830593 0.05859759 0.06818861 0.22764058 0.0218959  0.11050066
  0.01381886 0.11228152 0.20547779 0.16329256]
 [0.18974866 0.16751449 0.15914865 0.03153259 0.01010549 0.14596522
  0.00097812 0.14887403 0.06257998 0.08355277]
 [0.02869891 0.10788651 0.06792641 0.23681283 0.07567951 0.06987623
  0.00955593 0.10927074 0.21813971 0.07615322]
 [0.13799588 0.15033759 0.18149494 0.00148876 0.12835971 0.04555184
  0.02215087 0.157501   0.04771455 0.12740486]
 [0.02522405 0.1867763  0.01531024 0.02790333 0.20914928 0.02621514
  0.05870923 0.1635663  0.20406491 0.08308124]]"
33,"[[0.06469835 0.1205971  0.08549144 0.15714423 0.12086015 0.05183223
  0.0477578  0.16921461 0.11288957 0.06951452]
 [0.19167102 0.00139123 0.02352243 0.20745079 0.12026038 0.1088418
  0.0893688  0.0095902  0.16012321 0.08778014]
 [0.17388162 0.13367052 0.03656392 0.11156221 0.05118353 0.11405841
  0.20359141 0.02329979 0.14731598 0.00487259]
 [0.0163828  0.16497341 0.07944034 0.12894958 0.0728191  0.16435898
  0.06763797 0.08126615 0.0905874  0.13358426]
 [0.17992776 0.19615702 0.15276178 0.12455355 0.08274499 0.15554391
  0.01374682 0.01752829 0.04326079 0.0337751 ]
 [0.08461563 0.12171072 0.26208211 0.14775307 0.06876527 0.05671233
  0.19051089 0.0540823  0.00967156 0.00409612]
 [0.02660818 0.17323118 0.16674998 0.06469522 0.09995367 0.19065897
  0.0163314  0.08045137 0.02561986 0.15570018]
 [0.07254209 0.10639489 0.27316352 0.0507582  0.11986086 0.12107342
  0.18335153 0.01671296 0.01314898 0.04299356]
 [0.08095195 0.06038588 0.13049597 0.13875629 0.10351549 0.07474905
  0.08645739 0.09243604 0.10610896 0.12614297]
 [0.08796947 0.04478216 0.02287602 0.05351796 0.03532249 0.19981193
  0.18708715 0.05206373 0.23550247 0.08106662]]"
34,"[[0.15923407 0.01326261 0.00445119 0.10051832 0.16432228 0.22996679
  0.08492575 0.0030211  0.20902034 0.03127754]
 [0.00664246 0.02526141 0.1033277  0.15603098 0.13761941 0.09017288
  0.09852224 0.17162474 0.10976595 0.10103224]
 [0.11362311 0.06915789 0.161639   0.07226062 0.1746505  0.03291284
  0.11751643 0.16545468 0.02727852 0.06550641]
 [0.00681435 0.16507438 0.06343851 0.11743757 0.14188804 0.12999787
  0.09378239 0.13791816 0.1056645  0.03798423]
 [0.06483342 0.11692311 0.09875896 0.17725845 0.10052097 0.14164896
  0.10021877 0.04995708 0.01040192 0.13947835]
 [0.1481976  0.03283744 0.0200201  0.13310978 0.11783184 0.13360344
  0.15099801 0.17649712 0.0782672  0.00863747]
 [0.0199734  0.01042358 0.15128432 0.23078515 0.05023886 0.14263561
  0.03025541 0.06379461 0.10854683 0.19206222]
 [0.11588188 0.1203835  0.15081767 0.08818464 0.01836901 0.14826019
  0.04205394 0.1302313  0.12403816 0.0617797 ]
 [0.13492019 0.12155246 0.08171139 0.01140273 0.15883431 0.05849244
  0.09297792 0.12054621 0.07264463 0.14691771]
 [0.10379121 0.18054922 0.08146112 0.0234999  0.12132626 0.15775257
  0.05981232 0.14225252 0.05066453 0.07889035]]"
35,"[[0.15536152 0.10868538 0.07149905 0.15219588 0.13761544 0.04616493
  0.03563765 0.14080575 0.05223935 0.09979507]
 [0.16391166 0.0829121  0.11604546 0.07390273 0.13610206 0.05486687
  0.17307004 0.01293873 0.04361554 0.14263482]
 [0.16953181 0.1398831  0.00057137 0.17385271 0.09518856 0.08310352
  0.07544159 0.06444438 0.13262374 0.06535922]
 [0.07832724 0.17265761 0.05528448 0.07467972 0.13064933 0.16318479
  0.14002981 0.04216061 0.10858667 0.03443975]
 [0.17026001 0.06760979 0.04496343 0.17044193 0.15906278 0.03978376
  0.15156612 0.01591846 0.10751616 0.07287755]
 [0.07234338 0.10897021 0.06499579 0.05809667 0.04839635 0.13246476
  0.12437682 0.0941294  0.15051145 0.14571517]
 [0.07384248 0.03857381 0.05777221 0.14116724 0.11620743 0.10312485
  0.13907548 0.07192307 0.15022415 0.10808928]
 [0.05503039 0.1469302  0.08573768 0.04456073 0.1418564  0.11577197
  0.04302301 0.12609314 0.12909993 0.11189655]
 [0.23696859 0.03328439 0.0552684  0.08569129 0.16269327 0.01840425
  0.16200029 0.10496218 0.13834104 0.00238631]
 [0.1142797  0.04116898 0.09039033 0.17147148 0.11966629 0.03188246
  0.17303279 0.1439579  0.06660114 0.04754894]]"
36,"[[0.00772393 0.11094335 0.16479435 0.05697849 0.14641443 0.01520279
  0.05943402 0.16507656 0.16883398 0.1045981 ]
 [0.1414708  0.0300652  0.10429896 0.06297604 0.0460509  0.15587619
  0.17762071 0.00324578 0.14661323 0.13178221]
 [0.21944001 0.1672534  0.01923335 0.14954942 0.06065406 0.08157634
  0.05118432 0.04059636 0.12784882 0.08266393]
 [0.00284853 0.09142643 0.12657048 0.20369111 0.06403429 0.20904666
  0.09699048 0.0144265  0.00174424 0.18922128]
 [0.14749918 0.138325   0.01665632 0.08185622 0.05393952 0.1548288
  0.04292707 0.09686072 0.06227848 0.20482869]
 [0.14932012 0.16573071 0.03460344 0.0136902  0.13292654 0.16510794
  0.09706177 0.14018186 0.09496345 0.00641398]
 [0.13227398 0.05133646 0.07237475 0.15434564 0.02985952 0.08394279
  0.16155565 0.02077482 0.20745647 0.08607994]
 [0.05334969 0.14541327 0.13919357 0.04003195 0.15425626 0.0458373
  0.11277108 0.1228424  0.02476401 0.16154046]
 [0.13137879 0.01698367 0.02241967 0.07449465 0.14042517 0.07688686
  0.15206783 0.12850934 0.13575913 0.12107489]
 [0.01933677 0.04896123 0.12880371 0.1290203  0.12773358 0.10690203
  0.06374494 0.08153081 0.13567808 0.15828855]]"
37,"[[0.16118851 0.05151474 0.1501983  0.00614187 0.16305947 0.06719847
  0.0809189  0.13262313 0.13596906 0.05118755]
 [0.08661372 0.0918335  0.18656628 0.10910799 0.13937961 0.17275109
  0.00061534 0.11219439 0.02748514 0.07345294]
 [0.07011947 0.164288   0.16174152 0.13411165 0.01628388 0.0484733
  0.01274642 0.08660516 0.14329631 0.16233431]
 [0.10936197 0.04852995 0.05573495 0.16346168 0.15813542 0.02080816
  0.12637172 0.12188026 0.1285008  0.06721509]
 [0.11887345 0.10893215 0.23755299 0.0056551  0.00644769 0.03835983
  0.10920493 0.23189945 0.09072711 0.05234729]
 [0.04202626 0.03203564 0.09742983 0.09950729 0.21529734 0.12237084
  0.15291925 0.00570361 0.08814494 0.144565  ]
 [0.16613085 0.03737015 0.0365986  0.0845246  0.15290402 0.04631481
  0.13236746 0.1794465  0.03554129 0.12880171]
 [0.08371676 0.15098733 0.1598434  0.03613791 0.12903316 0.02604745
  0.06929707 0.11183411 0.06857219 0.16453062]
 [0.12727022 0.08285098 0.19319143 0.20561141 0.11831408 0.00673494
  0.01530075 0.14217644 0.03767621 0.07087353]
 [0.05512797 0.14415134 0.17828926 0.00278544 0.17845344 0.12559563
  0.07678385 0.01014749 0.09854861 0.13011697]]"
38,"[[1.23704852e-01 1.45574002e-01 3.79474071e-02 5.67749260e-02
  1.11970948e-01 1.41227304e-01 1.05903837e-02 1.60240049e-01
  6.26013602e-02 1.49368770e-01]
 [1.60259547e-01 8.33283096e-02 1.04053636e-01 1.33003410e-01
  4.65498813e-02 5.49148917e-03 1.44044598e-01 3.97209389e-02
  1.85687295e-01 9.78608949e-02]
 [1.85084232e-01 1.76302820e-02 2.29709276e-01 2.06154343e-02
  5.65498118e-02 2.34276698e-01 1.02246835e-03 5.04632022e-02
  1.51379830e-01 5.32687664e-02]
 [1.02863590e-01 1.38766135e-01 1.06497873e-01 4.22219185e-02
  2.66354643e-03 1.46225526e-01 1.04472369e-01 1.41492464e-01
  1.01232268e-01 1.13564311e-01]
 [7.70430814e-02 1.31700232e-01 9.63383877e-03 5.89143332e-02
  1.58980822e-01 1.69602924e-01 1.23612984e-01 1.46048907e-01
  3.66739150e-02 8.77889622e-02]
 [1.15791304e-01 1.19625973e-01 2.34310534e-01 5.90114750e-02
  1.85681618e-01 2.15237188e-01 2.99978418e-02 1.86980153e-02
  7.08596687e-05 2.15751899e-02]
 [1.59503974e-01 6.99117740e-02 3.14469082e-03 2.12815166e-01
  4.22376288e-02 1.21292467e-02 2.02631537e-01 9.06659913e-02
  1.86899555e-01 2.00604370e-02]
 [1.88216998e-02 1.42365392e-01 2.98991861e-02 6.89714205e-02
  1.19488161e-01 1.08357772e-01 1.19886649e-01 1.47617930e-01
  1.61216289e-01 8.33755017e-02]
 [1.25411251e-01 1.13775188e-01 1.39594283e-01 1.12480858e-01
  6.31431191e-02 1.70790189e-01 1.28497923e-01 3.14206463e-02
  1.94535957e-02 9.54329466e-02]
 [4.45983187e-02 1.39619411e-01 9.23043425e-02 5.47950039e-02
  1.55944807e-01 8.54472540e-02 1.60209420e-02 1.22423509e-01
  1.31017219e-01 1.57829194e-01]]"
39,"[[0.02905295 0.13181807 0.09699978 0.16965183 0.04663736 0.17428985
  0.03484376 0.12996179 0.04352107 0.14322355]
 [0.06519598 0.14290295 0.1152141  0.14076673 0.05780355 0.0978814
  0.05391619 0.16056476 0.02986343 0.13589091]
 [0.16192001 0.07537745 0.16807349 0.1404701  0.1578426  0.16165501
  0.00648894 0.09127112 0.01070237 0.02619891]
 [0.05882603 0.10937339 0.11177461 0.11809576 0.11316727 0.05929575
  0.12814214 0.05258306 0.11253854 0.13620346]
 [0.03199988 0.13664575 0.01301563 0.15000941 0.07742213 0.09251985
  0.10522183 0.11581751 0.16669996 0.11064806]
 [0.13880574 0.12742818 0.13835784 0.07615389 0.04838488 0.05588501
  0.13090111 0.07789232 0.07444933 0.13174169]
 [0.02644986 0.05193393 0.11188617 0.1354881  0.1524305  0.00822825
  0.17384158 0.13983316 0.05037713 0.14953133]
 [0.00718636 0.1131762  0.08810901 0.20594127 0.04800047 0.05248537
  0.01981171 0.16511582 0.16318444 0.13698935]
 [0.122374   0.06409566 0.14558489 0.04864707 0.12974401 0.17581467
  0.02318753 0.00270589 0.10240011 0.18544618]
 [0.20741419 0.0125573  0.1070642  0.03070351 0.01297396 0.06290426
  0.18558341 0.23194038 0.05381783 0.09504095]]"
40,"[[0.08962409 0.00590342 0.16737392 0.05417337 0.08578567 0.09862815
  0.11779831 0.06894643 0.1628835  0.14888313]
 [0.04172506 0.11279095 0.06698813 0.02375551 0.08038226 0.07298716
  0.13975302 0.16304953 0.16042897 0.13813941]
 [0.18968882 0.08566285 0.0317098  0.04620785 0.06827878 0.18818084
  0.0909485  0.11781152 0.14234887 0.03916217]
 [0.09290298 0.1812079  0.12005069 0.1001007  0.10838529 0.14852761
  0.04168701 0.1185417  0.00659448 0.08200164]
 [0.00928033 0.15892674 0.02529184 0.09855232 0.13178273 0.1463521
  0.02810366 0.13900529 0.08809225 0.17461275]
 [0.03439168 0.17740088 0.14475144 0.05501349 0.07769897 0.07746707
  0.07449199 0.14310111 0.15969539 0.05598798]
 [0.0194542  0.06508772 0.01484003 0.08650006 0.21716952 0.01933641
  0.04437686 0.21295216 0.1694595  0.15082353]
 [0.11299678 0.05386049 0.05213036 0.13492373 0.20083975 0.17803795
  0.11417799 0.05604631 0.00682927 0.09015737]
 [0.13459925 0.23594339 0.15963298 0.01024429 0.079515   0.0491091
  0.12407108 0.01048933 0.03468462 0.16171097]
 [0.00384631 0.07349982 0.18543524 0.08022845 0.13409894 0.13046384
  0.04882104 0.0553582  0.1774106  0.11083755]]"
41,"[[0.15851813 0.030845   0.0388451  0.12289229 0.08628085 0.07655094
  0.03294988 0.04594866 0.0656471  0.01240873 0.08631504 0.07027446
  0.03642175 0.04279479 0.09330728]
 [0.07060645 0.0637419  0.09561146 0.0864505  0.09233654 0.03371634
  0.01760594 0.07750989 0.09085705 0.03826548 0.07753306 0.06558499
  0.07612261 0.03956836 0.07448944]
 [0.02991875 0.02269511 0.10447178 0.11024101 0.05486385 0.06987664
  0.0563955  0.12818532 0.03555247 0.11215531 0.02440976 0.0310001
  0.10139304 0.07867987 0.04016149]
 [0.02473971 0.13828936 0.0956199  0.07962693 0.0033194  0.11103066
  0.0463203  0.10995094 0.00681122 0.03349083 0.07280438 0.03234272
  0.07964221 0.10332889 0.06268255]
 [0.10323133 0.11708657 0.0035241  0.03048193 0.05202122 0.02205755
  0.072426   0.04959844 0.11438323 0.02040248 0.07313215 0.12853716
  0.12028124 0.08973696 0.00309964]
 [0.02260905 0.11404805 0.0831934  0.01240508 0.04044382 0.08520003
  0.09765239 0.0349999  0.07811974 0.09641409 0.10779985 0.00561933
  0.12287448 0.02371761 0.07490317]
 [0.12153652 0.13584254 0.12587475 0.00662012 0.07862544 0.07129754
  0.11989842 0.01700093 0.13405775 0.00827342 0.02877247 0.02492059
  0.07730415 0.04512934 0.00484602]
 [0.12471888 0.07180162 0.05007181 0.11634004 0.11354032 0.00449202
  0.10593123 0.0983254  0.0828571  0.03384712 0.02662669 0.00769755
  0.01884271 0.0901002  0.05480731]
 [0.02325581 0.02201134 0.11132773 0.08575248 0.09712768 0.06843714
  0.06559975 0.11870564 0.10426401 0.01370378 0.03072875 0.11863878
  0.0283093  0.00647489 0.10566294]
 [0.06872569 0.024717   0.03603985 0.0091049  0.09566984 0.08509931
  0.04300043 0.08366076 0.04955418 0.1139413  0.05529526 0.08659927
  0.0759439  0.07792559 0.09472273]
 [0.00547665 0.09398914 0.05618213 0.00517314 0.08886448 0.00661263
  0.10509953 0.09668201 0.10455777 0.0363632  0.07431091 0.06308524
  0.10938905 0.10069896 0.05351516]
 [0.09156159 0.08342383 0.10959557 0.10943457 0.07844654 0.07047606
  0.04767185 0.08943702 0.00555398 0.0349575  0.05729856 0.05188711
  0.02380608 0.07395775 0.072492  ]
 [0.07297322 0.07019561 0.09947251 0.1138004  0.07932857 0.09341802
  0.00502537 0.07463609 0.01044759 0.1203139  0.0280658  0.03706281
  0.07127867 0.01151651 0.11246491]
 [0.10852743 0.06891607 0.08936253 0.02260042 0.02086689 0.0556625
  0.00913518 0.01184714 0.05855314 0.11774197 0.10056418 0.07933594
  0.08092739 0.1278911  0.0480681 ]
 [0.047538   0.02346364 0.1095992  0.11303815 0.05068398 0.09476423
  0.04993905 0.08226178 0.03836779 0.03135072 0.04435457 0.09208226
  0.05074832 0.05846664 0.11334167]]"
42,"[[7.54003331e-04 2.96546830e-02 1.45679318e-01 4.73230273e-02
  4.48652406e-02 1.02670639e-01 1.53137034e-01 1.18050261e-01
  7.20068344e-02 8.05790222e-03 4.78665367e-03 1.42280118e-01
  5.33705262e-03 1.21977189e-01 3.42004300e-03]
 [2.59271826e-02 1.10987350e-01 1.50686362e-02 4.69685484e-02
  1.17893776e-01 9.76555493e-02 1.23087617e-01 1.94760252e-03
  6.74488328e-03 9.64534829e-02 1.13264585e-01 5.71440165e-02
  5.98753615e-02 1.09720514e-01 1.72608957e-02]
 [9.80897622e-02 1.99726429e-02 9.12038680e-02 3.85395080e-02
  1.03540412e-01 8.51098843e-02 7.21683267e-02 1.24231975e-01
  3.47815635e-02 5.29742613e-03 4.39565461e-02 7.43373125e-02
  7.96477646e-02 4.97826359e-03 1.24144745e-01]
 [1.10963321e-01 8.43295951e-02 3.04655253e-02 1.12872092e-01
  1.19927692e-01 4.13076178e-02 2.02717724e-02 8.20071210e-02
  1.81765863e-03 5.52679796e-02 8.17282846e-02 4.32032599e-02
  8.06627918e-02 1.96034199e-02 1.15571869e-01]
 [9.42168690e-02 5.17218968e-02 7.49514465e-02 3.55840125e-02
  4.01399762e-02 9.73508963e-02 3.70030414e-02 8.20809496e-02
  9.88761438e-02 1.49839230e-02 8.59270632e-02 6.77379139e-02
  3.67778638e-02 7.43760614e-02 1.08271942e-01]
 [7.31035547e-02 1.40012627e-01 4.73884603e-02 2.03964536e-02
  5.34575278e-02 8.09700236e-02 9.59215415e-02 2.02722586e-02
  1.27012817e-02 7.95694931e-02 7.26426182e-03 5.74337677e-02
  1.06052969e-01 8.50755594e-02 1.20380221e-01]
 [9.31406537e-02 1.84642830e-02 7.22297499e-02 6.06318442e-02
  6.63793280e-02 1.20022811e-01 7.94383727e-02 3.32926267e-02
  2.42265506e-02 2.25432697e-02 1.04912047e-01 1.01774720e-01
  6.95217477e-02 8.45805374e-02 4.88414582e-02]
 [3.67098031e-02 9.67033576e-02 4.68277461e-02 1.15771359e-01
  9.72049803e-02 6.68365126e-02 5.36870939e-02 5.78210254e-02
  9.56118707e-02 6.19430775e-02 2.92012097e-02 1.12416572e-02
  1.08326826e-01 2.01997265e-02 1.01913755e-01]
 [9.45950461e-02 3.50833415e-02 8.03228027e-02 5.82762566e-02
  2.23254465e-02 6.88911397e-02 3.37078212e-02 7.42555334e-02
  8.68207558e-02 3.53221289e-02 4.81700827e-02 8.22388693e-02
  1.28726971e-01 2.72320851e-02 1.24031720e-01]
 [7.30694286e-02 9.60106397e-02 8.28452830e-02 8.81516240e-02
  8.77739069e-02 9.95096763e-02 6.99832406e-02 7.89314883e-02
  6.42466307e-02 4.55335052e-02 9.02682407e-03 6.93752832e-03
  9.77141288e-02 8.21540567e-02 1.81120389e-02]
 [4.60705967e-02 2.94977473e-02 1.04630500e-01 2.38382554e-02
  8.65908169e-02 1.20628747e-01 1.15513267e-01 4.19572765e-02
  1.08434833e-01 3.46764851e-02 2.36377945e-02 1.18656652e-01
  6.53675592e-02 6.75885972e-02 1.29108715e-02]
 [6.20552400e-02 7.49797245e-02 5.42724924e-02 3.29329149e-02
  5.77316803e-02 5.93507969e-02 4.17943981e-02 1.06418335e-01
  1.22923557e-01 1.87298908e-02 1.33114391e-01 1.10928372e-01
  7.73066769e-04 1.14933135e-01 9.06200378e-03]
 [3.21103788e-02 2.93197650e-03 9.59226679e-02 1.83334666e-02
  9.73190497e-02 9.40827215e-02 5.77044188e-02 9.67516501e-02
  1.15139783e-01 3.25468418e-02 2.61130116e-02 1.28348004e-01
  6.05626388e-02 6.67948661e-02 7.53385250e-02]
 [4.46570643e-02 1.03094067e-02 5.86901035e-06 6.88217824e-02
  6.76114639e-02 7.06400630e-02 3.90137887e-02 9.21142253e-02
  5.34874414e-02 4.74006491e-02 3.89337852e-02 1.26196809e-01
  7.77056365e-02 1.20175989e-01 1.42926027e-01]
 [4.69244163e-02 5.34190451e-02 6.74832383e-02 1.25020654e-01
  7.77293469e-02 7.48022596e-02 4.40784964e-02 1.12519771e-01
  7.87576928e-02 3.50933026e-02 4.20322292e-02 2.29377085e-02
  7.93303266e-02 1.26535811e-01 1.33357008e-02]]"
43,"[[0.03123768 0.06251111 0.07403985 0.10743818 0.01294444 0.12331759
  0.07805093 0.10976178 0.06074591 0.10571739 0.01958602 0.11747163
  0.00640469 0.07118051 0.01959229]
 [0.11084466 0.07062538 0.12534533 0.04540679 0.05304224 0.05601562
  0.0659936  0.06663153 0.03086467 0.00789117 0.01575261 0.09179986
  0.1271197  0.0416758  0.09099102]
 [0.09197633 0.03226863 0.05254915 0.03844727 0.02867488 0.07166357
  0.09101241 0.06299193 0.13618337 0.1103412  0.10022746 0.05057057
  0.04024643 0.08636677 0.00648002]
 [0.05991456 0.11723184 0.01715483 0.00387123 0.05914676 0.13724121
  0.11057324 0.03310298 0.13594784 0.10004927 0.11932678 0.01045612
  0.0100022  0.04463202 0.04134911]
 [0.01600794 0.10374106 0.02945308 0.06500448 0.11902897 0.08363228
  0.07051492 0.1096507  0.00975692 0.11354438 0.03093806 0.05078809
  0.1037427  0.08849039 0.00570601]
 [0.1308669  0.13729726 0.05803717 0.04134687 0.02700936 0.11927423
  0.01145013 0.15095477 0.0040917  0.02584458 0.07996821 0.00697051
  0.10480428 0.00215316 0.09993088]
 [0.096352   0.00217597 0.1083261  0.05674142 0.07305899 0.09302849
  0.04072712 0.10474708 0.00823299 0.10673991 0.07739265 0.07754844
  0.02465998 0.03683163 0.09343722]
 [0.00520035 0.08161413 0.11306668 0.09430656 0.11123066 0.07553704
  0.10884221 0.05850051 0.09199422 0.02288382 0.01886091 0.07085027
  0.0162422  0.02456576 0.10630469]
 [0.04690052 0.07200154 0.09158868 0.08478445 0.02760971 0.05981399
  0.10710171 0.01960678 0.0255006  0.05100631 0.11204484 0.10339318
  0.01043588 0.11726045 0.07095136]
 [0.09753349 0.0315981  0.05834561 0.081301   0.02101655 0.08997806
  0.09001953 0.00664796 0.01890775 0.03291021 0.06356061 0.10582368
  0.11011859 0.11074332 0.08149555]
 [0.03873074 0.04366495 0.0416862  0.04808586 0.05356443 0.12348824
  0.09495559 0.01819757 0.05703582 0.09814482 0.00476554 0.10406102
  0.14353141 0.11800504 0.01208278]
 [0.09040365 0.08290028 0.02860159 0.046375   0.06504059 0.08542434
  0.03639528 0.09853297 0.06300434 0.00586752 0.10101739 0.07311818
  0.09395263 0.02047369 0.10889256]
 [0.0393855  0.03016338 0.06661847 0.10508517 0.0409521  0.12183146
  0.10313735 0.11452593 0.07440448 0.00302389 0.05002243 0.01294964
  0.09048542 0.11131194 0.03610283]
 [0.1016301  0.00094794 0.09763462 0.0354815  0.09939034 0.02495861
  0.0726997  0.12289765 0.02939936 0.11157175 0.01712842 0.09728141
  0.09348995 0.02430386 0.07118479]
 [0.10792549 0.10111314 0.00554335 0.0249542  0.02969317 0.06227701
  0.11092127 0.07997651 0.09972491 0.08639944 0.06526926 0.06487487
  0.03072116 0.06349798 0.06710825]]"
44,"[[0.07425876 0.05930339 0.05565516 0.05013027 0.02692875 0.00069309
  0.01630005 0.12002976 0.03505166 0.04104601 0.09257254 0.13761735
  0.01801109 0.15559007 0.11681204]
 [0.00857761 0.1475079  0.06424013 0.00293907 0.08298144 0.01092397
  0.0309141  0.11153912 0.03032189 0.01645237 0.04529995 0.104561
  0.07394647 0.18075568 0.0890393 ]
 [0.05851466 0.11632232 0.04725664 0.02952673 0.05556529 0.0963747
  0.07897302 0.08481938 0.04233552 0.09924291 0.03310751 0.0051505
  0.07544641 0.07521249 0.10215192]
 [0.03792868 0.03879271 0.03724045 0.09583839 0.04937508 0.05014751
  0.00736256 0.07865459 0.01928027 0.07906609 0.07583956 0.06409673
  0.1188661  0.14982559 0.0976857 ]
 [0.07608645 0.12882094 0.07471804 0.10951825 0.09272543 0.05136913
  0.08102333 0.00611975 0.05476428 0.07006935 0.00155236 0.06317186
  0.03571274 0.12131609 0.033032  ]
 [0.05809946 0.04425903 0.08802912 0.10577401 0.07596192 0.08778601
  0.10703829 0.11063431 0.07116233 0.00438476 0.02685038 0.09573169
  0.00144685 0.05676273 0.06607911]
 [0.10874168 0.10381504 0.08137248 0.05917345 0.03162537 0.07363229
  0.00927025 0.04608902 0.0437896  0.10673731 0.00346514 0.07714179
  0.06134738 0.07622856 0.11757064]
 [0.01121396 0.09666096 0.10334853 0.10879839 0.01142986 0.04473002
  0.11775918 0.07319637 0.08501463 0.03267214 0.05826791 0.03030307
  0.05422087 0.06075542 0.11162872]
 [0.05248905 0.04131751 0.06561797 0.02915727 0.13466221 0.08177085
  0.03828321 0.10480338 0.03081947 0.13363163 0.08227415 0.02262092
  0.00129211 0.08958873 0.09167154]
 [0.10050324 0.08617456 0.04409406 0.1078882  0.04807995 0.11457823
