,0
1,"[[0.61863873 0.91124839 1.         0.         0.80385597]
 [0.61863873 0.91124839 1.         0.         0.80385597]
 [0.61863873 0.91124839 1.         0.         0.80385597]
 [0.61863873 0.91124839 1.         0.         0.80385597]
 [0.61863873 0.91124839 1.         0.         0.80385597]]"
2,"[[0.5475734  0.         1.         0.50872649 0.41542119]
 [0.5475734  0.         1.         0.50872649 0.41542119]
 [0.5475734  0.         1.         0.50872649 0.41542119]
 [0.5475734  0.         1.         0.50872649 0.41542119]
 [0.5475734  0.         1.         0.50872649 0.41542119]]"
3,"[[1.         0.         0.99749767 0.06270329 0.9601995 ]
 [1.         0.         0.99749767 0.06270329 0.9601995 ]
 [1.         0.         0.99749767 0.06270329 0.9601995 ]
 [1.         0.         0.99749767 0.06270329 0.9601995 ]
 [1.         0.         0.99749767 0.06270329 0.9601995 ]]"
4,"[[0.         0.29975043 0.08109622 1.         0.99347066]
 [0.         0.29975043 0.08109622 1.         0.99347066]
 [0.         0.29975043 0.08109622 1.         0.99347066]
 [0.         0.29975043 0.08109622 1.         0.99347066]
 [0.         0.29975043 0.08109622 1.         0.99347066]]"
5,"[[0.         0.31400211 0.22932131 1.         0.78114927]
 [0.         0.31400211 0.22932131 1.         0.78114927]
 [0.         0.31400211 0.22932131 1.         0.78114927]
 [0.         0.31400211 0.22932131 1.         0.78114927]
 [0.         0.31400211 0.22932131 1.         0.78114927]]"
6,"[[0.66834968 0.33605051 0.85869545 0.         1.        ]
 [0.66834968 0.33605051 0.85869545 0.         1.        ]
 [0.66834968 0.33605051 0.85869545 0.         1.        ]
 [0.66834968 0.33605051 0.85869545 0.         1.        ]
 [0.66834968 0.33605051 0.85869545 0.         1.        ]]"
7,"[[0.25405757 0.16808774 1.         0.79295798 0.        ]
 [0.25405757 0.16808774 1.         0.79295798 0.        ]
 [0.25405757 0.16808774 1.         0.79295798 0.        ]
 [0.25405757 0.16808774 1.         0.79295798 0.        ]
 [0.25405757 0.16808774 1.         0.79295798 0.        ]]"
8,"[[1.         0.56259053 0.24264557 0.94196185 0.        ]
 [1.         0.56259053 0.24264557 0.94196185 0.        ]
 [1.         0.56259053 0.24264557 0.94196185 0.        ]
 [1.         0.56259053 0.24264557 0.94196185 0.        ]
 [1.         0.56259053 0.24264557 0.94196185 0.        ]]"
9,"[[0.55385307 0.08351715 1.         0.         0.48468072]
 [0.55385307 0.08351715 1.         0.         0.48468072]
 [0.55385307 0.08351715 1.         0.         0.48468072]
 [0.55385307 0.08351715 1.         0.         0.48468072]
 [0.55385307 0.08351715 1.         0.         0.48468072]]"
10,"[[0.73219584 1.         0.         0.44622809 0.10882006]
 [0.73219584 1.         0.         0.44622809 0.10882006]
 [0.73219584 1.         0.         0.44622809 0.10882006]
 [0.73219584 1.         0.         0.44622809 0.10882006]
 [0.73219584 1.         0.         0.44622809 0.10882006]]"
11,"[[0.78519465 0.05887199 0.9047883  1.         0.        ]
 [0.78519465 0.05887199 0.9047883  1.         0.        ]
 [0.78519465 0.05887199 0.9047883  1.         0.        ]
 [0.78519465 0.05887199 0.9047883  1.         0.        ]
 [0.78519465 0.05887199 0.9047883  1.         0.        ]]"
12,"[[0.3430055  1.         0.         0.56149404 0.42689297]
 [0.3430055  1.         0.         0.56149404 0.42689297]
 [0.3430055  1.         0.         0.56149404 0.42689297]
 [0.3430055  1.         0.         0.56149404 0.42689297]
 [0.3430055  1.         0.         0.56149404 0.42689297]]"
13,"[[1.         0.         0.59862115 0.3373109  0.00456044]
 [1.         0.         0.59862115 0.3373109  0.00456044]
 [1.         0.         0.59862115 0.3373109  0.00456044]
 [1.         0.         0.59862115 0.3373109  0.00456044]
 [1.         0.         0.59862115 0.3373109  0.00456044]]"
14,"[[0.68103367 0.12329727 0.5569139  1.         0.        ]
 [0.68103367 0.12329727 0.5569139  1.         0.        ]
 [0.68103367 0.12329727 0.5569139  1.         0.        ]
 [0.68103367 0.12329727 0.5569139  1.         0.        ]
 [0.68103367 0.12329727 0.5569139  1.         0.        ]]"
15,"[[1.         0.46857945 0.33341253 0.56865932 0.        ]
 [1.         0.46857945 0.33341253 0.56865932 0.        ]
 [1.         0.46857945 0.33341253 0.56865932 0.        ]
 [1.         0.46857945 0.33341253 0.56865932 0.        ]
 [1.         0.46857945 0.33341253 0.56865932 0.        ]]"
16,"[[0.         1.         0.23360163 0.47254053 0.87688227]
 [0.         1.         0.23360163 0.47254053 0.87688227]
 [0.         1.         0.23360163 0.47254053 0.87688227]
 [0.         1.         0.23360163 0.47254053 0.87688227]
 [0.         1.         0.23360163 0.47254053 0.87688227]]"
17,"[[0.         0.99321696 0.10035681 1.         0.24730171]
 [0.         0.99321696 0.10035681 1.         0.24730171]
 [0.         0.99321696 0.10035681 1.         0.24730171]
 [0.         0.99321696 0.10035681 1.         0.24730171]
 [0.         0.99321696 0.10035681 1.         0.24730171]]"
18,"[[0.65211279 0.         1.         0.16468918 0.44903198]
 [0.65211279 0.         1.         0.16468918 0.44903198]
 [0.65211279 0.         1.         0.16468918 0.44903198]
 [0.65211279 0.         1.         0.16468918 0.44903198]
 [0.65211279 0.         1.         0.16468918 0.44903198]]"
19,"[[0.         0.13822908 0.39342014 0.08419243 1.        ]
 [0.         0.13822908 0.39342014 0.08419243 1.        ]
 [0.         0.13822908 0.39342014 0.08419243 1.        ]
 [0.         0.13822908 0.39342014 0.08419243 1.        ]
 [0.         0.13822908 0.39342014 0.08419243 1.        ]]"
20,"[[0.43116001 0.80811247 0.62775455 1.         0.        ]
 [0.43116001 0.80811247 0.62775455 1.         0.        ]
 [0.43116001 0.80811247 0.62775455 1.         0.        ]
 [0.43116001 0.80811247 0.62775455 1.         0.        ]
 [0.43116001 0.80811247 0.62775455 1.         0.        ]]"
21,"[[0.65982212 0.29112323 0.17720724 1.         0.7354554  0.46939438
  0.07337154 0.14877234 0.16062326 0.        ]
 [0.65982212 0.29112323 0.17720724 1.         0.7354554  0.46939438
  0.07337154 0.14877234 0.16062326 0.        ]
 [0.65982212 0.29112323 0.17720724 1.         0.7354554  0.46939438
  0.07337154 0.14877234 0.16062326 0.        ]
 [0.65982212 0.29112323 0.17720724 1.         0.7354554  0.46939438
  0.07337154 0.14877234 0.16062326 0.        ]
 [0.65982212 0.29112323 0.17720724 1.         0.7354554  0.46939438
  0.07337154 0.14877234 0.16062326 0.        ]
 [0.65982212 0.29112323 0.17720724 1.         0.7354554  0.46939438
  0.07337154 0.14877234 0.16062326 0.        ]
 [0.65982212 0.29112323 0.17720724 1.         0.7354554  0.46939438
  0.07337154 0.14877234 0.16062326 0.        ]
 [0.65982212 0.29112323 0.17720724 1.         0.7354554  0.46939438
  0.07337154 0.14877234 0.16062326 0.        ]
 [0.65982212 0.29112323 0.17720724 1.         0.7354554  0.46939438
  0.07337154 0.14877234 0.16062326 0.        ]
 [0.65982212 0.29112323 0.17720724 1.         0.7354554  0.46939438
  0.07337154 0.14877234 0.16062326 0.        ]]"
22,"[[0.79834667 0.37150885 0.4772269  0.86765869 1.         0.98147522
  0.14876104 0.53953968 0.25283293 0.        ]
 [0.79834667 0.37150885 0.4772269  0.86765869 1.         0.98147522
  0.14876104 0.53953968 0.25283293 0.        ]
 [0.79834667 0.37150885 0.4772269  0.86765869 1.         0.98147522
  0.14876104 0.53953968 0.25283293 0.        ]
 [0.79834667 0.37150885 0.4772269  0.86765869 1.         0.98147522
  0.14876104 0.53953968 0.25283293 0.        ]
 [0.79834667 0.37150885 0.4772269  0.86765869 1.         0.98147522
  0.14876104 0.53953968 0.25283293 0.        ]
 [0.79834667 0.37150885 0.4772269  0.86765869 1.         0.98147522
  0.14876104 0.53953968 0.25283293 0.        ]
 [0.79834667 0.37150885 0.4772269  0.86765869 1.         0.98147522
  0.14876104 0.53953968 0.25283293 0.        ]
 [0.79834667 0.37150885 0.4772269  0.86765869 1.         0.98147522
  0.14876104 0.53953968 0.25283293 0.        ]
 [0.79834667 0.37150885 0.4772269  0.86765869 1.         0.98147522
  0.14876104 0.53953968 0.25283293 0.        ]
 [0.79834667 0.37150885 0.4772269  0.86765869 1.         0.98147522
  0.14876104 0.53953968 0.25283293 0.        ]]"
23,"[[0.21127862 0.91933713 0.92308288 0.37549524 0.         0.76478308
  0.3280526  1.         0.5561475  0.43052149]
 [0.21127862 0.91933713 0.92308288 0.37549524 0.         0.76478308
  0.3280526  1.         0.5561475  0.43052149]
 [0.21127862 0.91933713 0.92308288 0.37549524 0.         0.76478308
  0.3280526  1.         0.5561475  0.43052149]
 [0.21127862 0.91933713 0.92308288 0.37549524 0.         0.76478308
  0.3280526  1.         0.5561475  0.43052149]
 [0.21127862 0.91933713 0.92308288 0.37549524 0.         0.76478308
  0.3280526  1.         0.5561475  0.43052149]
 [0.21127862 0.91933713 0.92308288 0.37549524 0.         0.76478308
  0.3280526  1.         0.5561475  0.43052149]
 [0.21127862 0.91933713 0.92308288 0.37549524 0.         0.76478308
  0.3280526  1.         0.5561475  0.43052149]
 [0.21127862 0.91933713 0.92308288 0.37549524 0.         0.76478308
  0.3280526  1.         0.5561475  0.43052149]
 [0.21127862 0.91933713 0.92308288 0.37549524 0.         0.76478308
  0.3280526  1.         0.5561475  0.43052149]
 [0.21127862 0.91933713 0.92308288 0.37549524 0.         0.76478308
  0.3280526  1.         0.5561475  0.43052149]]"
24,"[[1.         0.         0.88942582 0.34160614 0.83457156 0.34961183
  0.31893612 0.31298807 0.74731438 0.47590319]
 [1.         0.         0.88942582 0.34160614 0.83457156 0.34961183
  0.31893612 0.31298807 0.74731438 0.47590319]
 [1.         0.         0.88942582 0.34160614 0.83457156 0.34961183
  0.31893612 0.31298807 0.74731438 0.47590319]
 [1.         0.         0.88942582 0.34160614 0.83457156 0.34961183
  0.31893612 0.31298807 0.74731438 0.47590319]
 [1.         0.         0.88942582 0.34160614 0.83457156 0.34961183
  0.31893612 0.31298807 0.74731438 0.47590319]
 [1.         0.         0.88942582 0.34160614 0.83457156 0.34961183
  0.31893612 0.31298807 0.74731438 0.47590319]
 [1.         0.         0.88942582 0.34160614 0.83457156 0.34961183
  0.31893612 0.31298807 0.74731438 0.47590319]
 [1.         0.         0.88942582 0.34160614 0.83457156 0.34961183
  0.31893612 0.31298807 0.74731438 0.47590319]
 [1.         0.         0.88942582 0.34160614 0.83457156 0.34961183
  0.31893612 0.31298807 0.74731438 0.47590319]
 [1.         0.         0.88942582 0.34160614 0.83457156 0.34961183
  0.31893612 0.31298807 0.74731438 0.47590319]]"
25,"[[0.25697377 0.27021989 1.         0.49076366 0.37413764 0.49117125
  0.         0.43221869 0.49268103 0.96678056]
 [0.25697377 0.27021989 1.         0.49076366 0.37413764 0.49117125
  0.         0.43221869 0.49268103 0.96678056]
 [0.25697377 0.27021989 1.         0.49076366 0.37413764 0.49117125
  0.         0.43221869 0.49268103 0.96678056]
 [0.25697377 0.27021989 1.         0.49076366 0.37413764 0.49117125
  0.         0.43221869 0.49268103 0.96678056]
 [0.25697377 0.27021989 1.         0.49076366 0.37413764 0.49117125
  0.         0.43221869 0.49268103 0.96678056]
 [0.25697377 0.27021989 1.         0.49076366 0.37413764 0.49117125
  0.         0.43221869 0.49268103 0.96678056]
 [0.25697377 0.27021989 1.         0.49076366 0.37413764 0.49117125
  0.         0.43221869 0.49268103 0.96678056]
 [0.25697377 0.27021989 1.         0.49076366 0.37413764 0.49117125
  0.         0.43221869 0.49268103 0.96678056]
 [0.25697377 0.27021989 1.         0.49076366 0.37413764 0.49117125
  0.         0.43221869 0.49268103 0.96678056]
 [0.25697377 0.27021989 1.         0.49076366 0.37413764 0.49117125
  0.         0.43221869 0.49268103 0.96678056]]"
26,"[[0.87845716 0.47177726 0.55775019 0.07846103 0.87197693 0.38427975
  0.67519009 0.         1.         0.175737  ]
 [0.87845716 0.47177726 0.55775019 0.07846103 0.87197693 0.38427975
  0.67519009 0.         1.         0.175737  ]
 [0.87845716 0.47177726 0.55775019 0.07846103 0.87197693 0.38427975
  0.67519009 0.         1.         0.175737  ]
 [0.87845716 0.47177726 0.55775019 0.07846103 0.87197693 0.38427975
  0.67519009 0.         1.         0.175737  ]
 [0.87845716 0.47177726 0.55775019 0.07846103 0.87197693 0.38427975
  0.67519009 0.         1.         0.175737  ]
 [0.87845716 0.47177726 0.55775019 0.07846103 0.87197693 0.38427975
  0.67519009 0.         1.         0.175737  ]
 [0.87845716 0.47177726 0.55775019 0.07846103 0.87197693 0.38427975
  0.67519009 0.         1.         0.175737  ]
 [0.87845716 0.47177726 0.55775019 0.07846103 0.87197693 0.38427975
  0.67519009 0.         1.         0.175737  ]
 [0.87845716 0.47177726 0.55775019 0.07846103 0.87197693 0.38427975
  0.67519009 0.         1.         0.175737  ]
 [0.87845716 0.47177726 0.55775019 0.07846103 0.87197693 0.38427975
  0.67519009 0.         1.         0.175737  ]]"
27,"[[0.32371038 0.05155801 0.92598786 0.62033214 0.05097844 0.
  0.31629073 0.91686535 0.01474012 1.        ]
 [0.32371038 0.05155801 0.92598786 0.62033214 0.05097844 0.
  0.31629073 0.91686535 0.01474012 1.        ]
 [0.32371038 0.05155801 0.92598786 0.62033214 0.05097844 0.
  0.31629073 0.91686535 0.01474012 1.        ]
 [0.32371038 0.05155801 0.92598786 0.62033214 0.05097844 0.
  0.31629073 0.91686535 0.01474012 1.        ]
 [0.32371038 0.05155801 0.92598786 0.62033214 0.05097844 0.
  0.31629073 0.91686535 0.01474012 1.        ]
 [0.32371038 0.05155801 0.92598786 0.62033214 0.05097844 0.
  0.31629073 0.91686535 0.01474012 1.        ]
 [0.32371038 0.05155801 0.92598786 0.62033214 0.05097844 0.
  0.31629073 0.91686535 0.01474012 1.        ]
 [0.32371038 0.05155801 0.92598786 0.62033214 0.05097844 0.
  0.31629073 0.91686535 0.01474012 1.        ]
 [0.32371038 0.05155801 0.92598786 0.62033214 0.05097844 0.
  0.31629073 0.91686535 0.01474012 1.        ]
 [0.32371038 0.05155801 0.92598786 0.62033214 0.05097844 0.
  0.31629073 0.91686535 0.01474012 1.        ]]"
28,"[[0.5304522  0.5909036  0.40103697 1.         0.74737398 0.45141826
  0.28152505 0.95082067 0.67021918 0.        ]
 [0.5304522  0.5909036  0.40103697 1.         0.74737398 0.45141826
  0.28152505 0.95082067 0.67021918 0.        ]
 [0.5304522  0.5909036  0.40103697 1.         0.74737398 0.45141826
  0.28152505 0.95082067 0.67021918 0.        ]
 [0.5304522  0.5909036  0.40103697 1.         0.74737398 0.45141826
  0.28152505 0.95082067 0.67021918 0.        ]
 [0.5304522  0.5909036  0.40103697 1.         0.74737398 0.45141826
  0.28152505 0.95082067 0.67021918 0.        ]
 [0.5304522  0.5909036  0.40103697 1.         0.74737398 0.45141826
  0.28152505 0.95082067 0.67021918 0.        ]
 [0.5304522  0.5909036  0.40103697 1.         0.74737398 0.45141826
  0.28152505 0.95082067 0.67021918 0.        ]
 [0.5304522  0.5909036  0.40103697 1.         0.74737398 0.45141826
  0.28152505 0.95082067 0.67021918 0.        ]
 [0.5304522  0.5909036  0.40103697 1.         0.74737398 0.45141826
  0.28152505 0.95082067 0.67021918 0.        ]
 [0.5304522  0.5909036  0.40103697 1.         0.74737398 0.45141826
  0.28152505 0.95082067 0.67021918 0.        ]]"
29,"[[0.69824004 0.05632047 0.08517611 0.8483818  0.44079258 0.62293046
  1.         0.         0.5833597  0.80123528]
 [0.69824004 0.05632047 0.08517611 0.8483818  0.44079258 0.62293046
  1.         0.         0.5833597  0.80123528]
 [0.69824004 0.05632047 0.08517611 0.8483818  0.44079258 0.62293046
  1.         0.         0.5833597  0.80123528]
 [0.69824004 0.05632047 0.08517611 0.8483818  0.44079258 0.62293046
  1.         0.         0.5833597  0.80123528]
 [0.69824004 0.05632047 0.08517611 0.8483818  0.44079258 0.62293046
  1.         0.         0.5833597  0.80123528]
 [0.69824004 0.05632047 0.08517611 0.8483818  0.44079258 0.62293046
  1.         0.         0.5833597  0.80123528]
 [0.69824004 0.05632047 0.08517611 0.8483818  0.44079258 0.62293046
  1.         0.         0.5833597  0.80123528]
 [0.69824004 0.05632047 0.08517611 0.8483818  0.44079258 0.62293046
  1.         0.         0.5833597  0.80123528]
 [0.69824004 0.05632047 0.08517611 0.8483818  0.44079258 0.62293046
  1.         0.         0.5833597  0.80123528]
 [0.69824004 0.05632047 0.08517611 0.8483818  0.44079258 0.62293046
  1.         0.         0.5833597  0.80123528]]"
30,"[[0.         0.04414423 0.70380358 0.1346587  0.71020469 0.03178094
  0.14555127 0.05626826 0.6903384  1.        ]
 [0.         0.04414423 0.70380358 0.1346587  0.71020469 0.03178094
  0.14555127 0.05626826 0.6903384  1.        ]
 [0.         0.04414423 0.70380358 0.1346587  0.71020469 0.03178094
  0.14555127 0.05626826 0.6903384  1.        ]
 [0.         0.04414423 0.70380358 0.1346587  0.71020469 0.03178094
  0.14555127 0.05626826 0.6903384  1.        ]
 [0.         0.04414423 0.70380358 0.1346587  0.71020469 0.03178094
  0.14555127 0.05626826 0.6903384  1.        ]
 [0.         0.04414423 0.70380358 0.1346587  0.71020469 0.03178094
  0.14555127 0.05626826 0.6903384  1.        ]
 [0.         0.04414423 0.70380358 0.1346587  0.71020469 0.03178094
  0.14555127 0.05626826 0.6903384  1.        ]
 [0.         0.04414423 0.70380358 0.1346587  0.71020469 0.03178094
  0.14555127 0.05626826 0.6903384  1.        ]
 [0.         0.04414423 0.70380358 0.1346587  0.71020469 0.03178094
  0.14555127 0.05626826 0.6903384  1.        ]
 [0.         0.04414423 0.70380358 0.1346587  0.71020469 0.03178094
  0.14555127 0.05626826 0.6903384  1.        ]]"
31,"[[0.1651783  0.         0.93688722 0.57335852 0.84953909 0.67438141
  0.96554805 0.2003848  0.93884247 1.        ]
 [0.1651783  0.         0.93688722 0.57335852 0.84953909 0.67438141
  0.96554805 0.2003848  0.93884247 1.        ]
 [0.1651783  0.         0.93688722 0.57335852 0.84953909 0.67438141
  0.96554805 0.2003848  0.93884247 1.        ]
 [0.1651783  0.         0.93688722 0.57335852 0.84953909 0.67438141
  0.96554805 0.2003848  0.93884247 1.        ]
 [0.1651783  0.         0.93688722 0.57335852 0.84953909 0.67438141
  0.96554805 0.2003848  0.93884247 1.        ]
 [0.1651783  0.         0.93688722 0.57335852 0.84953909 0.67438141
  0.96554805 0.2003848  0.93884247 1.        ]
 [0.1651783  0.         0.93688722 0.57335852 0.84953909 0.67438141
  0.96554805 0.2003848  0.93884247 1.        ]
 [0.1651783  0.         0.93688722 0.57335852 0.84953909 0.67438141
  0.96554805 0.2003848  0.93884247 1.        ]
 [0.1651783  0.         0.93688722 0.57335852 0.84953909 0.67438141
  0.96554805 0.2003848  0.93884247 1.        ]
 [0.1651783  0.         0.93688722 0.57335852 0.84953909 0.67438141
  0.96554805 0.2003848  0.93884247 1.        ]]"
32,"[[0.17981635 0.24776279 0.39678634 0.02915558 0.56138402 0.69731807
  0.37232506 1.         0.94546566 0.        ]
 [0.17981635 0.24776279 0.39678634 0.02915558 0.56138402 0.69731807
  0.37232506 1.         0.94546566 0.        ]
 [0.17981635 0.24776279 0.39678634 0.02915558 0.56138402 0.69731807
  0.37232506 1.         0.94546566 0.        ]
 [0.17981635 0.24776279 0.39678634 0.02915558 0.56138402 0.69731807
  0.37232506 1.         0.94546566 0.        ]
 [0.17981635 0.24776279 0.39678634 0.02915558 0.56138402 0.69731807
  0.37232506 1.         0.94546566 0.        ]
 [0.17981635 0.24776279 0.39678634 0.02915558 0.56138402 0.69731807
  0.37232506 1.         0.94546566 0.        ]
 [0.17981635 0.24776279 0.39678634 0.02915558 0.56138402 0.69731807
  0.37232506 1.         0.94546566 0.        ]
 [0.17981635 0.24776279 0.39678634 0.02915558 0.56138402 0.69731807
  0.37232506 1.         0.94546566 0.        ]
 [0.17981635 0.24776279 0.39678634 0.02915558 0.56138402 0.69731807
  0.37232506 1.         0.94546566 0.        ]
 [0.17981635 0.24776279 0.39678634 0.02915558 0.56138402 0.69731807
  0.37232506 1.         0.94546566 0.        ]]"
33,"[[0.30830221 0.19590461 0.51464828 1.         0.17301482 0.84409287
  0.35754    0.23676189 0.81389308 0.        ]
 [0.30830221 0.19590461 0.51464828 1.         0.17301482 0.84409287
  0.35754    0.23676189 0.81389308 0.        ]
 [0.30830221 0.19590461 0.51464828 1.         0.17301482 0.84409287
  0.35754    0.23676189 0.81389308 0.        ]
 [0.30830221 0.19590461 0.51464828 1.         0.17301482 0.84409287
  0.35754    0.23676189 0.81389308 0.        ]
 [0.30830221 0.19590461 0.51464828 1.         0.17301482 0.84409287
  0.35754    0.23676189 0.81389308 0.        ]
 [0.30830221 0.19590461 0.51464828 1.         0.17301482 0.84409287
  0.35754    0.23676189 0.81389308 0.        ]
 [0.30830221 0.19590461 0.51464828 1.         0.17301482 0.84409287
  0.35754    0.23676189 0.81389308 0.        ]
 [0.30830221 0.19590461 0.51464828 1.         0.17301482 0.84409287
  0.35754    0.23676189 0.81389308 0.        ]
 [0.30830221 0.19590461 0.51464828 1.         0.17301482 0.84409287
  0.35754    0.23676189 0.81389308 0.        ]
 [0.30830221 0.19590461 0.51464828 1.         0.17301482 0.84409287
  0.35754    0.23676189 0.81389308 0.        ]]"
34,"[[0.5515548  0.19021373 0.60657913 0.49925733 1.         0.94933894
  0.98622001 0.         0.99253454 0.28666025]
 [0.5515548  0.19021373 0.60657913 0.49925733 1.         0.94933894
  0.98622001 0.         0.99253454 0.28666025]
 [0.5515548  0.19021373 0.60657913 0.49925733 1.         0.94933894
  0.98622001 0.         0.99253454 0.28666025]
 [0.5515548  0.19021373 0.60657913 0.49925733 1.         0.94933894
  0.98622001 0.         0.99253454 0.28666025]
 [0.5515548  0.19021373 0.60657913 0.49925733 1.         0.94933894
  0.98622001 0.         0.99253454 0.28666025]
 [0.5515548  0.19021373 0.60657913 0.49925733 1.         0.94933894
  0.98622001 0.         0.99253454 0.28666025]
 [0.5515548  0.19021373 0.60657913 0.49925733 1.         0.94933894
  0.98622001 0.         0.99253454 0.28666025]
 [0.5515548  0.19021373 0.60657913 0.49925733 1.         0.94933894
  0.98622001 0.         0.99253454 0.28666025]
 [0.5515548  0.19021373 0.60657913 0.49925733 1.         0.94933894
  0.98622001 0.         0.99253454 0.28666025]
 [0.5515548  0.19021373 0.60657913 0.49925733 1.         0.94933894
  0.98622001 0.         0.99253454 0.28666025]]"
35,"[[0.1000518  0.65646457 0.0174093  0.56897984 0.02038654 0.18095136
  0.74619256 0.89639772 0.         1.        ]
 [0.1000518  0.65646457 0.0174093  0.56897984 0.02038654 0.18095136
  0.74619256 0.89639772 0.         1.        ]
 [0.1000518  0.65646457 0.0174093  0.56897984 0.02038654 0.18095136
  0.74619256 0.89639772 0.         1.        ]
 [0.1000518  0.65646457 0.0174093  0.56897984 0.02038654 0.18095136
  0.74619256 0.89639772 0.         1.        ]
 [0.1000518  0.65646457 0.0174093  0.56897984 0.02038654 0.18095136
  0.74619256 0.89639772 0.         1.        ]
 [0.1000518  0.65646457 0.0174093  0.56897984 0.02038654 0.18095136
  0.74619256 0.89639772 0.         1.        ]
 [0.1000518  0.65646457 0.0174093  0.56897984 0.02038654 0.18095136
  0.74619256 0.89639772 0.         1.        ]
 [0.1000518  0.65646457 0.0174093  0.56897984 0.02038654 0.18095136
  0.74619256 0.89639772 0.         1.        ]
 [0.1000518  0.65646457 0.0174093  0.56897984 0.02038654 0.18095136
  0.74619256 0.89639772 0.         1.        ]
 [0.1000518  0.65646457 0.0174093  0.56897984 0.02038654 0.18095136
  0.74619256 0.89639772 0.         1.        ]]"
36,"[[0.         0.33450115 0.67343391 0.59618993 0.37430742 1.
  0.68770884 0.69366614 0.47557291 0.03338232]
 [0.         0.33450115 0.67343391 0.59618993 0.37430742 1.
  0.68770884 0.69366614 0.47557291 0.03338232]
 [0.         0.33450115 0.67343391 0.59618993 0.37430742 1.
  0.68770884 0.69366614 0.47557291 0.03338232]
 [0.         0.33450115 0.67343391 0.59618993 0.37430742 1.
  0.68770884 0.69366614 0.47557291 0.03338232]
 [0.         0.33450115 0.67343391 0.59618993 0.37430742 1.
  0.68770884 0.69366614 0.47557291 0.03338232]
 [0.         0.33450115 0.67343391 0.59618993 0.37430742 1.
  0.68770884 0.69366614 0.47557291 0.03338232]
 [0.         0.33450115 0.67343391 0.59618993 0.37430742 1.
  0.68770884 0.69366614 0.47557291 0.03338232]
 [0.         0.33450115 0.67343391 0.59618993 0.37430742 1.
  0.68770884 0.69366614 0.47557291 0.03338232]
 [0.         0.33450115 0.67343391 0.59618993 0.37430742 1.
  0.68770884 0.69366614 0.47557291 0.03338232]
 [0.         0.33450115 0.67343391 0.59618993 0.37430742 1.
  0.68770884 0.69366614 0.47557291 0.03338232]]"
37,"[[0.59917604 0.         1.         0.28633963 0.14048858 0.05599783
  0.89583508 0.88422727 0.6450257  0.28922329]
 [0.59917604 0.         1.         0.28633963 0.14048858 0.05599783
  0.89583508 0.88422727 0.6450257  0.28922329]
 [0.59917604 0.         1.         0.28633963 0.14048858 0.05599783
  0.89583508 0.88422727 0.6450257  0.28922329]
 [0.59917604 0.         1.         0.28633963 0.14048858 0.05599783
  0.89583508 0.88422727 0.6450257  0.28922329]
 [0.59917604 0.         1.         0.28633963 0.14048858 0.05599783
  0.89583508 0.88422727 0.6450257  0.28922329]
 [0.59917604 0.         1.         0.28633963 0.14048858 0.05599783
  0.89583508 0.88422727 0.6450257  0.28922329]
 [0.59917604 0.         1.         0.28633963 0.14048858 0.05599783
  0.89583508 0.88422727 0.6450257  0.28922329]
 [0.59917604 0.         1.         0.28633963 0.14048858 0.05599783
  0.89583508 0.88422727 0.6450257  0.28922329]
 [0.59917604 0.         1.         0.28633963 0.14048858 0.05599783
  0.89583508 0.88422727 0.6450257  0.28922329]
 [0.59917604 0.         1.         0.28633963 0.14048858 0.05599783
  0.89583508 0.88422727 0.6450257  0.28922329]]"
38,"[[0.         0.80378246 0.26760174 1.         0.88557929 0.10575244
  0.48910936 0.90230498 0.79461811 0.26266039]
 [0.         0.80378246 0.26760174 1.         0.88557929 0.10575244
  0.48910936 0.90230498 0.79461811 0.26266039]
 [0.         0.80378246 0.26760174 1.         0.88557929 0.10575244
  0.48910936 0.90230498 0.79461811 0.26266039]
 [0.         0.80378246 0.26760174 1.         0.88557929 0.10575244
  0.48910936 0.90230498 0.79461811 0.26266039]
 [0.         0.80378246 0.26760174 1.         0.88557929 0.10575244
  0.48910936 0.90230498 0.79461811 0.26266039]
 [0.         0.80378246 0.26760174 1.         0.88557929 0.10575244
  0.48910936 0.90230498 0.79461811 0.26266039]
 [0.         0.80378246 0.26760174 1.         0.88557929 0.10575244
  0.48910936 0.90230498 0.79461811 0.26266039]
 [0.         0.80378246 0.26760174 1.         0.88557929 0.10575244
  0.48910936 0.90230498 0.79461811 0.26266039]
 [0.         0.80378246 0.26760174 1.         0.88557929 0.10575244
  0.48910936 0.90230498 0.79461811 0.26266039]
 [0.         0.80378246 0.26760174 1.         0.88557929 0.10575244
  0.48910936 0.90230498 0.79461811 0.26266039]]"
39,"[[0.76979682 0.95381693 0.66340242 0.97653184 0.88133226 1.
  0.69089162 0.10361045 0.         0.32388004]
 [0.76979682 0.95381693 0.66340242 0.97653184 0.88133226 1.
  0.69089162 0.10361045 0.         0.32388004]
 [0.76979682 0.95381693 0.66340242 0.97653184 0.88133226 1.
  0.69089162 0.10361045 0.         0.32388004]
 [0.76979682 0.95381693 0.66340242 0.97653184 0.88133226 1.
  0.69089162 0.10361045 0.         0.32388004]
 [0.76979682 0.95381693 0.66340242 0.97653184 0.88133226 1.
  0.69089162 0.10361045 0.         0.32388004]
 [0.76979682 0.95381693 0.66340242 0.97653184 0.88133226 1.
  0.69089162 0.10361045 0.         0.32388004]
 [0.76979682 0.95381693 0.66340242 0.97653184 0.88133226 1.
  0.69089162 0.10361045 0.         0.32388004]
 [0.76979682 0.95381693 0.66340242 0.97653184 0.88133226 1.
  0.69089162 0.10361045 0.         0.32388004]
 [0.76979682 0.95381693 0.66340242 0.97653184 0.88133226 1.
  0.69089162 0.10361045 0.         0.32388004]
 [0.76979682 0.95381693 0.66340242 0.97653184 0.88133226 1.
  0.69089162 0.10361045 0.         0.32388004]]"
40,"[[0.72689163 0.70358644 0.99410653 0.5658421  0.9012535  0.4564888
  0.90800372 0.         0.69572082 1.        ]
 [0.72689163 0.70358644 0.99410653 0.5658421  0.9012535  0.4564888
  0.90800372 0.         0.69572082 1.        ]
 [0.72689163 0.70358644 0.99410653 0.5658421  0.9012535  0.4564888
  0.90800372 0.         0.69572082 1.        ]
 [0.72689163 0.70358644 0.99410653 0.5658421  0.9012535  0.4564888
  0.90800372 0.         0.69572082 1.        ]
 [0.72689163 0.70358644 0.99410653 0.5658421  0.9012535  0.4564888
  0.90800372 0.         0.69572082 1.        ]
 [0.72689163 0.70358644 0.99410653 0.5658421  0.9012535  0.4564888
  0.90800372 0.         0.69572082 1.        ]
 [0.72689163 0.70358644 0.99410653 0.5658421  0.9012535  0.4564888
  0.90800372 0.         0.69572082 1.        ]
 [0.72689163 0.70358644 0.99410653 0.5658421  0.9012535  0.4564888
  0.90800372 0.         0.69572082 1.        ]
 [0.72689163 0.70358644 0.99410653 0.5658421  0.9012535  0.4564888
  0.90800372 0.         0.69572082 1.        ]
 [0.72689163 0.70358644 0.99410653 0.5658421  0.9012535  0.4564888
  0.90800372 0.         0.69572082 1.        ]]"
41,"[[0.16954943 0.08170691 0.79483149 0.57659689 0.         0.82590549
  0.74775495 0.27757263 0.6651795  0.35394602 0.83732502 0.16702737
  1.         0.28323644 0.11053582]
 [0.16954943 0.08170691 0.79483149 0.57659689 0.         0.82590549
  0.74775495 0.27757263 0.6651795  0.35394602 0.83732502 0.16702737
  1.         0.28323644 0.11053582]
 [0.16954943 0.08170691 0.79483149 0.57659689 0.         0.82590549
  0.74775495 0.27757263 0.6651795  0.35394602 0.83732502 0.16702737
  1.         0.28323644 0.11053582]
 [0.16954943 0.08170691 0.79483149 0.57659689 0.         0.82590549
  0.74775495 0.27757263 0.6651795  0.35394602 0.83732502 0.16702737
  1.         0.28323644 0.11053582]
 [0.16954943 0.08170691 0.79483149 0.57659689 0.         0.82590549
  0.74775495 0.27757263 0.6651795  0.35394602 0.83732502 0.16702737
  1.         0.28323644 0.11053582]
 [0.16954943 0.08170691 0.79483149 0.57659689 0.         0.82590549
  0.74775495 0.27757263 0.6651795  0.35394602 0.83732502 0.16702737
  1.         0.28323644 0.11053582]
 [0.16954943 0.08170691 0.79483149 0.57659689 0.         0.82590549
  0.74775495 0.27757263 0.6651795  0.35394602 0.83732502 0.16702737
  1.         0.28323644 0.11053582]
 [0.16954943 0.08170691 0.79483149 0.57659689 0.         0.82590549
  0.74775495 0.27757263 0.6651795  0.35394602 0.83732502 0.16702737
  1.         0.28323644 0.11053582]
 [0.16954943 0.08170691 0.79483149 0.57659689 0.         0.82590549
  0.74775495 0.27757263 0.6651795  0.35394602 0.83732502 0.16702737
  1.         0.28323644 0.11053582]
 [0.16954943 0.08170691 0.79483149 0.57659689 0.         0.82590549
  0.74775495 0.27757263 0.6651795  0.35394602 0.83732502 0.16702737
  1.         0.28323644 0.11053582]
 [0.16954943 0.08170691 0.79483149 0.57659689 0.         0.82590549
  0.74775495 0.27757263 0.6651795  0.35394602 0.83732502 0.16702737
  1.         0.28323644 0.11053582]
 [0.16954943 0.08170691 0.79483149 0.57659689 0.         0.82590549
  0.74775495 0.27757263 0.6651795  0.35394602 0.83732502 0.16702737
  1.         0.28323644 0.11053582]
 [0.16954943 0.08170691 0.79483149 0.57659689 0.         0.82590549
  0.74775495 0.27757263 0.6651795  0.35394602 0.83732502 0.16702737
  1.         0.28323644 0.11053582]
 [0.16954943 0.08170691 0.79483149 0.57659689 0.         0.82590549
  0.74775495 0.27757263 0.6651795  0.35394602 0.83732502 0.16702737
  1.         0.28323644 0.11053582]
 [0.16954943 0.08170691 0.79483149 0.57659689 0.         0.82590549
  0.74775495 0.27757263 0.6651795  0.35394602 0.83732502 0.16702737
  1.         0.28323644 0.11053582]]"
42,"[[0.2616067  0.67374036 0.         0.97438169 1.         0.6436011
  0.71378492 0.17420841 0.06802531 0.80095761 0.54895073 0.79226289
  0.31691518 0.16284205 0.97764321]
 [0.2616067  0.67374036 0.         0.97438169 1.         0.6436011
  0.71378492 0.17420841 0.06802531 0.80095761 0.54895073 0.79226289
  0.31691518 0.16284205 0.97764321]
 [0.2616067  0.67374036 0.         0.97438169 1.         0.6436011
  0.71378492 0.17420841 0.06802531 0.80095761 0.54895073 0.79226289
  0.31691518 0.16284205 0.97764321]
 [0.2616067  0.67374036 0.         0.97438169 1.         0.6436011
  0.71378492 0.17420841 0.06802531 0.80095761 0.54895073 0.79226289
  0.31691518 0.16284205 0.97764321]
 [0.2616067  0.67374036 0.         0.97438169 1.         0.6436011
  0.71378492 0.17420841 0.06802531 0.80095761 0.54895073 0.79226289
  0.31691518 0.16284205 0.97764321]
 [0.2616067  0.67374036 0.         0.97438169 1.         0.6436011
  0.71378492 0.17420841 0.06802531 0.80095761 0.54895073 0.79226289
  0.31691518 0.16284205 0.97764321]
 [0.2616067  0.67374036 0.         0.97438169 1.         0.6436011
  0.71378492 0.17420841 0.06802531 0.80095761 0.54895073 0.79226289
  0.31691518 0.16284205 0.97764321]
 [0.2616067  0.67374036 0.         0.97438169 1.         0.6436011
  0.71378492 0.17420841 0.06802531 0.80095761 0.54895073 0.79226289
  0.31691518 0.16284205 0.97764321]
 [0.2616067  0.67374036 0.         0.97438169 1.         0.6436011
  0.71378492 0.17420841 0.06802531 0.80095761 0.54895073 0.79226289
  0.31691518 0.16284205 0.97764321]
 [0.2616067  0.67374036 0.         0.97438169 1.         0.6436011
  0.71378492 0.17420841 0.06802531 0.80095761 0.54895073 0.79226289
  0.31691518 0.16284205 0.97764321]
 [0.2616067  0.67374036 0.         0.97438169 1.         0.6436011
  0.71378492 0.17420841 0.06802531 0.80095761 0.54895073 0.79226289
  0.31691518 0.16284205 0.97764321]
 [0.2616067  0.67374036 0.         0.97438169 1.         0.6436011
  0.71378492 0.17420841 0.06802531 0.80095761 0.54895073 0.79226289
  0.31691518 0.16284205 0.97764321]
 [0.2616067  0.67374036 0.         0.97438169 1.         0.6436011
  0.71378492 0.17420841 0.06802531 0.80095761 0.54895073 0.79226289
  0.31691518 0.16284205 0.97764321]
 [0.2616067  0.67374036 0.         0.97438169 1.         0.6436011
  0.71378492 0.17420841 0.06802531 0.80095761 0.54895073 0.79226289
  0.31691518 0.16284205 0.97764321]
 [0.2616067  0.67374036 0.         0.97438169 1.         0.6436011
  0.71378492 0.17420841 0.06802531 0.80095761 0.54895073 0.79226289
  0.31691518 0.16284205 0.97764321]]"
43,"[[0.99054333 0.4304433  0.85064894 0.89410778 1.         0.53358663
  0.66475513 0.77103167 0.26444842 0.3061998  0.66222159 0.55416346
  0.39300588 0.32997179 0.        ]
 [0.99054333 0.4304433  0.85064894 0.89410778 1.         0.53358663
  0.66475513 0.77103167 0.26444842 0.3061998  0.66222159 0.55416346
  0.39300588 0.32997179 0.        ]
 [0.99054333 0.4304433  0.85064894 0.89410778 1.         0.53358663
  0.66475513 0.77103167 0.26444842 0.3061998  0.66222159 0.55416346
  0.39300588 0.32997179 0.        ]
 [0.99054333 0.4304433  0.85064894 0.89410778 1.         0.53358663
  0.66475513 0.77103167 0.26444842 0.3061998  0.66222159 0.55416346
  0.39300588 0.32997179 0.        ]
 [0.99054333 0.4304433  0.85064894 0.89410778 1.         0.53358663
  0.66475513 0.77103167 0.26444842 0.3061998  0.66222159 0.55416346
  0.39300588 0.32997179 0.        ]
 [0.99054333 0.4304433  0.85064894 0.89410778 1.         0.53358663
  0.66475513 0.77103167 0.26444842 0.3061998  0.66222159 0.55416346
  0.39300588 0.32997179 0.        ]
 [0.99054333 0.4304433  0.85064894 0.89410778 1.         0.53358663
  0.66475513 0.77103167 0.26444842 0.3061998  0.66222159 0.55416346
  0.39300588 0.32997179 0.        ]
 [0.99054333 0.4304433  0.85064894 0.89410778 1.         0.53358663
  0.66475513 0.77103167 0.26444842 0.3061998  0.66222159 0.55416346
  0.39300588 0.32997179 0.        ]
 [0.99054333 0.4304433  0.85064894 0.89410778 1.         0.53358663
  0.66475513 0.77103167 0.26444842 0.3061998  0.66222159 0.55416346
  0.39300588 0.32997179 0.        ]
 [0.99054333 0.4304433  0.85064894 0.89410778 1.         0.53358663
  0.66475513 0.77103167 0.26444842 0.3061998  0.66222159 0.55416346
  0.39300588 0.32997179 0.        ]
 [0.99054333 0.4304433  0.85064894 0.89410778 1.         0.53358663
  0.66475513 0.77103167 0.26444842 0.3061998  0.66222159 0.55416346
  0.39300588 0.32997179 0.        ]
 [0.99054333 0.4304433  0.85064894 0.89410778 1.         0.53358663
  0.66475513 0.77103167 0.26444842 0.3061998  0.66222159 0.55416346
  0.39300588 0.32997179 0.        ]
 [0.99054333 0.4304433  0.85064894 0.89410778 1.         0.53358663
  0.66475513 0.77103167 0.26444842 0.3061998  0.66222159 0.55416346
  0.39300588 0.32997179 0.        ]
 [0.99054333 0.4304433  0.85064894 0.89410778 1.         0.53358663
  0.66475513 0.77103167 0.26444842 0.3061998  0.66222159 0.55416346
  0.39300588 0.32997179 0.        ]
 [0.99054333 0.4304433  0.85064894 0.89410778 1.         0.53358663
  0.66475513 0.77103167 0.26444842 0.3061998  0.66222159 0.55416346
  0.39300588 0.32997179 0.        ]]"
44,"[[0.74429927 0.92890329 0.39528162 0.52661598 1.         0.00983474
  0.         0.66765006 0.57864527 0.68840827 0.67797669 0.06002599
  0.61812146 0.7462087  0.11454379]
 [0.74429927 0.92890329 0.39528162 0.52661598 1.         0.00983474
  0.         0.66765006 0.57864527 0.68840827 0.67797669 0.06002599
  0.61812146 0.7462087  0.11454379]
 [0.74429927 0.92890329 0.39528162 0.52661598 1.         0.00983474
  0.         0.66765006 0.57864527 0.68840827 0.67797669 0.06002599
  0.61812146 0.7462087  0.11454379]
 [0.74429927 0.92890329 0.39528162 0.52661598 1.         0.00983474
  0.         0.66765006 0.57864527 0.68840827 0.67797669 0.06002599
  0.61812146 0.7462087  0.11454379]
 [0.74429927 0.92890329 0.39528162 0.52661598 1.         0.00983474
  0.         0.66765006 0.57864527 0.68840827 0.67797669 0.06002599
  0.61812146 0.7462087  0.11454379]
 [0.74429927 0.92890329 0.39528162 0.52661598 1.         0.00983474
  0.         0.66765006 0.57864527 0.68840827 0.67797669 0.06002599
  0.61812146 0.7462087  0.11454379]
 [0.74429927 0.92890329 0.39528162 0.52661598 1.         0.00983474
  0.         0.66765006 0.57864527 0.68840827 0.67797669 0.06002599
  0.61812146 0.7462087  0.11454379]
 [0.74429927 0.92890329 0.39528162 0.52661598 1.         0.00983474
  0.         0.66765006 0.57864527 0.68840827 0.67797669 0.06002599
  0.61812146 0.7462087  0.11454379]
 [0.74429927 0.92890329 0.39528162 0.52661598 1.         0.00983474
  0.         0.66765006 0.57864527 0.68840827 0.67797669 0.06002599
  0.61812146 0.7462087  0.11454379]
 [0.74429927 0.92890329 0.39528162 0.52661598 1.         0.00983474
  0.         0.66765006 0.57864527 0.68840827 0.67797669 0.06002599
  0.61812146 0.7462087  0.11454379]
 [0.74429927 0.92890329 0.39528162 0.52661598 1.         0.00983474
  0.         0.66765006 0.57864527 0.68840827 0.67797669 0.06002599
  0.61812146 0.7462087  0.11454379]
 [0.74429927 0.92890329 0.39528162 0.52661598 1.         0.00983474
  0.         0.66765006 0.57864527 0.68840827 0.67797669 0.06002599
  0.61812146 0.7462087  0.11454379]
 [0.74429927 0.92890329 0.39528162 0.52661598 1.         0.00983474
  0.         0.66765006 0.57864527 0.68840827 0.67797669 0.06002599
  0.61812146 0.7462087  0.11454379]
 [0.74429927 0.92890329 0.39528162 0.52661598 1.         0.00983474
  0.         0.66765006 0.57864527 0.68840827 0.67797669 0.06002599
  0.61812146 0.7462087  0.11454379]
 [0.74429927 0.92890329 0.39528162 0.52661598 1.         0.00983474
  0.         0.66765006 0.57864527 0.68840827 0.67797669 0.06002599
  0.61812146 0.7462087  0.11454379]]"
45,"[[0.41473854 0.96209926 0.05700896 0.785662   0.31725389 0.35167391
  1.         0.         0.96050173 0.16667029 0.78825945 0.81046343
  0.44070156 0.67461673 0.53507584]
 [0.41473854 0.96209926 0.05700896 0.785662   0.31725389 0.35167391
  1.         0.         0.96050173 0.16667029 0.78825945 0.81046343
  0.44070156 0.67461673 0.53507584]
 [0.41473854 0.96209926 0.05700896 0.785662   0.31725389 0.35167391
  1.         0.         0.96050173 0.16667029 0.78825945 0.81046343
  0.44070156 0.67461673 0.53507584]
 [0.41473854 0.96209926 0.05700896 0.785662   0.31725389 0.35167391
  1.         0.         0.96050173 0.16667029 0.78825945 0.81046343
  0.44070156 0.67461673 0.53507584]
 [0.41473854 0.96209926 0.05700896 0.785662   0.31725389 0.35167391
  1.         0.         0.96050173 0.16667029 0.78825945 0.81046343
  0.44070156 0.67461673 0.53507584]
 [0.41473854 0.96209926 0.05700896 0.785662   0.31725389 0.35167391
  1.         0.         0.96050173 0.16667029 0.78825945 0.81046343
  0.44070156 0.67461673 0.53507584]
 [0.41473854 0.96209926 0.05700896 0.785662   0.31725389 0.35167391
  1.         0.         0.96050173 0.16667029 0.78825945 0.81046343
  0.44070156 0.67461673 0.53507584]
 [0.41473854 0.96209926 0.05700896 0.785662   0.31725389 0.35167391
  1.         0.         0.96050173 0.16667029 0.78825945 0.81046343
  0.44070156 0.67461673 0.53507584]
 [0.41473854 0.96209926 0.05700896 0.785662   0.31725389 0.35167391
  1.         0.         0.96050173 0.16667029 0.78825945 0.81046343
  0.44070156 0.67461673 0.53507584]
 [0.41473854 0.96209926 0.05700896 0.785662   0.31725389 0.35167391
  1.         0.         0.96050173 0.16667029 0.78825945 0.81046343
  0.44070156 0.67461673 0.53507584]
 [0.41473854 0.96209926 0.05700896 0.785662   0.31725389 0.35167391
  1.         0.         0.96050173 0.16667029 0.78825945 0.81046343
  0.44070156 0.67461673 0.53507584]
 [0.41473854 0.96209926 0.05700896 0.785662   0.31725389 0.35167391
  1.         0.         0.96050173 0.16667029 0.78825945 0.81046343
  0.44070156 0.67461673 0.53507584]
 [0.41473854 0.96209926 0.05700896 0.785662   0.31725389 0.35167391
  1.         0.         0.96050173 0.16667029 0.78825945 0.81046343
  0.44070156 0.67461673 0.53507584]
 [0.41473854 0.96209926 0.05700896 0.785662   0.31725389 0.35167391
  1.         0.         0.96050173 0.16667029 0.78825945 0.81046343
  0.44070156 0.67461673 0.53507584]
 [0.41473854 0.96209926 0.05700896 0.785662   0.31725389 0.35167391
  1.         0.         0.96050173 0.16667029 0.78825945 0.81046343
  0.44070156 0.67461673 0.53507584]]"
46,"[[1.         0.25699898 0.10173874 0.78641306 0.3974299  0.34778728
  0.         0.02764279 0.51259149 0.17259465 0.21717256 0.01728517
  0.74546719 0.16521328 0.44254851]
 [1.         0.25699898 0.10173874 0.78641306 0.3974299  0.34778728
  0.         0.02764279 0.51259149 0.17259465 0.21717256 0.01728517
  0.74546719 0.16521328 0.44254851]
 [1.         0.25699898 0.10173874 0.78641306 0.3974299  0.34778728
  0.         0.02764279 0.51259149 0.17259465 0.21717256 0.01728517
  0.74546719 0.16521328 0.44254851]
 [1.         0.25699898 0.10173874 0.78641306 0.3974299  0.34778728
  0.         0.02764279 0.51259149 0.17259465 0.21717256 0.01728517
  0.74546719 0.16521328 0.44254851]
 [1.         0.25699898 0.10173874 0.78641306 0.3974299  0.34778728
  0.         0.02764279 0.51259149 0.17259465 0.21717256 0.01728517
  0.74546719 0.16521328 0.44254851]
 [1.         0.25699898 0.10173874 0.78641306 0.3974299  0.34778728
  0.         0.02764279 0.51259149 0.17259465 0.21717256 0.01728517
  0.74546719 0.16521328 0.44254851]
 [1.         0.25699898 0.10173874 0.78641306 0.3974299  0.34778728
  0.         0.02764279 0.51259149 0.17259465 0.21717256 0.01728517
  0.74546719 0.16521328 0.44254851]
 [1.         0.25699898 0.10173874 0.78641306 0.3974299  0.34778728
  0.         0.02764279 0.51259149 0.17259465 0.21717256 0.01728517
  0.74546719 0.16521328 0.44254851]
 [1.         0.25699898 0.10173874 0.78641306 0.3974299  0.34778728
  0.         0.02764279 0.51259149 0.17259465 0.21717256 0.01728517
  0.74546719 0.16521328 0.44254851]
 [1.         0.25699898 0.10173874 0.78641306 0.3974299  0.34778728
  0.         0.02764279 0.51259149 0.17259465 0.21717256 0.01728517
  0.74546719 0.16521328 0.44254851]
 [1.         0.25699898 0.10173874 0.78641306 0.3974299  0.34778728
  0.         0.02764279 0.51259149 0.17259465 0.21717256 0.01728517
  0.74546719 0.16521328 0.44254851]
 [1.         0.25699898 0.10173874 0.78641306 0.3974299  0.34778728
  0.         0.02764279 0.51259149 0.17259465 0.21717256 0.01728517
  0.74546719 0.16521328 0.44254851]
 [1.         0.25699898 0.10173874 0.78641306 0.3974299  0.34778728
  0.         0.02764279 0.51259149 0.17259465 0.21717256 0.01728517
  0.74546719 0.16521328 0.44254851]
 [1.         0.25699898 0.10173874 0.78641306 0.3974299  0.34778728
  0.         0.02764279 0.51259149 0.17259465 0.21717256 0.01728517
  0.74546719 0.16521328 0.44254851]
 [1.         0.25699898 0.10173874 0.78641306 0.3974299  0.34778728
  0.         0.02764279 0.51259149 0.17259465 0.21717256 0.01728517
  0.74546719 0.16521328 0.44254851]]"
47,"[[0.51973317 0.60896697 0.7397425  0.34539548 0.25975927 0.6908808
  0.39378058 0.66237269 0.53879469 0.         0.37880826 0.58609857
  0.17343325 1.         0.50978217]
 [0.51973317 0.60896697 0.7397425  0.34539548 0.25975927 0.6908808
  0.39378058 0.66237269 0.53879469 0.         0.37880826 0.58609857
  0.17343325 1.         0.50978217]
 [0.51973317 0.60896697 0.7397425  0.34539548 0.25975927 0.6908808
  0.39378058 0.66237269 0.53879469 0.         0.37880826 0.58609857
  0.17343325 1.         0.50978217]
 [0.51973317 0.60896697 0.7397425  0.34539548 0.25975927 0.6908808
  0.39378058 0.66237269 0.53879469 0.         0.37880826 0.58609857
  0.17343325 1.         0.50978217]
 [0.51973317 0.60896697 0.7397425  0.34539548 0.25975927 0.6908808
  0.39378058 0.66237269 0.53879469 0.         0.37880826 0.58609857
  0.17343325 1.         0.50978217]
 [0.51973317 0.60896697 0.7397425  0.34539548 0.25975927 0.6908808
  0.39378058 0.66237269 0.53879469 0.         0.37880826 0.58609857
  0.17343325 1.         0.50978217]
 [0.51973317 0.60896697 0.7397425  0.34539548 0.25975927 0.6908808
  0.39378058 0.66237269 0.53879469 0.         0.37880826 0.58609857
  0.17343325 1.         0.50978217]
 [0.51973317 0.60896697 0.7397425  0.34539548 0.25975927 0.6908808
  0.39378058 0.66237269 0.53879469 0.         0.37880826 0.58609857
  0.17343325 1.         0.50978217]
 [0.51973317 0.60896697 0.7397425  0.34539548 0.25975927 0.6908808
  0.39378058 0.66237269 0.53879469 0.         0.37880826 0.58609857
  0.17343325 1.         0.50978217]
 [0.51973317 0.60896697 0.7397425  0.34539548 0.25975927 0.6908808
  0.39378058 0.66237269 0.53879469 0.         0.37880826 0.58609857
  0.17343325 1.         0.50978217]
 [0.51973317 0.60896697 0.7397425  0.34539548 0.25975927 0.6908808
  0.39378058 0.66237269 0.53879469 0.         0.37880826 0.58609857
  0.17343325 1.         0.50978217]
 [0.51973317 0.60896697 0.7397425  0.34539548 0.25975927 0.6908808
  0.39378058 0.66237269 0.53879469 0.         0.37880826 0.58609857
  0.17343325 1.         0.50978217]
 [0.51973317 0.60896697 0.7397425  0.34539548 0.25975927 0.6908808
  0.39378058 0.66237269 0.53879469 0.         0.37880826 0.58609857
  0.17343325 1.         0.50978217]
 [0.51973317 0.60896697 0.7397425  0.34539548 0.25975927 0.6908808
  0.39378058 0.66237269 0.53879469 0.         0.37880826 0.58609857
  0.17343325 1.         0.50978217]
 [0.51973317 0.60896697 0.7397425  0.34539548 0.25975927 0.6908808
  0.39378058 0.66237269 0.53879469 0.         0.37880826 0.58609857
  0.17343325 1.         0.50978217]]"
48,"[[0.34839605 0.45965368 0.92750184 0.58407841 0.16504997 0.31411867
  0.8134376  0.         1.         0.19902732 0.43257928 0.67168145
  0.75924019 0.42941683 0.05393525]
 [0.34839605 0.45965368 0.92750184 0.58407841 0.16504997 0.31411867
  0.8134376  0.         1.         0.19902732 0.43257928 0.67168145
  0.75924019 0.42941683 0.05393525]
 [0.34839605 0.45965368 0.92750184 0.58407841 0.16504997 0.31411867
  0.8134376  0.         1.         0.19902732 0.43257928 0.67168145
  0.75924019 0.42941683 0.05393525]
 [0.34839605 0.45965368 0.92750184 0.58407841 0.16504997 0.31411867
  0.8134376  0.         1.         0.19902732 0.43257928 0.67168145
  0.75924019 0.42941683 0.05393525]
 [0.34839605 0.45965368 0.92750184 0.58407841 0.16504997 0.31411867
  0.8134376  0.         1.         0.19902732 0.43257928 0.67168145
  0.75924019 0.42941683 0.05393525]
 [0.34839605 0.45965368 0.92750184 0.58407841 0.16504997 0.31411867
  0.8134376  0.         1.         0.19902732 0.43257928 0.67168145
  0.75924019 0.42941683 0.05393525]
 [0.34839605 0.45965368 0.92750184 0.58407841 0.16504997 0.31411867
  0.8134376  0.         1.         0.19902732 0.43257928 0.67168145
  0.75924019 0.42941683 0.05393525]
 [0.34839605 0.45965368 0.92750184 0.58407841 0.16504997 0.31411867
  0.8134376  0.         1.         0.19902732 0.43257928 0.67168145
  0.75924019 0.42941683 0.05393525]
 [0.34839605 0.45965368 0.92750184 0.58407841 0.16504997 0.31411867
  0.8134376  0.         1.         0.19902732 0.43257928 0.67168145
  0.75924019 0.42941683 0.05393525]
 [0.34839605 0.45965368 0.92750184 0.58407841 0.16504997 0.31411867
  0.8134376  0.         1.         0.19902732 0.43257928 0.67168145
  0.75924019 0.42941683 0.05393525]
 [0.34839605 0.45965368 0.92750184 0.58407841 0.16504997 0.31411867
  0.8134376  0.         1.         0.19902732 0.43257928 0.67168145
  0.75924019 0.42941683 0.05393525]
 [0.34839605 0.45965368 0.92750184 0.58407841 0.16504997 0.31411867
  0.8134376  0.         1.         0.19902732 0.43257928 0.67168145
  0.75924019 0.42941683 0.05393525]
 [0.34839605 0.45965368 0.92750184 0.58407841 0.16504997 0.31411867
  0.8134376  0.         1.         0.19902732 0.43257928 0.67168145
  0.75924019 0.42941683 0.05393525]
 [0.34839605 0.45965368 0.92750184 0.58407841 0.16504997 0.31411867
  0.8134376  0.         1.         0.19902732 0.43257928 0.67168145
  0.75924019 0.42941683 0.05393525]
 [0.34839605 0.45965368 0.92750184 0.58407841 0.16504997 0.31411867
  0.8134376  0.         1.         0.19902732 0.43257928 0.67168145
  0.75924019 0.42941683 0.05393525]]"
49,"[[0.61078496 0.90642062 0.507367   0.         0.94400124 0.31261069
  0.08627452 0.64383108 1.         0.61811919 0.39419377 0.07919741
  0.64204389 0.62009926 0.16826583]
 [0.61078496 0.90642062 0.507367   0.         0.94400124 0.31261069
  0.08627452 0.64383108 1.         0.61811919 0.39419377 0.07919741
  0.64204389 0.62009926 0.16826583]
 [0.61078496 0.90642062 0.507367   0.         0.94400124 0.31261069
  0.08627452 0.64383108 1.         0.61811919 0.39419377 0.07919741
  0.64204389 0.62009926 0.16826583]
 [0.61078496 0.90642062 0.507367   0.         0.94400124 0.31261069
  0.08627452 0.64383108 1.         0.61811919 0.39419377 0.07919741
  0.64204389 0.62009926 0.16826583]
 [0.61078496 0.90642062 0.507367   0.         0.94400124 0.31261069
  0.08627452 0.64383108 1.         0.61811919 0.39419377 0.07919741
  0.64204389 0.62009926 0.16826583]
 [0.61078496 0.90642062 0.507367   0.         0.94400124 0.31261069
  0.08627452 0.64383108 1.         0.61811919 0.39419377 0.07919741
  0.64204389 0.62009926 0.16826583]
 [0.61078496 0.90642062 0.507367   0.         0.94400124 0.31261069
  0.08627452 0.64383108 1.         0.61811919 0.39419377 0.07919741
  0.64204389 0.62009926 0.16826583]
 [0.61078496 0.90642062 0.507367   0.         0.94400124 0.31261069
  0.08627452 0.64383108 1.         0.61811919 0.39419377 0.07919741
  0.64204389 0.62009926 0.16826583]
 [0.61078496 0.90642062 0.507367   0.         0.94400124 0.31261069
  0.08627452 0.64383108 1.         0.61811919 0.39419377 0.07919741
  0.64204389 0.62009926 0.16826583]
 [0.61078496 0.90642062 0.507367   0.         0.94400124 0.31261069
  0.08627452 0.64383108 1.         0.61811919 0.39419377 0.07919741
  0.64204389 0.62009926 0.16826583]
 [0.61078496 0.90642062 0.507367   0.         0.94400124 0.31261069
  0.08627452 0.64383108 1.         0.61811919 0.39419377 0.07919741
  0.64204389 0.62009926 0.16826583]
 [0.61078496 0.90642062 0.507367   0.         0.94400124 0.31261069
  0.08627452 0.64383108 1.         0.61811919 0.39419377 0.07919741
  0.64204389 0.62009926 0.16826583]
 [0.61078496 0.90642062 0.507367   0.         0.94400124 0.31261069
  0.08627452 0.64383108 1.         0.61811919 0.39419377 0.07919741
  0.64204389 0.62009926 0.16826583]
 [0.61078496 0.90642062 0.507367   0.         0.94400124 0.31261069
  0.08627452 0.64383108 1.         0.61811919 0.39419377 0.07919741
  0.64204389 0.62009926 0.16826583]
 [0.61078496 0.90642062 0.507367   0.         0.94400124 0.31261069
  0.08627452 0.64383108 1.         0.61811919 0.39419377 0.07919741
  0.64204389 0.62009926 0.16826583]]"
50,"[[0.79834976 0.97076937 0.19056423 0.37819409 0.32074171 0.87050742
  0.46036531 0.71386223 0.23866852 1.         0.03194051 0.54785359
  0.87602177 0.78376262 0.        ]
 [0.79834976 0.97076937 0.19056423 0.37819409 0.32074171 0.87050742
  0.46036531 0.71386223 0.23866852 1.         0.03194051 0.54785359
  0.87602177 0.78376262 0.        ]
 [0.79834976 0.97076937 0.19056423 0.37819409 0.32074171 0.87050742
  0.46036531 0.71386223 0.23866852 1.         0.03194051 0.54785359
  0.87602177 0.78376262 0.        ]
 [0.79834976 0.97076937 0.19056423 0.37819409 0.32074171 0.87050742
  0.46036531 0.71386223 0.23866852 1.         0.03194051 0.54785359
  0.87602177 0.78376262 0.        ]
 [0.79834976 0.97076937 0.19056423 0.37819409 0.32074171 0.87050742
  0.46036531 0.71386223 0.23866852 1.         0.03194051 0.54785359
  0.87602177 0.78376262 0.        ]
 [0.79834976 0.97076937 0.19056423 0.37819409 0.32074171 0.87050742
  0.46036531 0.71386223 0.23866852 1.         0.03194051 0.54785359
  0.87602177 0.78376262 0.        ]
 [0.79834976 0.97076937 0.19056423 0.37819409 0.32074171 0.87050742
  0.46036531 0.71386223 0.23866852 1.         0.03194051 0.54785359
  0.87602177 0.78376262 0.        ]
 [0.79834976 0.97076937 0.19056423 0.37819409 0.32074171 0.87050742
  0.46036531 0.71386223 0.23866852 1.         0.03194051 0.54785359
  0.87602177 0.78376262 0.        ]
 [0.79834976 0.97076937 0.19056423 0.37819409 0.32074171 0.87050742
  0.46036531 0.71386223 0.23866852 1.         0.03194051 0.54785359
  0.87602177 0.78376262 0.        ]
 [0.79834976 0.97076937 0.19056423 0.37819409 0.32074171 0.87050742
  0.46036531 0.71386223 0.23866852 1.         0.03194051 0.54785359
  0.87602177 0.78376262 0.        ]
 [0.79834976 0.97076937 0.19056423 0.37819409 0.32074171 0.87050742
  0.46036531 0.71386223 0.23866852 1.         0.03194051 0.54785359
  0.87602177 0.78376262 0.        ]
 [0.79834976 0.97076937 0.19056423 0.37819409 0.32074171 0.87050742
  0.46036531 0.71386223 0.23866852 1.         0.03194051 0.54785359
  0.87602177 0.78376262 0.        ]
 [0.79834976 0.97076937 0.19056423 0.37819409 0.32074171 0.87050742
  0.46036531 0.71386223 0.23866852 1.         0.03194051 0.54785359
  0.87602177 0.78376262 0.        ]
 [0.79834976 0.97076937 0.19056423 0.37819409 0.32074171 0.87050742
  0.46036531 0.71386223 0.23866852 1.         0.03194051 0.54785359
  0.87602177 0.78376262 0.        ]
 [0.79834976 0.97076937 0.19056423 0.37819409 0.32074171 0.87050742
  0.46036531 0.71386223 0.23866852 1.         0.03194051 0.54785359
  0.87602177 0.78376262 0.        ]]"
51,"[[0.86399619 0.83140003 0.09459379 0.26920907 0.         0.03018647
  0.69227088 0.10592856 1.         0.3625254  0.46385871 0.61233991
  0.35931323 0.88876912 0.81589141]
 [0.86399619 0.83140003 0.09459379 0.26920907 0.         0.03018647
  0.69227088 0.10592856 1.         0.3625254  0.46385871 0.61233991
  0.35931323 0.88876912 0.81589141]
 [0.86399619 0.83140003 0.09459379 0.26920907 0.         0.03018647
  0.69227088 0.10592856 1.         0.3625254  0.46385871 0.61233991
  0.35931323 0.88876912 0.81589141]
 [0.86399619 0.83140003 0.09459379 0.26920907 0.         0.03018647
  0.69227088 0.10592856 1.         0.3625254  0.46385871 0.61233991
  0.35931323 0.88876912 0.81589141]
 [0.86399619 0.83140003 0.09459379 0.26920907 0.         0.03018647
  0.69227088 0.10592856 1.         0.3625254  0.46385871 0.61233991
  0.35931323 0.88876912 0.81589141]
 [0.86399619 0.83140003 0.09459379 0.26920907 0.         0.03018647
  0.69227088 0.10592856 1.         0.3625254  0.46385871 0.61233991
  0.35931323 0.88876912 0.81589141]
 [0.86399619 0.83140003 0.09459379 0.26920907 0.         0.03018647
  0.69227088 0.10592856 1.         0.3625254  0.46385871 0.61233991
  0.35931323 0.88876912 0.81589141]
 [0.86399619 0.83140003 0.09459379 0.26920907 0.         0.03018647
  0.69227088 0.10592856 1.         0.3625254  0.46385871 0.61233991
  0.35931323 0.88876912 0.81589141]
 [0.86399619 0.83140003 0.09459379 0.26920907 0.         0.03018647
  0.69227088 0.10592856 1.         0.3625254  0.46385871 0.61233991
  0.35931323 0.88876912 0.81589141]
 [0.86399619 0.83140003 0.09459379 0.26920907 0.         0.03018647
  0.69227088 0.10592856 1.         0.3625254  0.46385871 0.61233991
  0.35931323 0.88876912 0.81589141]
 [0.86399619 0.83140003 0.09459379 0.26920907 0.         0.03018647
  0.69227088 0.10592856 1.         0.3625254  0.46385871 0.61233991
  0.35931323 0.88876912 0.81589141]
 [0.86399619 0.83140003 0.09459379 0.26920907 0.         0.03018647
  0.69227088 0.10592856 1.         0.3625254  0.46385871 0.61233991
  0.35931323 0.88876912 0.81589141]
 [0.86399619 0.83140003 0.09459379 0.26920907 0.         0.03018647
  0.69227088 0.10592856 1.         0.3625254  0.46385871 0.61233991
  0.35931323 0.88876912 0.81589141]
 [0.86399619 0.83140003 0.09459379 0.26920907 0.         0.03018647
  0.69227088 0.10592856 1.         0.3625254  0.46385871 0.61233991
  0.35931323 0.88876912 0.81589141]
 [0.86399619 0.83140003 0.09459379 0.26920907 0.         0.03018647
  0.69227088 0.10592856 1.         0.3625254  0.46385871 0.61233991
  0.35931323 0.88876912 0.81589141]]"
52,"[[0.8974187  1.         0.80591814 0.60211741 0.         0.60714378
  0.61993753 0.17896794 0.89307854 0.17796277 0.42074512 0.42665976
  0.25586257 0.46368543 0.42001776]
 [0.8974187  1.         0.80591814 0.60211741 0.         0.60714378
  0.61993753 0.17896794 0.89307854 0.17796277 0.42074512 0.42665976
  0.25586257 0.46368543 0.42001776]
 [0.8974187  1.         0.80591814 0.60211741 0.         0.60714378
  0.61993753 0.17896794 0.89307854 0.17796277 0.42074512 0.42665976
  0.25586257 0.46368543 0.42001776]
 [0.8974187  1.         0.80591814 0.60211741 0.         0.60714378
  0.61993753 0.17896794 0.89307854 0.17796277 0.42074512 0.42665976
  0.25586257 0.46368543 0.42001776]
 [0.8974187  1.         0.80591814 0.60211741 0.         0.60714378
  0.61993753 0.17896794 0.89307854 0.17796277 0.42074512 0.42665976
  0.25586257 0.46368543 0.42001776]
 [0.8974187  1.         0.80591814 0.60211741 0.         0.60714378
  0.61993753 0.17896794 0.89307854 0.17796277 0.42074512 0.42665976
  0.25586257 0.46368543 0.42001776]
 [0.8974187  1.         0.80591814 0.60211741 0.         0.60714378
  0.61993753 0.17896794 0.89307854 0.17796277 0.42074512 0.42665976
  0.25586257 0.46368543 0.42001776]
 [0.8974187  1.         0.80591814 0.60211741 0.         0.60714378
  0.61993753 0.17896794 0.89307854 0.17796277 0.42074512 0.42665976
  0.25586257 0.46368543 0.42001776]
 [0.8974187  1.         0.80591814 0.60211741 0.         0.60714378
  0.61993753 0.17896794 0.89307854 0.17796277 0.42074512 0.42665976
  0.25586257 0.46368543 0.42001776]
 [0.8974187  1.         0.80591814 0.60211741 0.         0.60714378
  0.61993753 0.17896794 0.89307854 0.17796277 0.42074512 0.42665976
  0.25586257 0.46368543 0.42001776]
 [0.8974187  1.         0.80591814 0.60211741 0.         0.60714378
  0.61993753 0.17896794 0.89307854 0.17796277 0.42074512 0.42665976
  0.25586257 0.46368543 0.42001776]
 [0.8974187  1.         0.80591814 0.60211741 0.         0.60714378
  0.61993753 0.17896794 0.89307854 0.17796277 0.42074512 0.42665976
  0.25586257 0.46368543 0.42001776]
 [0.8974187  1.         0.80591814 0.60211741 0.         0.60714378
  0.61993753 0.17896794 0.89307854 0.17796277 0.42074512 0.42665976
  0.25586257 0.46368543 0.42001776]
 [0.8974187  1.         0.80591814 0.60211741 0.         0.60714378
  0.61993753 0.17896794 0.89307854 0.17796277 0.42074512 0.42665976
  0.25586257 0.46368543 0.42001776]
 [0.8974187  1.         0.80591814 0.60211741 0.         0.60714378
  0.61993753 0.17896794 0.89307854 0.17796277 0.42074512 0.42665976
  0.25586257 0.46368543 0.42001776]]"
53,"[[0.43144042 0.11074794 1.         0.14751733 0.33217191 0.19571527
  0.         0.09196019 0.12256291 0.9338841  0.17410789 0.90109852
  0.53558029 0.13932968 0.21262652]
 [0.43144042 0.11074794 1.         0.14751733 0.33217191 0.19571527
  0.         0.09196019 0.12256291 0.9338841  0.17410789 0.90109852
  0.53558029 0.13932968 0.21262652]
 [0.43144042 0.11074794 1.         0.14751733 0.33217191 0.19571527
  0.         0.09196019 0.12256291 0.9338841  0.17410789 0.90109852
  0.53558029 0.13932968 0.21262652]
 [0.43144042 0.11074794 1.         0.14751733 0.33217191 0.19571527
  0.         0.09196019 0.12256291 0.9338841  0.17410789 0.90109852
  0.53558029 0.13932968 0.21262652]
 [0.43144042 0.11074794 1.         0.14751733 0.33217191 0.19571527
  0.         0.09196019 0.12256291 0.9338841  0.17410789 0.90109852
  0.53558029 0.13932968 0.21262652]
 [0.43144042 0.11074794 1.         0.14751733 0.33217191 0.19571527
  0.         0.09196019 0.12256291 0.9338841  0.17410789 0.90109852
  0.53558029 0.13932968 0.21262652]
 [0.43144042 0.11074794 1.         0.14751733 0.33217191 0.19571527
  0.         0.09196019 0.12256291 0.9338841  0.17410789 0.90109852
  0.53558029 0.13932968 0.21262652]
 [0.43144042 0.11074794 1.         0.14751733 0.33217191 0.19571527
  0.         0.09196019 0.12256291 0.9338841  0.17410789 0.90109852
  0.53558029 0.13932968 0.21262652]
 [0.43144042 0.11074794 1.         0.14751733 0.33217191 0.19571527
  0.         0.09196019 0.12256291 0.9338841  0.17410789 0.90109852
  0.53558029 0.13932968 0.21262652]
 [0.43144042 0.11074794 1.         0.14751733 0.33217191 0.19571527
  0.         0.09196019 0.12256291 0.9338841  0.17410789 0.90109852
  0.53558029 0.13932968 0.21262652]
 [0.43144042 0.11074794 1.         0.14751733 0.33217191 0.19571527
  0.         0.09196019 0.12256291 0.9338841  0.17410789 0.90109852
  0.53558029 0.13932968 0.21262652]
 [0.43144042 0.11074794 1.         0.14751733 0.33217191 0.19571527
  0.         0.09196019 0.12256291 0.9338841  0.17410789 0.90109852
  0.53558029 0.13932968 0.21262652]
 [0.43144042 0.11074794 1.         0.14751733 0.33217191 0.19571527
  0.         0.09196019 0.12256291 0.9338841  0.17410789 0.90109852
  0.53558029 0.13932968 0.21262652]
 [0.43144042 0.11074794 1.         0.14751733 0.33217191 0.19571527
  0.         0.09196019 0.12256291 0.9338841  0.17410789 0.90109852
  0.53558029 0.13932968 0.21262652]
 [0.43144042 0.11074794 1.         0.14751733 0.33217191 0.19571527
  0.         0.09196019 0.12256291 0.9338841  0.17410789 0.90109852
  0.53558029 0.13932968 0.21262652]]"
54,"[[1.         0.68389632 0.         0.86164035 0.5106329  0.31815659
  0.80033631 0.80672047 0.31451595 0.19544145 0.23487711 0.12660239
  0.82459551 0.79387074 0.56608055]
 [1.         0.68389632 0.         0.86164035 0.5106329  0.31815659
  0.80033631 0.80672047 0.31451595 0.19544145 0.23487711 0.12660239
  0.82459551 0.79387074 0.56608055]
 [1.         0.68389632 0.         0.86164035 0.5106329  0.31815659
  0.80033631 0.80672047 0.31451595 0.19544145 0.23487711 0.12660239
  0.82459551 0.79387074 0.56608055]
 [1.         0.68389632 0.         0.86164035 0.5106329  0.31815659
  0.80033631 0.80672047 0.31451595 0.19544145 0.23487711 0.12660239
  0.82459551 0.79387074 0.56608055]
 [1.         0.68389632 0.         0.86164035 0.5106329  0.31815659
  0.80033631 0.80672047 0.31451595 0.19544145 0.23487711 0.12660239
  0.82459551 0.79387074 0.56608055]
 [1.         0.68389632 0.         0.86164035 0.5106329  0.31815659
  0.80033631 0.80672047 0.31451595 0.19544145 0.23487711 0.12660239
  0.82459551 0.79387074 0.56608055]
 [1.         0.68389632 0.         0.86164035 0.5106329  0.31815659
  0.80033631 0.80672047 0.31451595 0.19544145 0.23487711 0.12660239
  0.82459551 0.79387074 0.56608055]
 [1.         0.68389632 0.         0.86164035 0.5106329  0.31815659
  0.80033631 0.80672047 0.31451595 0.19544145 0.23487711 0.12660239
  0.82459551 0.79387074 0.56608055]
 [1.         0.68389632 0.         0.86164035 0.5106329  0.31815659
  0.80033631 0.80672047 0.31451595 0.19544145 0.23487711 0.12660239
  0.82459551 0.79387074 0.56608055]
 [1.         0.68389632 0.         0.86164035 0.5106329  0.31815659
  0.80033631 0.80672047 0.31451595 0.19544145 0.23487711 0.12660239
  0.82459551 0.79387074 0.56608055]
 [1.         0.68389632 0.         0.86164035 0.5106329  0.31815659
  0.80033631 0.80672047 0.31451595 0.19544145 0.23487711 0.12660239
  0.82459551 0.79387074 0.56608055]
 [1.         0.68389632 0.         0.86164035 0.5106329  0.31815659
  0.80033631 0.80672047 0.31451595 0.19544145 0.23487711 0.12660239
  0.82459551 0.79387074 0.56608055]
 [1.         0.68389632 0.         0.86164035 0.5106329  0.31815659
  0.80033631 0.80672047 0.31451595 0.19544145 0.23487711 0.12660239
  0.82459551 0.79387074 0.56608055]
 [1.         0.68389632 0.         0.86164035 0.5106329  0.31815659
  0.80033631 0.80672047 0.31451595 0.19544145 0.23487711 0.12660239
  0.82459551 0.79387074 0.56608055]
 [1.         0.68389632 0.         0.86164035 0.5106329  0.31815659
  0.80033631 0.80672047 0.31451595 0.19544145 0.23487711 0.12660239
  0.82459551 0.79387074 0.56608055]]"
55,"[[0.15610795 0.41442039 0.         0.8424497  0.2966025  1.
  0.01248363 0.22920196 0.37684826 0.41529017 0.47018452 0.82451467
  0.1211696  0.602384   0.90814485]
 [0.15610795 0.41442039 0.         0.8424497  0.2966025  1.
  0.01248363 0.22920196 0.37684826 0.41529017 0.47018452 0.82451467
  0.1211696  0.602384   0.90814485]
 [0.15610795 0.41442039 0.         0.8424497  0.2966025  1.
  0.01248363 0.22920196 0.37684826 0.41529017 0.47018452 0.82451467
  0.1211696  0.602384   0.90814485]
 [0.15610795 0.41442039 0.         0.8424497  0.2966025  1.
  0.01248363 0.22920196 0.37684826 0.41529017 0.47018452 0.82451467
  0.1211696  0.602384   0.90814485]
 [0.15610795 0.41442039 0.         0.8424497  0.2966025  1.
  0.01248363 0.22920196 0.37684826 0.41529017 0.47018452 0.82451467
  0.1211696  0.602384   0.90814485]
 [0.15610795 0.41442039 0.         0.8424497  0.2966025  1.
  0.01248363 0.22920196 0.37684826 0.41529017 0.47018452 0.82451467
  0.1211696  0.602384   0.90814485]
 [0.15610795 0.41442039 0.         0.8424497  0.2966025  1.
  0.01248363 0.22920196 0.37684826 0.41529017 0.47018452 0.82451467
  0.1211696  0.602384   0.90814485]
 [0.15610795 0.41442039 0.         0.8424497  0.2966025  1.
  0.01248363 0.22920196 0.37684826 0.41529017 0.47018452 0.82451467
  0.1211696  0.602384   0.90814485]
 [0.15610795 0.41442039 0.         0.8424497  0.2966025  1.
  0.01248363 0.22920196 0.37684826 0.41529017 0.47018452 0.82451467
  0.1211696  0.602384   0.90814485]
 [0.15610795 0.41442039 0.         0.8424497  0.2966025  1.
  0.01248363 0.22920196 0.37684826 0.41529017 0.47018452 0.82451467
  0.1211696  0.602384   0.90814485]
 [0.15610795 0.41442039 0.         0.8424497  0.2966025  1.
  0.01248363 0.22920196 0.37684826 0.41529017 0.47018452 0.82451467
  0.1211696  0.602384   0.90814485]
 [0.15610795 0.41442039 0.         0.8424497  0.2966025  1.
  0.01248363 0.22920196 0.37684826 0.41529017 0.47018452 0.82451467
  0.1211696  0.602384   0.90814485]
 [0.15610795 0.41442039 0.         0.8424497  0.2966025  1.
  0.01248363 0.22920196 0.37684826 0.41529017 0.47018452 0.82451467
  0.1211696  0.602384   0.90814485]
 [0.15610795 0.41442039 0.         0.8424497  0.2966025  1.
  0.01248363 0.22920196 0.37684826 0.41529017 0.47018452 0.82451467
  0.1211696  0.602384   0.90814485]
 [0.15610795 0.41442039 0.         0.8424497  0.2966025  1.
  0.01248363 0.22920196 0.37684826 0.41529017 0.47018452 0.82451467
  0.1211696  0.602384   0.90814485]]"
56,"[[0.41042615 0.58455212 0.72615099 0.88361945 0.57795575 0.25061807
  1.         0.42684392 0.7853627  0.         0.77159352 0.59546991
  0.15140122 0.67565986 0.89864051]
 [0.41042615 0.58455212 0.72615099 0.88361945 0.57795575 0.25061807
  1.         0.42684392 0.7853627  0.         0.77159352 0.59546991
  0.15140122 0.67565986 0.89864051]
 [0.41042615 0.58455212 0.72615099 0.88361945 0.57795575 0.25061807
  1.         0.42684392 0.7853627  0.         0.77159352 0.59546991
  0.15140122 0.67565986 0.89864051]
 [0.41042615 0.58455212 0.72615099 0.88361945 0.57795575 0.25061807
  1.         0.42684392 0.7853627  0.         0.77159352 0.59546991
  0.15140122 0.67565986 0.89864051]
 [0.41042615 0.58455212 0.72615099 0.88361945 0.57795575 0.25061807
  1.         0.42684392 0.7853627  0.         0.77159352 0.59546991
  0.15140122 0.67565986 0.89864051]
 [0.41042615 0.58455212 0.72615099 0.88361945 0.57795575 0.25061807
  1.         0.42684392 0.7853627  0.         0.77159352 0.59546991
  0.15140122 0.67565986 0.89864051]
 [0.41042615 0.58455212 0.72615099 0.88361945 0.57795575 0.25061807
  1.         0.42684392 0.7853627  0.         0.77159352 0.59546991
  0.15140122 0.67565986 0.89864051]
 [0.41042615 0.58455212 0.72615099 0.88361945 0.57795575 0.25061807
  1.         0.42684392 0.7853627  0.         0.77159352 0.59546991
  0.15140122 0.67565986 0.89864051]
 [0.41042615 0.58455212 0.72615099 0.88361945 0.57795575 0.25061807
  1.         0.42684392 0.7853627  0.         0.77159352 0.59546991
  0.15140122 0.67565986 0.89864051]
 [0.41042615 0.58455212 0.72615099 0.88361945 0.57795575 0.25061807
  1.         0.42684392 0.7853627  0.         0.77159352 0.59546991
  0.15140122 0.67565986 0.89864051]
 [0.41042615 0.58455212 0.72615099 0.88361945 0.57795575 0.25061807
  1.         0.42684392 0.7853627  0.         0.77159352 0.59546991
  0.15140122 0.67565986 0.89864051]
 [0.41042615 0.58455212 0.72615099 0.88361945 0.57795575 0.25061807
  1.         0.42684392 0.7853627  0.         0.77159352 0.59546991
  0.15140122 0.67565986 0.89864051]
 [0.41042615 0.58455212 0.72615099 0.88361945 0.57795575 0.25061807
  1.         0.42684392 0.7853627  0.         0.77159352 0.59546991
  0.15140122 0.67565986 0.89864051]
 [0.41042615 0.58455212 0.72615099 0.88361945 0.57795575 0.25061807
  1.         0.42684392 0.7853627  0.         0.77159352 0.59546991
  0.15140122 0.67565986 0.89864051]
 [0.41042615 0.58455212 0.72615099 0.88361945 0.57795575 0.25061807
  1.         0.42684392 0.7853627  0.         0.77159352 0.59546991
  0.15140122 0.67565986 0.89864051]]"
57,"[[0.36020252 0.81555619 0.3352198  0.         0.3539712  0.62588931
  0.0061859  0.26199629 0.69258114 0.66286811 0.30088652 1.
  0.42005314 0.90200958 0.16304928]
 [0.36020252 0.81555619 0.3352198  0.         0.3539712  0.62588931
  0.0061859  0.26199629 0.69258114 0.66286811 0.30088652 1.
  0.42005314 0.90200958 0.16304928]
 [0.36020252 0.81555619 0.3352198  0.         0.3539712  0.62588931
  0.0061859  0.26199629 0.69258114 0.66286811 0.30088652 1.
  0.42005314 0.90200958 0.16304928]
 [0.36020252 0.81555619 0.3352198  0.         0.3539712  0.62588931
  0.0061859  0.26199629 0.69258114 0.66286811 0.30088652 1.
  0.42005314 0.90200958 0.16304928]
 [0.36020252 0.81555619 0.3352198  0.         0.3539712  0.62588931
  0.0061859  0.26199629 0.69258114 0.66286811 0.30088652 1.
  0.42005314 0.90200958 0.16304928]
 [0.36020252 0.81555619 0.3352198  0.         0.3539712  0.62588931
  0.0061859  0.26199629 0.69258114 0.66286811 0.30088652 1.
  0.42005314 0.90200958 0.16304928]
 [0.36020252 0.81555619 0.3352198  0.         0.3539712  0.62588931
  0.0061859  0.26199629 0.69258114 0.66286811 0.30088652 1.
  0.42005314 0.90200958 0.16304928]
 [0.36020252 0.81555619 0.3352198  0.         0.3539712  0.62588931
  0.0061859  0.26199629 0.69258114 0.66286811 0.30088652 1.
  0.42005314 0.90200958 0.16304928]
 [0.36020252 0.81555619 0.3352198  0.         0.3539712  0.62588931
  0.0061859  0.26199629 0.69258114 0.66286811 0.30088652 1.
  0.42005314 0.90200958 0.16304928]
 [0.36020252 0.81555619 0.3352198  0.         0.3539712  0.62588931
  0.0061859  0.26199629 0.69258114 0.66286811 0.30088652 1.
  0.42005314 0.90200958 0.16304928]
 [0.36020252 0.81555619 0.3352198  0.         0.3539712  0.62588931
  0.0061859  0.26199629 0.69258114 0.66286811 0.30088652 1.
  0.42005314 0.90200958 0.16304928]
 [0.36020252 0.81555619 0.3352198  0.         0.3539712  0.62588931
  0.0061859  0.26199629 0.69258114 0.66286811 0.30088652 1.
  0.42005314 0.90200958 0.16304928]
 [0.36020252 0.81555619 0.3352198  0.         0.3539712  0.62588931
  0.0061859  0.26199629 0.69258114 0.66286811 0.30088652 1.
  0.42005314 0.90200958 0.16304928]
 [0.36020252 0.81555619 0.3352198  0.         0.3539712  0.62588931
  0.0061859  0.26199629 0.69258114 0.66286811 0.30088652 1.
  0.42005314 0.90200958 0.16304928]
 [0.36020252 0.81555619 0.3352198  0.         0.3539712  0.62588931
  0.0061859  0.26199629 0.69258114 0.66286811 0.30088652 1.
  0.42005314 0.90200958 0.16304928]]"
58,"[[0.69324253 1.         0.92149191 0.61203634 0.06936202 0.
  0.76779674 0.45379675 0.18766267 0.16790549 0.45319528 0.36554441
  0.52152395 0.87902948 0.85908304]
 [0.69324253 1.         0.92149191 0.61203634 0.06936202 0.
  0.76779674 0.45379675 0.18766267 0.16790549 0.45319528 0.36554441
  0.52152395 0.87902948 0.85908304]
 [0.69324253 1.         0.92149191 0.61203634 0.06936202 0.
  0.76779674 0.45379675 0.18766267 0.16790549 0.45319528 0.36554441
  0.52152395 0.87902948 0.85908304]
 [0.69324253 1.         0.92149191 0.61203634 0.06936202 0.
  0.76779674 0.45379675 0.18766267 0.16790549 0.45319528 0.36554441
  0.52152395 0.87902948 0.85908304]
 [0.69324253 1.         0.92149191 0.61203634 0.06936202 0.
  0.76779674 0.45379675 0.18766267 0.16790549 0.45319528 0.36554441
  0.52152395 0.87902948 0.85908304]
 [0.69324253 1.         0.92149191 0.61203634 0.06936202 0.
  0.76779674 0.45379675 0.18766267 0.16790549 0.45319528 0.36554441
  0.52152395 0.87902948 0.85908304]
 [0.69324253 1.         0.92149191 0.61203634 0.06936202 0.
  0.76779674 0.45379675 0.18766267 0.16790549 0.45319528 0.36554441
  0.52152395 0.87902948 0.85908304]
 [0.69324253 1.         0.92149191 0.61203634 0.06936202 0.
  0.76779674 0.45379675 0.18766267 0.16790549 0.45319528 0.36554441
  0.52152395 0.87902948 0.85908304]
 [0.69324253 1.         0.92149191 0.61203634 0.06936202 0.
  0.76779674 0.45379675 0.18766267 0.16790549 0.45319528 0.36554441
  0.52152395 0.87902948 0.85908304]
 [0.69324253 1.         0.92149191 0.61203634 0.06936202 0.
  0.76779674 0.45379675 0.18766267 0.16790549 0.45319528 0.36554441
  0.52152395 0.87902948 0.85908304]
 [0.69324253 1.         0.92149191 0.61203634 0.06936202 0.
  0.76779674 0.45379675 0.18766267 0.16790549 0.45319528 0.36554441
  0.52152395 0.87902948 0.85908304]
 [0.69324253 1.         0.92149191 0.61203634 0.06936202 0.
  0.76779674 0.45379675 0.18766267 0.16790549 0.45319528 0.36554441
  0.52152395 0.87902948 0.85908304]
 [0.69324253 1.         0.92149191 0.61203634 0.06936202 0.
  0.76779674 0.45379675 0.18766267 0.16790549 0.45319528 0.36554441
  0.52152395 0.87902948 0.85908304]
 [0.69324253 1.         0.92149191 0.61203634 0.06936202 0.
  0.76779674 0.45379675 0.18766267 0.16790549 0.45319528 0.36554441
  0.52152395 0.87902948 0.85908304]
 [0.69324253 1.         0.92149191 0.61203634 0.06936202 0.
  0.76779674 0.45379675 0.18766267 0.16790549 0.45319528 0.36554441
  0.52152395 0.87902948 0.85908304]]"
59,"[[0.54554386 0.38581388 0.         0.02429976 0.54383616 0.43003955
  0.28037216 0.49598569 0.89647351 0.35958659 1.         0.11754924
  0.11668587 0.89613434 0.20212573]
 [0.54554386 0.38581388 0.         0.02429976 0.54383616 0.43003955
  0.28037216 0.49598569 0.89647351 0.35958659 1.         0.11754924
  0.11668587 0.89613434 0.20212573]
 [0.54554386 0.38581388 0.         0.02429976 0.54383616 0.43003955
  0.28037216 0.49598569 0.89647351 0.35958659 1.         0.11754924
  0.11668587 0.89613434 0.20212573]
 [0.54554386 0.38581388 0.         0.02429976 0.54383616 0.43003955
  0.28037216 0.49598569 0.89647351 0.35958659 1.         0.11754924
  0.11668587 0.89613434 0.20212573]
 [0.54554386 0.38581388 0.         0.02429976 0.54383616 0.43003955
  0.28037216 0.49598569 0.89647351 0.35958659 1.         0.11754924
  0.11668587 0.89613434 0.20212573]
 [0.54554386 0.38581388 0.         0.02429976 0.54383616 0.43003955
  0.28037216 0.49598569 0.89647351 0.35958659 1.         0.11754924
  0.11668587 0.89613434 0.20212573]
 [0.54554386 0.38581388 0.         0.02429976 0.54383616 0.43003955
  0.28037216 0.49598569 0.89647351 0.35958659 1.         0.11754924
  0.11668587 0.89613434 0.20212573]
 [0.54554386 0.38581388 0.         0.02429976 0.54383616 0.43003955
  0.28037216 0.49598569 0.89647351 0.35958659 1.         0.11754924
  0.11668587 0.89613434 0.20212573]
 [0.54554386 0.38581388 0.         0.02429976 0.54383616 0.43003955
  0.28037216 0.49598569 0.89647351 0.35958659 1.         0.11754924
  0.11668587 0.89613434 0.20212573]
 [0.54554386 0.38581388 0.         0.02429976 0.54383616 0.43003955
  0.28037216 0.49598569 0.89647351 0.35958659 1.         0.11754924
  0.11668587 0.89613434 0.20212573]
 [0.54554386 0.38581388 0.         0.02429976 0.54383616 0.43003955
  0.28037216 0.49598569 0.89647351 0.35958659 1.         0.11754924
  0.11668587 0.89613434 0.20212573]
 [0.54554386 0.38581388 0.         0.02429976 0.54383616 0.43003955
  0.28037216 0.49598569 0.89647351 0.35958659 1.         0.11754924
  0.11668587 0.89613434 0.20212573]
 [0.54554386 0.38581388 0.         0.02429976 0.54383616 0.43003955
  0.28037216 0.49598569 0.89647351 0.35958659 1.         0.11754924
  0.11668587 0.89613434 0.20212573]
 [0.54554386 0.38581388 0.         0.02429976 0.54383616 0.43003955
  0.28037216 0.49598569 0.89647351 0.35958659 1.         0.11754924
  0.11668587 0.89613434 0.20212573]
 [0.54554386 0.38581388 0.         0.02429976 0.54383616 0.43003955
  0.28037216 0.49598569 0.89647351 0.35958659 1.         0.11754924
  0.11668587 0.89613434 0.20212573]]"
60,"[[0.73815136 0.21370853 0.         0.06915207 0.2949061  0.29388484
  0.14014653 0.4120119  0.32669092 0.36222467 1.         0.64228055
  0.83538219 0.94555796 0.90401482]
 [0.73815136 0.21370853 0.         0.06915207 0.2949061  0.29388484
  0.14014653 0.4120119  0.32669092 0.36222467 1.         0.64228055
  0.83538219 0.94555796 0.90401482]
 [0.73815136 0.21370853 0.         0.06915207 0.2949061  0.29388484
  0.14014653 0.4120119  0.32669092 0.36222467 1.         0.64228055
  0.83538219 0.94555796 0.90401482]
 [0.73815136 0.21370853 0.         0.06915207 0.2949061  0.29388484
  0.14014653 0.4120119  0.32669092 0.36222467 1.         0.64228055
  0.83538219 0.94555796 0.90401482]
 [0.73815136 0.21370853 0.         0.06915207 0.2949061  0.29388484
  0.14014653 0.4120119  0.32669092 0.36222467 1.         0.64228055
  0.83538219 0.94555796 0.90401482]
 [0.73815136 0.21370853 0.         0.06915207 0.2949061  0.29388484
  0.14014653 0.4120119  0.32669092 0.36222467 1.         0.64228055
  0.83538219 0.94555796 0.90401482]
 [0.73815136 0.21370853 0.         0.06915207 0.2949061  0.29388484
  0.14014653 0.4120119  0.32669092 0.36222467 1.         0.64228055
  0.83538219 0.94555796 0.90401482]
 [0.73815136 0.21370853 0.         0.06915207 0.2949061  0.29388484
  0.14014653 0.4120119  0.32669092 0.36222467 1.         0.64228055
  0.83538219 0.94555796 0.90401482]
 [0.73815136 0.21370853 0.         0.06915207 0.2949061  0.29388484
  0.14014653 0.4120119  0.32669092 0.36222467 1.         0.64228055
  0.83538219 0.94555796 0.90401482]
 [0.73815136 0.21370853 0.         0.06915207 0.2949061  0.29388484
  0.14014653 0.4120119  0.32669092 0.36222467 1.         0.64228055
  0.83538219 0.94555796 0.90401482]
 [0.73815136 0.21370853 0.         0.06915207 0.2949061  0.29388484
  0.14014653 0.4120119  0.32669092 0.36222467 1.         0.64228055
  0.83538219 0.94555796 0.90401482]
 [0.73815136 0.21370853 0.         0.06915207 0.2949061  0.29388484
  0.14014653 0.4120119  0.32669092 0.36222467 1.         0.64228055
  0.83538219 0.94555796 0.90401482]
 [0.73815136 0.21370853 0.         0.06915207 0.2949061  0.29388484
  0.14014653 0.4120119  0.32669092 0.36222467 1.         0.64228055
  0.83538219 0.94555796 0.90401482]
 [0.73815136 0.21370853 0.         0.06915207 0.2949061  0.29388484
  0.14014653 0.4120119  0.32669092 0.36222467 1.         0.64228055
  0.83538219 0.94555796 0.90401482]
 [0.73815136 0.21370853 0.         0.06915207 0.2949061  0.29388484
  0.14014653 0.4120119  0.32669092 0.36222467 1.         0.64228055
  0.83538219 0.94555796 0.90401482]]"
61,"[[0.88670891 0.22287579 1.         0.07652874 0.16431477 0.40540586
  0.42767807 0.1819703  0.68382861 0.48255669 0.62124261 0.64017793
  0.59578557 0.94037164 0.77742569 0.63475444 0.80402972 0.55716894
  0.         0.63082894]
 [0.88670891 0.22287579 1.         0.07652874 0.16431477 0.40540586
  0.42767807 0.1819703  0.68382861 0.48255669 0.62124261 0.64017793
  0.59578557 0.94037164 0.77742569 0.63475444 0.80402972 0.55716894
  0.         0.63082894]
 [0.88670891 0.22287579 1.         0.07652874 0.16431477 0.40540586
  0.42767807 0.1819703  0.68382861 0.48255669 0.62124261 0.64017793
  0.59578557 0.94037164 0.77742569 0.63475444 0.80402972 0.55716894
  0.         0.63082894]
 [0.88670891 0.22287579 1.         0.07652874 0.16431477 0.40540586
  0.42767807 0.1819703  0.68382861 0.48255669 0.62124261 0.64017793
  0.59578557 0.94037164 0.77742569 0.63475444 0.80402972 0.55716894
  0.         0.63082894]
 [0.88670891 0.22287579 1.         0.07652874 0.16431477 0.40540586
  0.42767807 0.1819703  0.68382861 0.48255669 0.62124261 0.64017793
  0.59578557 0.94037164 0.77742569 0.63475444 0.80402972 0.55716894
  0.         0.63082894]
 [0.88670891 0.22287579 1.         0.07652874 0.16431477 0.40540586
  0.42767807 0.1819703  0.68382861 0.48255669 0.62124261 0.64017793
  0.59578557 0.94037164 0.77742569 0.63475444 0.80402972 0.55716894
  0.         0.63082894]
 [0.88670891 0.22287579 1.         0.07652874 0.16431477 0.40540586
  0.42767807 0.1819703  0.68382861 0.48255669 0.62124261 0.64017793
  0.59578557 0.94037164 0.77742569 0.63475444 0.80402972 0.55716894
  0.         0.63082894]
 [0.88670891 0.22287579 1.         0.07652874 0.16431477 0.40540586
  0.42767807 0.1819703  0.68382861 0.48255669 0.62124261 0.64017793
  0.59578557 0.94037164 0.77742569 0.63475444 0.80402972 0.55716894
  0.         0.63082894]
 [0.88670891 0.22287579 1.         0.07652874 0.16431477 0.40540586
  0.42767807 0.1819703  0.68382861 0.48255669 0.62124261 0.64017793
  0.59578557 0.94037164 0.77742569 0.63475444 0.80402972 0.55716894
  0.         0.63082894]
 [0.88670891 0.22287579 1.         0.07652874 0.16431477 0.40540586
  0.42767807 0.1819703  0.68382861 0.48255669 0.62124261 0.64017793
  0.59578557 0.94037164 0.77742569 0.63475444 0.80402972 0.55716894
  0.         0.63082894]
 [0.88670891 0.22287579 1.         0.07652874 0.16431477 0.40540586
  0.42767807 0.1819703  0.68382861 0.48255669 0.62124261 0.64017793
  0.59578557 0.94037164 0.77742569 0.63475444 0.80402972 0.55716894
  0.         0.63082894]
 [0.88670891 0.22287579 1.         0.07652874 0.16431477 0.40540586
  0.42767807 0.1819703  0.68382861 0.48255669 0.62124261 0.64017793
  0.59578557 0.94037164 0.77742569 0.63475444 0.80402972 0.55716894
  0.         0.63082894]
 [0.88670891 0.22287579 1.         0.07652874 0.16431477 0.40540586
  0.42767807 0.1819703  0.68382861 0.48255669 0.62124261 0.64017793
  0.59578557 0.94037164 0.77742569 0.63475444 0.80402972 0.55716894
  0.         0.63082894]
 [0.88670891 0.22287579 1.         0.07652874 0.16431477 0.40540586
  0.42767807 0.1819703  0.68382861 0.48255669 0.62124261 0.64017793
  0.59578557 0.94037164 0.77742569 0.63475444 0.80402972 0.55716894
  0.         0.63082894]
 [0.88670891 0.22287579 1.         0.07652874 0.16431477 0.40540586
  0.42767807 0.1819703  0.68382861 0.48255669 0.62124261 0.64017793
  0.59578557 0.94037164 0.77742569 0.63475444 0.80402972 0.55716894
  0.         0.63082894]
 [0.88670891 0.22287579 1.         0.07652874 0.16431477 0.40540586
  0.42767807 0.1819703  0.68382861 0.48255669 0.62124261 0.64017793
  0.59578557 0.94037164 0.77742569 0.63475444 0.80402972 0.55716894
  0.         0.63082894]
 [0.88670891 0.22287579 1.         0.07652874 0.16431477 0.40540586
  0.42767807 0.1819703  0.68382861 0.48255669 0.62124261 0.64017793
  0.59578557 0.94037164 0.77742569 0.63475444 0.80402972 0.55716894
  0.         0.63082894]
 [0.88670891 0.22287579 1.         0.07652874 0.16431477 0.40540586
  0.42767807 0.1819703  0.68382861 0.48255669 0.62124261 0.64017793
  0.59578557 0.94037164 0.77742569 0.63475444 0.80402972 0.55716894
  0.         0.63082894]
 [0.88670891 0.22287579 1.         0.07652874 0.16431477 0.40540586
  0.42767807 0.1819703  0.68382861 0.48255669 0.62124261 0.64017793
  0.59578557 0.94037164 0.77742569 0.63475444 0.80402972 0.55716894
  0.         0.63082894]
 [0.88670891 0.22287579 1.         0.07652874 0.16431477 0.40540586
  0.42767807 0.1819703  0.68382861 0.48255669 0.62124261 0.64017793
  0.59578557 0.94037164 0.77742569 0.63475444 0.80402972 0.55716894
  0.         0.63082894]]"
62,"[[0.44594464 0.27003642 0.67120137 0.41072022 0.1257658  0.66130727
  0.52069144 0.24081914 0.33977636 0.98490016 0.27560896 1.
  0.         0.04475971 0.38001641 0.54168719 0.39203647 0.18350836
  0.82415235 0.5143988 ]
 [0.44594464 0.27003642 0.67120137 0.41072022 0.1257658  0.66130727
  0.52069144 0.24081914 0.33977636 0.98490016 0.27560896 1.
  0.         0.04475971 0.38001641 0.54168719 0.39203647 0.18350836
  0.82415235 0.5143988 ]
 [0.44594464 0.27003642 0.67120137 0.41072022 0.1257658  0.66130727
  0.52069144 0.24081914 0.33977636 0.98490016 0.27560896 1.
  0.         0.04475971 0.38001641 0.54168719 0.39203647 0.18350836
  0.82415235 0.5143988 ]
 [0.44594464 0.27003642 0.67120137 0.41072022 0.1257658  0.66130727
  0.52069144 0.24081914 0.33977636 0.98490016 0.27560896 1.
  0.         0.04475971 0.38001641 0.54168719 0.39203647 0.18350836
  0.82415235 0.5143988 ]
 [0.44594464 0.27003642 0.67120137 0.41072022 0.1257658  0.66130727
  0.52069144 0.24081914 0.33977636 0.98490016 0.27560896 1.
  0.         0.04475971 0.38001641 0.54168719 0.39203647 0.18350836
  0.82415235 0.5143988 ]
 [0.44594464 0.27003642 0.67120137 0.41072022 0.1257658  0.66130727
  0.52069144 0.24081914 0.33977636 0.98490016 0.27560896 1.
  0.         0.04475971 0.38001641 0.54168719 0.39203647 0.18350836
  0.82415235 0.5143988 ]
 [0.44594464 0.27003642 0.67120137 0.41072022 0.1257658  0.66130727
  0.52069144 0.24081914 0.33977636 0.98490016 0.27560896 1.
  0.         0.04475971 0.38001641 0.54168719 0.39203647 0.18350836
  0.82415235 0.5143988 ]
 [0.44594464 0.27003642 0.67120137 0.41072022 0.1257658  0.66130727
  0.52069144 0.24081914 0.33977636 0.98490016 0.27560896 1.
  0.         0.04475971 0.38001641 0.54168719 0.39203647 0.18350836
  0.82415235 0.5143988 ]
 [0.44594464 0.27003642 0.67120137 0.41072022 0.1257658  0.66130727
  0.52069144 0.24081914 0.33977636 0.98490016 0.27560896 1.
  0.         0.04475971 0.38001641 0.54168719 0.39203647 0.18350836
  0.82415235 0.5143988 ]
 [0.44594464 0.27003642 0.67120137 0.41072022 0.1257658  0.66130727
  0.52069144 0.24081914 0.33977636 0.98490016 0.27560896 1.
  0.         0.04475971 0.38001641 0.54168719 0.39203647 0.18350836
  0.82415235 0.5143988 ]
 [0.44594464 0.27003642 0.67120137 0.41072022 0.1257658  0.66130727
  0.52069144 0.24081914 0.33977636 0.98490016 0.27560896 1.
  0.         0.04475971 0.38001641 0.54168719 0.39203647 0.18350836
  0.82415235 0.5143988 ]
 [0.44594464 0.27003642 0.67120137 0.41072022 0.1257658  0.66130727
  0.52069144 0.24081914 0.33977636 0.98490016 0.27560896 1.
  0.         0.04475971 0.38001641 0.54168719 0.39203647 0.18350836
  0.82415235 0.5143988 ]
 [0.44594464 0.27003642 0.67120137 0.41072022 0.1257658  0.66130727
  0.52069144 0.24081914 0.33977636 0.98490016 0.27560896 1.
  0.         0.04475971 0.38001641 0.54168719 0.39203647 0.18350836
  0.82415235 0.5143988 ]
 [0.44594464 0.27003642 0.67120137 0.41072022 0.1257658  0.66130727
  0.52069144 0.24081914 0.33977636 0.98490016 0.27560896 1.
  0.         0.04475971 0.38001641 0.54168719 0.39203647 0.18350836
  0.82415235 0.5143988 ]
 [0.44594464 0.27003642 0.67120137 0.41072022 0.1257658  0.66130727
  0.52069144 0.24081914 0.33977636 0.98490016 0.27560896 1.
  0.         0.04475971 0.38001641 0.54168719 0.39203647 0.18350836
  0.82415235 0.5143988 ]
 [0.44594464 0.27003642 0.67120137 0.41072022 0.1257658  0.66130727
  0.52069144 0.24081914 0.33977636 0.98490016 0.27560896 1.
  0.         0.04475971 0.38001641 0.54168719 0.39203647 0.18350836
  0.82415235 0.5143988 ]
 [0.44594464 0.27003642 0.67120137 0.41072022 0.1257658  0.66130727
  0.52069144 0.24081914 0.33977636 0.98490016 0.27560896 1.
  0.         0.04475971 0.38001641 0.54168719 0.39203647 0.18350836
  0.82415235 0.5143988 ]
 [0.44594464 0.27003642 0.67120137 0.41072022 0.1257658  0.66130727
  0.52069144 0.24081914 0.33977636 0.98490016 0.27560896 1.
  0.         0.04475971 0.38001641 0.54168719 0.39203647 0.18350836
  0.82415235 0.5143988 ]
 [0.44594464 0.27003642 0.67120137 0.41072022 0.1257658  0.66130727
  0.52069144 0.24081914 0.33977636 0.98490016 0.27560896 1.
  0.         0.04475971 0.38001641 0.54168719 0.39203647 0.18350836
  0.82415235 0.5143988 ]
 [0.44594464 0.27003642 0.67120137 0.41072022 0.1257658  0.66130727
  0.52069144 0.24081914 0.33977636 0.98490016 0.27560896 1.
  0.         0.04475971 0.38001641 0.54168719 0.39203647 0.18350836
  0.82415235 0.5143988 ]]"
63,"[[0.33071451 0.66968503 0.92335767 0.12332493 0.93585445 0.18744606
  0.04611486 0.59393597 0.89213236 0.92984468 0.8817125  1.
  0.         0.64916847 0.40136847 0.09755167 0.32562133 0.795056
  0.91203741 0.66479998]
 [0.33071451 0.66968503 0.92335767 0.12332493 0.93585445 0.18744606
  0.04611486 0.59393597 0.89213236 0.92984468 0.8817125  1.
  0.         0.64916847 0.40136847 0.09755167 0.32562133 0.795056
  0.91203741 0.66479998]
 [0.33071451 0.66968503 0.92335767 0.12332493 0.93585445 0.18744606
  0.04611486 0.59393597 0.89213236 0.92984468 0.8817125  1.
  0.         0.64916847 0.40136847 0.09755167 0.32562133 0.795056
  0.91203741 0.66479998]
 [0.33071451 0.66968503 0.92335767 0.12332493 0.93585445 0.18744606
  0.04611486 0.59393597 0.89213236 0.92984468 0.8817125  1.
  0.         0.64916847 0.40136847 0.09755167 0.32562133 0.795056
  0.91203741 0.66479998]
 [0.33071451 0.66968503 0.92335767 0.12332493 0.93585445 0.18744606
  0.04611486 0.59393597 0.89213236 0.92984468 0.8817125  1.
  0.         0.64916847 0.40136847 0.09755167 0.32562133 0.795056
  0.91203741 0.66479998]
 [0.33071451 0.66968503 0.92335767 0.12332493 0.93585445 0.18744606
  0.04611486 0.59393597 0.89213236 0.92984468 0.8817125  1.
  0.         0.64916847 0.40136847 0.09755167 0.32562133 0.795056
  0.91203741 0.66479998]
 [0.33071451 0.66968503 0.92335767 0.12332493 0.93585445 0.18744606
  0.04611486 0.59393597 0.89213236 0.92984468 0.8817125  1.
  0.         0.64916847 0.40136847 0.09755167 0.32562133 0.795056
  0.91203741 0.66479998]
 [0.33071451 0.66968503 0.92335767 0.12332493 0.93585445 0.18744606
  0.04611486 0.59393597 0.89213236 0.92984468 0.8817125  1.
  0.         0.64916847 0.40136847 0.09755167 0.32562133 0.795056
  0.91203741 0.66479998]
 [0.33071451 0.66968503 0.92335767 0.12332493 0.93585445 0.18744606
  0.04611486 0.59393597 0.89213236 0.92984468 0.8817125  1.
  0.         0.64916847 0.40136847 0.09755167 0.32562133 0.795056
  0.91203741 0.66479998]
 [0.33071451 0.66968503 0.92335767 0.12332493 0.93585445 0.18744606
  0.04611486 0.59393597 0.89213236 0.92984468 0.8817125  1.
  0.         0.64916847 0.40136847 0.09755167 0.32562133 0.795056
  0.91203741 0.66479998]
 [0.33071451 0.66968503 0.92335767 0.12332493 0.93585445 0.18744606
  0.04611486 0.59393597 0.89213236 0.92984468 0.8817125  1.
  0.         0.64916847 0.40136847 0.09755167 0.32562133 0.795056
  0.91203741 0.66479998]
 [0.33071451 0.66968503 0.92335767 0.12332493 0.93585445 0.18744606
  0.04611486 0.59393597 0.89213236 0.92984468 0.8817125  1.
  0.         0.64916847 0.40136847 0.09755167 0.32562133 0.795056
  0.91203741 0.66479998]
 [0.33071451 0.66968503 0.92335767 0.12332493 0.93585445 0.18744606
  0.04611486 0.59393597 0.89213236 0.92984468 0.8817125  1.
  0.         0.64916847 0.40136847 0.09755167 0.32562133 0.795056
  0.91203741 0.66479998]
 [0.33071451 0.66968503 0.92335767 0.12332493 0.93585445 0.18744606
  0.04611486 0.59393597 0.89213236 0.92984468 0.8817125  1.
  0.         0.64916847 0.40136847 0.09755167 0.32562133 0.795056
  0.91203741 0.66479998]
 [0.33071451 0.66968503 0.92335767 0.12332493 0.93585445 0.18744606
  0.04611486 0.59393597 0.89213236 0.92984468 0.8817125  1.
  0.         0.64916847 0.40136847 0.09755167 0.32562133 0.795056
  0.91203741 0.66479998]
 [0.33071451 0.66968503 0.92335767 0.12332493 0.93585445 0.18744606
  0.04611486 0.59393597 0.89213236 0.92984468 0.8817125  1.
  0.         0.64916847 0.40136847 0.09755167 0.32562133 0.795056
  0.91203741 0.66479998]
 [0.33071451 0.66968503 0.92335767 0.12332493 0.93585445 0.18744606
  0.04611486 0.59393597 0.89213236 0.92984468 0.8817125  1.
  0.         0.64916847 0.40136847 0.09755167 0.32562133 0.795056
  0.91203741 0.66479998]
 [0.33071451 0.66968503 0.92335767 0.12332493 0.93585445 0.18744606
  0.04611486 0.59393597 0.89213236 0.92984468 0.8817125  1.
  0.         0.64916847 0.40136847 0.09755167 0.32562133 0.795056
  0.91203741 0.66479998]
 [0.33071451 0.66968503 0.92335767 0.12332493 0.93585445 0.18744606
  0.04611486 0.59393597 0.89213236 0.92984468 0.8817125  1.
  0.         0.64916847 0.40136847 0.09755167 0.32562133 0.795056
  0.91203741 0.66479998]
 [0.33071451 0.66968503 0.92335767 0.12332493 0.93585445 0.18744606
  0.04611486 0.59393597 0.89213236 0.92984468 0.8817125  1.
  0.         0.64916847 0.40136847 0.09755167 0.32562133 0.795056
  0.91203741 0.66479998]]"
64,"[[0.35345782 0.80378075 0.4900037  0.73566806 0.77960131 0.58334169
  0.36223217 0.56163886 0.69810754 0.         0.86331306 1.
  0.0591922  0.99992435 0.09247854 0.33422352 0.54025098 0.37137526
  0.23434926 0.89224195]
 [0.35345782 0.80378075 0.4900037  0.73566806 0.77960131 0.58334169
  0.36223217 0.56163886 0.69810754 0.         0.86331306 1.
  0.0591922  0.99992435 0.09247854 0.33422352 0.54025098 0.37137526
  0.23434926 0.89224195]
 [0.35345782 0.80378075 0.4900037  0.73566806 0.77960131 0.58334169
  0.36223217 0.56163886 0.69810754 0.         0.86331306 1.
  0.0591922  0.99992435 0.09247854 0.33422352 0.54025098 0.37137526
  0.23434926 0.89224195]
 [0.35345782 0.80378075 0.4900037  0.73566806 0.77960131 0.58334169
  0.36223217 0.56163886 0.69810754 0.         0.86331306 1.
  0.0591922  0.99992435 0.09247854 0.33422352 0.54025098 0.37137526
  0.23434926 0.89224195]
 [0.35345782 0.80378075 0.4900037  0.73566806 0.77960131 0.58334169
  0.36223217 0.56163886 0.69810754 0.         0.86331306 1.
  0.0591922  0.99992435 0.09247854 0.33422352 0.54025098 0.37137526
  0.23434926 0.89224195]
 [0.35345782 0.80378075 0.4900037  0.73566806 0.77960131 0.58334169
  0.36223217 0.56163886 0.69810754 0.         0.86331306 1.
  0.0591922  0.99992435 0.09247854 0.33422352 0.54025098 0.37137526
  0.23434926 0.89224195]
 [0.35345782 0.80378075 0.4900037  0.73566806 0.77960131 0.58334169
  0.36223217 0.56163886 0.69810754 0.         0.86331306 1.
  0.0591922  0.99992435 0.09247854 0.33422352 0.54025098 0.37137526
  0.23434926 0.89224195]
 [0.35345782 0.80378075 0.4900037  0.73566806 0.77960131 0.58334169
  0.36223217 0.56163886 0.69810754 0.         0.86331306 1.
  0.0591922  0.99992435 0.09247854 0.33422352 0.54025098 0.37137526
  0.23434926 0.89224195]
 [0.35345782 0.80378075 0.4900037  0.73566806 0.77960131 0.58334169
  0.36223217 0.56163886 0.69810754 0.         0.86331306 1.
  0.0591922  0.99992435 0.09247854 0.33422352 0.54025098 0.37137526
  0.23434926 0.89224195]
 [0.35345782 0.80378075 0.4900037  0.73566806 0.77960131 0.58334169
  0.36223217 0.56163886 0.69810754 0.         0.86331306 1.
  0.0591922  0.99992435 0.09247854 0.33422352 0.54025098 0.37137526
  0.23434926 0.89224195]
 [0.35345782 0.80378075 0.4900037  0.73566806 0.77960131 0.58334169
  0.36223217 0.56163886 0.69810754 0.         0.86331306 1.
  0.0591922  0.99992435 0.09247854 0.33422352 0.54025098 0.37137526
  0.23434926 0.89224195]
 [0.35345782 0.80378075 0.4900037  0.73566806 0.77960131 0.58334169
  0.36223217 0.56163886 0.69810754 0.         0.86331306 1.
  0.0591922  0.99992435 0.09247854 0.33422352 0.54025098 0.37137526
  0.23434926 0.89224195]
 [0.35345782 0.80378075 0.4900037  0.73566806 0.77960131 0.58334169
  0.36223217 0.56163886 0.69810754 0.         0.86331306 1.
  0.0591922  0.99992435 0.09247854 0.33422352 0.54025098 0.37137526
  0.23434926 0.89224195]
 [0.35345782 0.80378075 0.4900037  0.73566806 0.77960131 0.58334169
  0.36223217 0.56163886 0.69810754 0.         0.86331306 1.
  0.0591922  0.99992435 0.09247854 0.33422352 0.54025098 0.37137526
  0.23434926 0.89224195]
 [0.35345782 0.80378075 0.4900037  0.73566806 0.77960131 0.58334169
  0.36223217 0.56163886 0.69810754 0.         0.86331306 1.
  0.0591922  0.99992435 0.09247854 0.33422352 0.54025098 0.37137526
  0.23434926 0.89224195]
 [0.35345782 0.80378075 0.4900037  0.73566806 0.77960131 0.58334169
  0.36223217 0.56163886 0.69810754 0.         0.86331306 1.
  0.0591922  0.99992435 0.09247854 0.33422352 0.54025098 0.37137526
  0.23434926 0.89224195]
 [0.35345782 0.80378075 0.4900037  0.73566806 0.77960131 0.58334169
  0.36223217 0.56163886 0.69810754 0.         0.86331306 1.
  0.0591922  0.99992435 0.09247854 0.33422352 0.54025098 0.37137526
  0.23434926 0.89224195]
 [0.35345782 0.80378075 0.4900037  0.73566806 0.77960131 0.58334169
  0.36223217 0.56163886 0.69810754 0.         0.86331306 1.
  0.0591922  0.99992435 0.09247854 0.33422352 0.54025098 0.37137526
  0.23434926 0.89224195]
 [0.35345782 0.80378075 0.4900037  0.73566806 0.77960131 0.58334169
  0.36223217 0.56163886 0.69810754 0.         0.86331306 1.
  0.0591922  0.99992435 0.09247854 0.33422352 0.54025098 0.37137526
  0.23434926 0.89224195]
 [0.35345782 0.80378075 0.4900037  0.73566806 0.77960131 0.58334169
  0.36223217 0.56163886 0.69810754 0.         0.86331306 1.
  0.0591922  0.99992435 0.09247854 0.33422352 0.54025098 0.37137526
  0.23434926 0.89224195]]"
65,"[[0.17700077 0.92794101 0.53585063 0.00845749 0.44976146 0.92048952
  0.43608857 0.28128646 0.63344536 0.75537932 0.40902118 0.05309159
  0.30339698 0.63386988 1.         0.         0.11538812 0.57393865
  0.01720506 0.20532638]
 [0.17700077 0.92794101 0.53585063 0.00845749 0.44976146 0.92048952
  0.43608857 0.28128646 0.63344536 0.75537932 0.40902118 0.05309159
  0.30339698 0.63386988 1.         0.         0.11538812 0.57393865
  0.01720506 0.20532638]
 [0.17700077 0.92794101 0.53585063 0.00845749 0.44976146 0.92048952
  0.43608857 0.28128646 0.63344536 0.75537932 0.40902118 0.05309159
  0.30339698 0.63386988 1.         0.         0.11538812 0.57393865
  0.01720506 0.20532638]
 [0.17700077 0.92794101 0.53585063 0.00845749 0.44976146 0.92048952
  0.43608857 0.28128646 0.63344536 0.75537932 0.40902118 0.05309159
  0.30339698 0.63386988 1.         0.         0.11538812 0.57393865
  0.01720506 0.20532638]
 [0.17700077 0.92794101 0.53585063 0.00845749 0.44976146 0.92048952
  0.43608857 0.28128646 0.63344536 0.75537932 0.40902118 0.05309159
  0.30339698 0.63386988 1.         0.         0.11538812 0.57393865
  0.01720506 0.20532638]
 [0.17700077 0.92794101 0.53585063 0.00845749 0.44976146 0.92048952
  0.43608857 0.28128646 0.63344536 0.75537932 0.40902118 0.05309159
  0.30339698 0.63386988 1.         0.         0.11538812 0.57393865
  0.01720506 0.20532638]
 [0.17700077 0.92794101 0.53585063 0.00845749 0.44976146 0.92048952
  0.43608857 0.28128646 0.63344536 0.75537932 0.40902118 0.05309159
  0.30339698 0.63386988 1.         0.         0.11538812 0.57393865
  0.01720506 0.20532638]
 [0.17700077 0.92794101 0.53585063 0.00845749 0.44976146 0.92048952
  0.43608857 0.28128646 0.63344536 0.75537932 0.40902118 0.05309159
  0.30339698 0.63386988 1.         0.         0.11538812 0.57393865
  0.01720506 0.20532638]
 [0.17700077 0.92794101 0.53585063 0.00845749 0.44976146 0.92048952
  0.43608857 0.28128646 0.63344536 0.75537932 0.40902118 0.05309159
  0.30339698 0.63386988 1.         0.         0.11538812 0.57393865
  0.01720506 0.20532638]
 [0.17700077 0.92794101 0.53585063 0.00845749 0.44976146 0.92048952
  0.43608857 0.28128646 0.63344536 0.75537932 0.40902118 0.05309159
  0.30339698 0.63386988 1.         0.         0.11538812 0.57393865
  0.01720506 0.20532638]
 [0.17700077 0.92794101 0.53585063 0.00845749 0.44976146 0.92048952
  0.43608857 0.28128646 0.63344536 0.75537932 0.40902118 0.05309159
  0.30339698 0.63386988 1.         0.         0.11538812 0.57393865
  0.01720506 0.20532638]
 [0.17700077 0.92794101 0.53585063 0.00845749 0.44976146 0.92048952
  0.43608857 0.28128646 0.63344536 0.75537932 0.40902118 0.05309159
  0.30339698 0.63386988 1.         0.         0.11538812 0.57393865
  0.01720506 0.20532638]
 [0.17700077 0.92794101 0.53585063 0.00845749 0.44976146 0.92048952
  0.43608857 0.28128646 0.63344536 0.75537932 0.40902118 0.05309159
  0.30339698 0.63386988 1.         0.         0.11538812 0.57393865
  0.01720506 0.20532638]
 [0.17700077 0.92794101 0.53585063 0.00845749 0.44976146 0.92048952
  0.43608857 0.28128646 0.63344536 0.75537932 0.40902118 0.05309159
  0.30339698 0.63386988 1.         0.         0.11538812 0.57393865
  0.01720506 0.20532638]
 [0.17700077 0.92794101 0.53585063 0.00845749 0.44976146 0.92048952
  0.43608857 0.28128646 0.63344536 0.75537932 0.40902118 0.05309159
  0.30339698 0.63386988 1.         0.         0.11538812 0.57393865
  0.01720506 0.20532638]
 [0.17700077 0.92794101 0.53585063 0.00845749 0.44976146 0.92048952
  0.43608857 0.28128646 0.63344536 0.75537932 0.40902118 0.05309159
  0.30339698 0.63386988 1.         0.         0.11538812 0.57393865
  0.01720506 0.20532638]
 [0.17700077 0.92794101 0.53585063 0.00845749 0.44976146 0.92048952
  0.43608857 0.28128646 0.63344536 0.75537932 0.40902118 0.05309159
  0.30339698 0.63386988 1.         0.         0.11538812 0.57393865
  0.01720506 0.20532638]
 [0.17700077 0.92794101 0.53585063 0.00845749 0.44976146 0.92048952
  0.43608857 0.28128646 0.63344536 0.75537932 0.40902118 0.05309159
  0.30339698 0.63386988 1.         0.         0.11538812 0.57393865
  0.01720506 0.20532638]
 [0.17700077 0.92794101 0.53585063 0.00845749 0.44976146 0.92048952
  0.43608857 0.28128646 0.63344536 0.75537932 0.40902118 0.05309159
  0.30339698 0.63386988 1.         0.         0.11538812 0.57393865
  0.01720506 0.20532638]
 [0.17700077 0.92794101 0.53585063 0.00845749 0.44976146 0.92048952
  0.43608857 0.28128646 0.63344536 0.75537932 0.40902118 0.05309159
  0.30339698 0.63386988 1.         0.         0.11538812 0.57393865
  0.01720506 0.20532638]]"
66,"[[0.87609221 0.26818652 0.60309742 0.77822949 0.99123349 0.43645834
  0.         0.57987929 0.32952032 1.         0.54165585 0.45244985
  0.36232623 0.75933834 0.32514193 0.5579477  0.49121061 0.78647201
  0.20471049 0.52927506]
 [0.87609221 0.26818652 0.60309742 0.77822949 0.99123349 0.43645834
  0.         0.57987929 0.32952032 1.         0.54165585 0.45244985
  0.36232623 0.75933834 0.32514193 0.5579477  0.49121061 0.78647201
  0.20471049 0.52927506]
 [0.87609221 0.26818652 0.60309742 0.77822949 0.99123349 0.43645834
  0.         0.57987929 0.32952032 1.         0.54165585 0.45244985
  0.36232623 0.75933834 0.32514193 0.5579477  0.49121061 0.78647201
  0.20471049 0.52927506]
 [0.87609221 0.26818652 0.60309742 0.77822949 0.99123349 0.43645834
  0.         0.57987929 0.32952032 1.         0.54165585 0.45244985
  0.36232623 0.75933834 0.32514193 0.5579477  0.49121061 0.78647201
  0.20471049 0.52927506]
 [0.87609221 0.26818652 0.60309742 0.77822949 0.99123349 0.43645834
  0.         0.57987929 0.32952032 1.         0.54165585 0.45244985
  0.36232623 0.75933834 0.32514193 0.5579477  0.49121061 0.78647201
  0.20471049 0.52927506]
 [0.87609221 0.26818652 0.60309742 0.77822949 0.99123349 0.43645834
  0.         0.57987929 0.32952032 1.         0.54165585 0.45244985
  0.36232623 0.75933834 0.32514193 0.5579477  0.49121061 0.78647201
  0.20471049 0.52927506]
 [0.87609221 0.26818652 0.60309742 0.77822949 0.99123349 0.43645834
  0.         0.57987929 0.32952032 1.         0.54165585 0.45244985
  0.36232623 0.75933834 0.32514193 0.5579477  0.49121061 0.78647201
  0.20471049 0.52927506]
 [0.87609221 0.26818652 0.60309742 0.77822949 0.99123349 0.43645834
  0.         0.57987929 0.32952032 1.         0.54165585 0.45244985
  0.36232623 0.75933834 0.32514193 0.5579477  0.49121061 0.78647201
  0.20471049 0.52927506]
 [0.87609221 0.26818652 0.60309742 0.77822949 0.99123349 0.43645834
  0.         0.57987929 0.32952032 1.         0.54165585 0.45244985
  0.36232623 0.75933834 0.32514193 0.5579477  0.49121061 0.78647201
  0.20471049 0.52927506]
 [0.87609221 0.26818652 0.60309742 0.77822949 0.99123349 0.43645834
  0.         0.57987929 0.32952032 1.         0.54165585 0.45244985
  0.36232623 0.75933834 0.32514193 0.5579477  0.49121061 0.78647201
  0.20471049 0.52927506]
 [0.87609221 0.26818652 0.60309742 0.77822949 0.99123349 0.43645834
  0.         0.57987929 0.32952032 1.         0.54165585 0.45244985
  0.36232623 0.75933834 0.32514193 0.5579477  0.49121061 0.78647201
  0.20471049 0.52927506]
 [0.87609221 0.26818652 0.60309742 0.77822949 0.99123349 0.43645834
  0.         0.57987929 0.32952032 1.         0.54165585 0.45244985
  0.36232623 0.75933834 0.32514193 0.5579477  0.49121061 0.78647201
  0.20471049 0.52927506]
 [0.87609221 0.26818652 0.60309742 0.77822949 0.99123349 0.43645834
  0.         0.57987929 0.32952032 1.         0.54165585 0.45244985
  0.36232623 0.75933834 0.32514193 0.5579477  0.49121061 0.78647201
  0.20471049 0.52927506]
 [0.87609221 0.26818652 0.60309742 0.77822949 0.99123349 0.43645834
  0.         0.57987929 0.32952032 1.         0.54165585 0.45244985
  0.36232623 0.75933834 0.32514193 0.5579477  0.49121061 0.78647201
  0.20471049 0.52927506]
 [0.87609221 0.26818652 0.60309742 0.77822949 0.99123349 0.43645834
  0.         0.57987929 0.32952032 1.         0.54165585 0.45244985
  0.36232623 0.75933834 0.32514193 0.5579477  0.49121061 0.78647201
  0.20471049 0.52927506]
 [0.87609221 0.26818652 0.60309742 0.77822949 0.99123349 0.43645834
  0.         0.57987929 0.32952032 1.         0.54165585 0.45244985
  0.36232623 0.75933834 0.32514193 0.5579477  0.49121061 0.78647201
  0.20471049 0.52927506]
 [0.87609221 0.26818652 0.60309742 0.77822949 0.99123349 0.43645834
  0.         0.57987929 0.32952032 1.         0.54165585 0.45244985
  0.36232623 0.75933834 0.32514193 0.5579477  0.49121061 0.78647201
  0.20471049 0.52927506]
 [0.87609221 0.26818652 0.60309742 0.77822949 0.99123349 0.43645834
  0.         0.57987929 0.32952032 1.         0.54165585 0.45244985
  0.36232623 0.75933834 0.32514193 0.5579477  0.49121061 0.78647201
  0.20471049 0.52927506]
 [0.87609221 0.26818652 0.60309742 0.77822949 0.99123349 0.43645834
  0.         0.57987929 0.32952032 1.         0.54165585 0.45244985
  0.36232623 0.75933834 0.32514193 0.5579477  0.49121061 0.78647201
  0.20471049 0.52927506]
 [0.87609221 0.26818652 0.60309742 0.77822949 0.99123349 0.43645834
  0.         0.57987929 0.32952032 1.         0.54165585 0.45244985
  0.36232623 0.75933834 0.32514193 0.5579477  0.49121061 0.78647201
  0.20471049 0.52927506]]"
67,"[[0.91511294 0.33921974 0.92946463 0.20642422 0.51391894 0.42519694
  0.73712854 0.2913993  0.69458716 0.09126135 0.88660345 0.
  0.76636187 1.         0.51906281 0.51259644 0.37780467 0.64440977
  0.97334997 0.53152971]
 [0.91511294 0.33921974 0.92946463 0.20642422 0.51391894 0.42519694
  0.73712854 0.2913993  0.69458716 0.09126135 0.88660345 0.
  0.76636187 1.         0.51906281 0.51259644 0.37780467 0.64440977
  0.97334997 0.53152971]
 [0.91511294 0.33921974 0.92946463 0.20642422 0.51391894 0.42519694
  0.73712854 0.2913993  0.69458716 0.09126135 0.88660345 0.
  0.76636187 1.         0.51906281 0.51259644 0.37780467 0.64440977
  0.97334997 0.53152971]
 [0.91511294 0.33921974 0.92946463 0.20642422 0.51391894 0.42519694
  0.73712854 0.2913993  0.69458716 0.09126135 0.88660345 0.
  0.76636187 1.         0.51906281 0.51259644 0.37780467 0.64440977
  0.97334997 0.53152971]
 [0.91511294 0.33921974 0.92946463 0.20642422 0.51391894 0.42519694
  0.73712854 0.2913993  0.69458716 0.09126135 0.88660345 0.
  0.76636187 1.         0.51906281 0.51259644 0.37780467 0.64440977
  0.97334997 0.53152971]
 [0.91511294 0.33921974 0.92946463 0.20642422 0.51391894 0.42519694
  0.73712854 0.2913993  0.69458716 0.09126135 0.88660345 0.
  0.76636187 1.         0.51906281 0.51259644 0.37780467 0.64440977
  0.97334997 0.53152971]
 [0.91511294 0.33921974 0.92946463 0.20642422 0.51391894 0.42519694
  0.73712854 0.2913993  0.69458716 0.09126135 0.88660345 0.
  0.76636187 1.         0.51906281 0.51259644 0.37780467 0.64440977
  0.97334997 0.53152971]
 [0.91511294 0.33921974 0.92946463 0.20642422 0.51391894 0.42519694
  0.73712854 0.2913993  0.69458716 0.09126135 0.88660345 0.
  0.76636187 1.         0.51906281 0.51259644 0.37780467 0.64440977
  0.97334997 0.53152971]
 [0.91511294 0.33921974 0.92946463 0.20642422 0.51391894 0.42519694
  0.73712854 0.2913993  0.69458716 0.09126135 0.88660345 0.
  0.76636187 1.         0.51906281 0.51259644 0.37780467 0.64440977
  0.97334997 0.53152971]
 [0.91511294 0.33921974 0.92946463 0.20642422 0.51391894 0.42519694
  0.73712854 0.2913993  0.69458716 0.09126135 0.88660345 0.
  0.76636187 1.         0.51906281 0.51259644 0.37780467 0.64440977
  0.97334997 0.53152971]
 [0.91511294 0.33921974 0.92946463 0.20642422 0.51391894 0.42519694
  0.73712854 0.2913993  0.69458716 0.09126135 0.88660345 0.
  0.76636187 1.         0.51906281 0.51259644 0.37780467 0.64440977
  0.97334997 0.53152971]
 [0.91511294 0.33921974 0.92946463 0.20642422 0.51391894 0.42519694
  0.73712854 0.2913993  0.69458716 0.09126135 0.88660345 0.
  0.76636187 1.         0.51906281 0.51259644 0.37780467 0.64440977
  0.97334997 0.53152971]
 [0.91511294 0.33921974 0.92946463 0.20642422 0.51391894 0.42519694
  0.73712854 0.2913993  0.69458716 0.09126135 0.88660345 0.
  0.76636187 1.         0.51906281 0.51259644 0.37780467 0.64440977
  0.97334997 0.53152971]
 [0.91511294 0.33921974 0.92946463 0.20642422 0.51391894 0.42519694
  0.73712854 0.2913993  0.69458716 0.09126135 0.88660345 0.
  0.76636187 1.         0.51906281 0.51259644 0.37780467 0.64440977
  0.97334997 0.53152971]
 [0.91511294 0.33921974 0.92946463 0.20642422 0.51391894 0.42519694
  0.73712854 0.2913993  0.69458716 0.09126135 0.88660345 0.
  0.76636187 1.         0.51906281 0.51259644 0.37780467 0.64440977
  0.97334997 0.53152971]
 [0.91511294 0.33921974 0.92946463 0.20642422 0.51391894 0.42519694
  0.73712854 0.2913993  0.69458716 0.09126135 0.88660345 0.
  0.76636187 1.         0.51906281 0.51259644 0.37780467 0.64440977
  0.97334997 0.53152971]
 [0.91511294 0.33921974 0.92946463 0.20642422 0.51391894 0.42519694
  0.73712854 0.2913993  0.69458716 0.09126135 0.88660345 0.
  0.76636187 1.         0.51906281 0.51259644 0.37780467 0.64440977
  0.97334997 0.53152971]
 [0.91511294 0.33921974 0.92946463 0.20642422 0.51391894 0.42519694
  0.73712854 0.2913993  0.69458716 0.09126135 0.88660345 0.
  0.76636187 1.         0.51906281 0.51259644 0.37780467 0.64440977
  0.97334997 0.53152971]
 [0.91511294 0.33921974 0.92946463 0.20642422 0.51391894 0.42519694
  0.73712854 0.2913993  0.69458716 0.09126135 0.88660345 0.
  0.76636187 1.         0.51906281 0.51259644 0.37780467 0.64440977
  0.97334997 0.53152971]
 [0.91511294 0.33921974 0.92946463 0.20642422 0.51391894 0.42519694
  0.73712854 0.2913993  0.69458716 0.09126135 0.88660345 0.
  0.76636187 1.         0.51906281 0.51259644 0.37780467 0.64440977
  0.97334997 0.53152971]]"
68,"[[0.91070822 0.30962899 0.21993788 0.44038647 0.46520496 0.47003481
  0.07458384 0.81079414 0.90710807 0.22998328 0.38785307 1.
  0.69374397 0.67550875 0.73839907 0.42424143 0.27704794 0.
  0.93465387 0.95963579]
 [0.91070822 0.30962899 0.21993788 0.44038647 0.46520496 0.47003481
  0.07458384 0.81079414 0.90710807 0.22998328 0.38785307 1.
  0.69374397 0.67550875 0.73839907 0.42424143 0.27704794 0.
  0.93465387 0.95963579]
 [0.91070822 0.30962899 0.21993788 0.44038647 0.46520496 0.47003481
  0.07458384 0.81079414 0.90710807 0.22998328 0.38785307 1.
  0.69374397 0.67550875 0.73839907 0.42424143 0.27704794 0.
  0.93465387 0.95963579]
 [0.91070822 0.30962899 0.21993788 0.44038647 0.46520496 0.47003481
  0.07458384 0.81079414 0.90710807 0.22998328 0.38785307 1.
  0.69374397 0.67550875 0.73839907 0.42424143 0.27704794 0.
  0.93465387 0.95963579]
 [0.91070822 0.30962899 0.21993788 0.44038647 0.46520496 0.47003481
  0.07458384 0.81079414 0.90710807 0.22998328 0.38785307 1.
  0.69374397 0.67550875 0.73839907 0.42424143 0.27704794 0.
  0.93465387 0.95963579]
 [0.91070822 0.30962899 0.21993788 0.44038647 0.46520496 0.47003481
  0.07458384 0.81079414 0.90710807 0.22998328 0.38785307 1.
  0.69374397 0.67550875 0.73839907 0.42424143 0.27704794 0.
  0.93465387 0.95963579]
 [0.91070822 0.30962899 0.21993788 0.44038647 0.46520496 0.47003481
  0.07458384 0.81079414 0.90710807 0.22998328 0.38785307 1.
  0.69374397 0.67550875 0.73839907 0.42424143 0.27704794 0.
  0.93465387 0.95963579]
 [0.91070822 0.30962899 0.21993788 0.44038647 0.46520496 0.47003481
  0.07458384 0.81079414 0.90710807 0.22998328 0.38785307 1.
  0.69374397 0.67550875 0.73839907 0.42424143 0.27704794 0.
  0.93465387 0.95963579]
 [0.91070822 0.30962899 0.21993788 0.44038647 0.46520496 0.47003481
  0.07458384 0.81079414 0.90710807 0.22998328 0.38785307 1.
  0.69374397 0.67550875 0.73839907 0.42424143 0.27704794 0.
  0.93465387 0.95963579]
 [0.91070822 0.30962899 0.21993788 0.44038647 0.46520496 0.47003481
  0.07458384 0.81079414 0.90710807 0.22998328 0.38785307 1.
  0.69374397 0.67550875 0.73839907 0.42424143 0.27704794 0.
  0.93465387 0.95963579]
 [0.91070822 0.30962899 0.21993788 0.44038647 0.46520496 0.47003481
  0.07458384 0.81079414 0.90710807 0.22998328 0.38785307 1.
  0.69374397 0.67550875 0.73839907 0.42424143 0.27704794 0.
  0.93465387 0.95963579]
 [0.91070822 0.30962899 0.21993788 0.44038647 0.46520496 0.47003481
  0.07458384 0.81079414 0.90710807 0.22998328 0.38785307 1.
  0.69374397 0.67550875 0.73839907 0.42424143 0.27704794 0.
  0.93465387 0.95963579]
 [0.91070822 0.30962899 0.21993788 0.44038647 0.46520496 0.47003481
  0.07458384 0.81079414 0.90710807 0.22998328 0.38785307 1.
  0.69374397 0.67550875 0.73839907 0.42424143 0.27704794 0.
  0.93465387 0.95963579]
 [0.91070822 0.30962899 0.21993788 0.44038647 0.46520496 0.47003481
  0.07458384 0.81079414 0.90710807 0.22998328 0.38785307 1.
  0.69374397 0.67550875 0.73839907 0.42424143 0.27704794 0.
  0.93465387 0.95963579]
 [0.91070822 0.30962899 0.21993788 0.44038647 0.46520496 0.47003481
  0.07458384 0.81079414 0.90710807 0.22998328 0.38785307 1.
  0.69374397 0.67550875 0.73839907 0.42424143 0.27704794 0.
  0.93465387 0.95963579]
 [0.91070822 0.30962899 0.21993788 0.44038647 0.46520496 0.47003481
  0.07458384 0.81079414 0.90710807 0.22998328 0.38785307 1.
  0.69374397 0.67550875 0.73839907 0.42424143 0.27704794 0.
  0.93465387 0.95963579]
 [0.91070822 0.30962899 0.21993788 0.44038647 0.46520496 0.47003481
  0.07458384 0.81079414 0.90710807 0.22998328 0.38785307 1.
  0.69374397 0.67550875 0.73839907 0.42424143 0.27704794 0.
  0.93465387 0.95963579]
 [0.91070822 0.30962899 0.21993788 0.44038647 0.46520496 0.47003481
  0.07458384 0.81079414 0.90710807 0.22998328 0.38785307 1.
  0.69374397 0.67550875 0.73839907 0.42424143 0.27704794 0.
  0.93465387 0.95963579]
 [0.91070822 0.30962899 0.21993788 0.44038647 0.46520496 0.47003481
  0.07458384 0.81079414 0.90710807 0.22998328 0.38785307 1.
  0.69374397 0.67550875 0.73839907 0.42424143 0.27704794 0.
  0.93465387 0.95963579]
 [0.91070822 0.30962899 0.21993788 0.44038647 0.46520496 0.47003481
  0.07458384 0.81079414 0.90710807 0.22998328 0.38785307 1.
  0.69374397 0.67550875 0.73839907 0.42424143 0.27704794 0.
  0.93465387 0.95963579]]"
69,"[[0.45268988 0.29771827 0.81183637 0.19951476 0.35997954 0.47417704
  0.69077794 0.85724879 0.48107167 0.03311904 1.         0.78125541
  0.0096879  0.49685313 0.         0.77430747 0.60665836 0.31610133
  0.25624931 0.02170164]
 [0.45268988 0.29771827 0.81183637 0.19951476 0.35997954 0.47417704
  0.69077794 0.85724879 0.48107167 0.03311904 1.         0.78125541
  0.0096879  0.49685313 0.         0.77430747 0.60665836 0.31610133
  0.25624931 0.02170164]
 [0.45268988 0.29771827 0.81183637 0.19951476 0.35997954 0.47417704
  0.69077794 0.85724879 0.48107167 0.03311904 1.         0.78125541
  0.0096879  0.49685313 0.         0.77430747 0.60665836 0.31610133
  0.25624931 0.02170164]
 [0.45268988 0.29771827 0.81183637 0.19951476 0.35997954 0.47417704
  0.69077794 0.85724879 0.48107167 0.03311904 1.         0.78125541
  0.0096879  0.49685313 0.         0.77430747 0.60665836 0.31610133
  0.25624931 0.02170164]
 [0.45268988 0.29771827 0.81183637 0.19951476 0.35997954 0.47417704
  0.69077794 0.85724879 0.48107167 0.03311904 1.         0.78125541
  0.0096879  0.49685313 0.         0.77430747 0.60665836 0.31610133
  0.25624931 0.02170164]
 [0.45268988 0.29771827 0.81183637 0.19951476 0.35997954 0.47417704
  0.69077794 0.85724879 0.48107167 0.03311904 1.         0.78125541
  0.0096879  0.49685313 0.         0.77430747 0.60665836 0.31610133
  0.25624931 0.02170164]
 [0.45268988 0.29771827 0.81183637 0.19951476 0.35997954 0.47417704
  0.69077794 0.85724879 0.48107167 0.03311904 1.         0.78125541
  0.0096879  0.49685313 0.         0.77430747 0.60665836 0.31610133
  0.25624931 0.02170164]
 [0.45268988 0.29771827 0.81183637 0.19951476 0.35997954 0.47417704
  0.69077794 0.85724879 0.48107167 0.03311904 1.         0.78125541
  0.0096879  0.49685313 0.         0.77430747 0.60665836 0.31610133
  0.25624931 0.02170164]
 [0.45268988 0.29771827 0.81183637 0.19951476 0.35997954 0.47417704
  0.69077794 0.85724879 0.48107167 0.03311904 1.         0.78125541
  0.0096879  0.49685313 0.         0.77430747 0.60665836 0.31610133
  0.25624931 0.02170164]
 [0.45268988 0.29771827 0.81183637 0.19951476 0.35997954 0.47417704
  0.69077794 0.85724879 0.48107167 0.03311904 1.         0.78125541
  0.0096879  0.49685313 0.         0.77430747 0.60665836 0.31610133
  0.25624931 0.02170164]
 [0.45268988 0.29771827 0.81183637 0.19951476 0.35997954 0.47417704
  0.69077794 0.85724879 0.48107167 0.03311904 1.         0.78125541
  0.0096879  0.49685313 0.         0.77430747 0.60665836 0.31610133
  0.25624931 0.02170164]
 [0.45268988 0.29771827 0.81183637 0.19951476 0.35997954 0.47417704
  0.69077794 0.85724879 0.48107167 0.03311904 1.         0.78125541
  0.0096879  0.49685313 0.         0.77430747 0.60665836 0.31610133
  0.25624931 0.02170164]
 [0.45268988 0.29771827 0.81183637 0.19951476 0.35997954 0.47417704
  0.69077794 0.85724879 0.48107167 0.03311904 1.         0.78125541
  0.0096879  0.49685313 0.         0.77430747 0.60665836 0.31610133
  0.25624931 0.02170164]
 [0.45268988 0.29771827 0.81183637 0.19951476 0.35997954 0.47417704
  0.69077794 0.85724879 0.48107167 0.03311904 1.         0.78125541
  0.0096879  0.49685313 0.         0.77430747 0.60665836 0.31610133
  0.25624931 0.02170164]
 [0.45268988 0.29771827 0.81183637 0.19951476 0.35997954 0.47417704
  0.69077794 0.85724879 0.48107167 0.03311904 1.         0.78125541
  0.0096879  0.49685313 0.         0.77430747 0.60665836 0.31610133
  0.25624931 0.02170164]
 [0.45268988 0.29771827 0.81183637 0.19951476 0.35997954 0.47417704
  0.69077794 0.85724879 0.48107167 0.03311904 1.         0.78125541
  0.0096879  0.49685313 0.         0.77430747 0.60665836 0.31610133
  0.25624931 0.02170164]
 [0.45268988 0.29771827 0.81183637 0.19951476 0.35997954 0.47417704
  0.69077794 0.85724879 0.48107167 0.03311904 1.         0.78125541
  0.0096879  0.49685313 0.         0.77430747 0.60665836 0.31610133
  0.25624931 0.02170164]
 [0.45268988 0.29771827 0.81183637 0.19951476 0.35997954 0.47417704
  0.69077794 0.85724879 0.48107167 0.03311904 1.         0.78125541
  0.0096879  0.49685313 0.         0.77430747 0.60665836 0.31610133
  0.25624931 0.02170164]
 [0.45268988 0.29771827 0.81183637 0.19951476 0.35997954 0.47417704
  0.69077794 0.85724879 0.48107167 0.03311904 1.         0.78125541
  0.0096879  0.49685313 0.         0.77430747 0.60665836 0.31610133
  0.25624931 0.02170164]
 [0.45268988 0.29771827 0.81183637 0.19951476 0.35997954 0.47417704
  0.69077794 0.85724879 0.48107167 0.03311904 1.         0.78125541
  0.0096879  0.49685313 0.         0.77430747 0.60665836 0.31610133
  0.25624931 0.02170164]]"
70,"[[6.22827739e-01 1.00000000e+00 3.96370360e-01 8.31214314e-01
  1.50915045e-01 3.96215893e-01 4.31706201e-01 7.36093359e-01
  8.19092385e-01 3.25261790e-01 6.97940156e-01 9.16586682e-01
  0.00000000e+00 8.17505310e-02 7.20025437e-06 2.29476806e-01
  7.29625381e-01 6.66170490e-01 2.67697958e-01 1.74365594e-01]
 [6.22827739e-01 1.00000000e+00 3.96370360e-01 8.31214314e-01
  1.50915045e-01 3.96215893e-01 4.31706201e-01 7.36093359e-01
  8.19092385e-01 3.25261790e-01 6.97940156e-01 9.16586682e-01
  0.00000000e+00 8.17505310e-02 7.20025437e-06 2.29476806e-01
  7.29625381e-01 6.66170490e-01 2.67697958e-01 1.74365594e-01]
 [6.22827739e-01 1.00000000e+00 3.96370360e-01 8.31214314e-01
  1.50915045e-01 3.96215893e-01 4.31706201e-01 7.36093359e-01
  8.19092385e-01 3.25261790e-01 6.97940156e-01 9.16586682e-01
  0.00000000e+00 8.17505310e-02 7.20025437e-06 2.29476806e-01
  7.29625381e-01 6.66170490e-01 2.67697958e-01 1.74365594e-01]
 [6.22827739e-01 1.00000000e+00 3.96370360e-01 8.31214314e-01
  1.50915045e-01 3.96215893e-01 4.31706201e-01 7.36093359e-01
  8.19092385e-01 3.25261790e-01 6.97940156e-01 9.16586682e-01
  0.00000000e+00 8.17505310e-02 7.20025437e-06 2.29476806e-01
  7.29625381e-01 6.66170490e-01 2.67697958e-01 1.74365594e-01]
 [6.22827739e-01 1.00000000e+00 3.96370360e-01 8.31214314e-01
  1.50915045e-01 3.96215893e-01 4.31706201e-01 7.36093359e-01
  8.19092385e-01 3.25261790e-01 6.97940156e-01 9.16586682e-01
  0.00000000e+00 8.17505310e-02 7.20025437e-06 2.29476806e-01
  7.29625381e-01 6.66170490e-01 2.67697958e-01 1.74365594e-01]
 [6.22827739e-01 1.00000000e+00 3.96370360e-01 8.31214314e-01
  1.50915045e-01 3.96215893e-01 4.31706201e-01 7.36093359e-01
  8.19092385e-01 3.25261790e-01 6.97940156e-01 9.16586682e-01
  0.00000000e+00 8.17505310e-02 7.20025437e-06 2.29476806e-01
  7.29625381e-01 6.66170490e-01 2.67697958e-01 1.74365594e-01]
 [6.22827739e-01 1.00000000e+00 3.96370360e-01 8.31214314e-01
  1.50915045e-01 3.96215893e-01 4.31706201e-01 7.36093359e-01
  8.19092385e-01 3.25261790e-01 6.97940156e-01 9.16586682e-01
  0.00000000e+00 8.17505310e-02 7.20025437e-06 2.29476806e-01
  7.29625381e-01 6.66170490e-01 2.67697958e-01 1.74365594e-01]
 [6.22827739e-01 1.00000000e+00 3.96370360e-01 8.31214314e-01
  1.50915045e-01 3.96215893e-01 4.31706201e-01 7.36093359e-01
  8.19092385e-01 3.25261790e-01 6.97940156e-01 9.16586682e-01
  0.00000000e+00 8.17505310e-02 7.20025437e-06 2.29476806e-01
  7.29625381e-01 6.66170490e-01 2.67697958e-01 1.74365594e-01]
 [6.22827739e-01 1.00000000e+00 3.96370360e-01 8.31214314e-01
  1.50915045e-01 3.96215893e-01 4.31706201e-01 7.36093359e-01
  8.19092385e-01 3.25261790e-01 6.97940156e-01 9.16586682e-01
  0.00000000e+00 8.17505310e-02 7.20025437e-06 2.29476806e-01
  7.29625381e-01 6.66170490e-01 2.67697958e-01 1.74365594e-01]
 [6.22827739e-01 1.00000000e+00 3.96370360e-01 8.31214314e-01
  1.50915045e-01 3.96215893e-01 4.31706201e-01 7.36093359e-01
  8.19092385e-01 3.25261790e-01 6.97940156e-01 9.16586682e-01
  0.00000000e+00 8.17505310e-02 7.20025437e-06 2.29476806e-01
  7.29625381e-01 6.66170490e-01 2.67697958e-01 1.74365594e-01]
 [6.22827739e-01 1.00000000e+00 3.96370360e-01 8.31214314e-01
  1.50915045e-01 3.96215893e-01 4.31706201e-01 7.36093359e-01
  8.19092385e-01 3.25261790e-01 6.97940156e-01 9.16586682e-01
  0.00000000e+00 8.17505310e-02 7.20025437e-06 2.29476806e-01
  7.29625381e-01 6.66170490e-01 2.67697958e-01 1.74365594e-01]
 [6.22827739e-01 1.00000000e+00 3.96370360e-01 8.31214314e-01
  1.50915045e-01 3.96215893e-01 4.31706201e-01 7.36093359e-01
  8.19092385e-01 3.25261790e-01 6.97940156e-01 9.16586682e-01
  0.00000000e+00 8.17505310e-02 7.20025437e-06 2.29476806e-01
  7.29625381e-01 6.66170490e-01 2.67697958e-01 1.74365594e-01]
 [6.22827739e-01 1.00000000e+00 3.96370360e-01 8.31214314e-01
  1.50915045e-01 3.96215893e-01 4.31706201e-01 7.36093359e-01
  8.19092385e-01 3.25261790e-01 6.97940156e-01 9.16586682e-01
  0.00000000e+00 8.17505310e-02 7.20025437e-06 2.29476806e-01
  7.29625381e-01 6.66170490e-01 2.67697958e-01 1.74365594e-01]
 [6.22827739e-01 1.00000000e+00 3.96370360e-01 8.31214314e-01
  1.50915045e-01 3.96215893e-01 4.31706201e-01 7.36093359e-01
  8.19092385e-01 3.25261790e-01 6.97940156e-01 9.16586682e-01
  0.00000000e+00 8.17505310e-02 7.20025437e-06 2.29476806e-01
  7.29625381e-01 6.66170490e-01 2.67697958e-01 1.74365594e-01]
 [6.22827739e-01 1.00000000e+00 3.96370360e-01 8.31214314e-01
  1.50915045e-01 3.96215893e-01 4.31706201e-01 7.36093359e-01
  8.19092385e-01 3.25261790e-01 6.97940156e-01 9.16586682e-01
  0.00000000e+00 8.17505310e-02 7.20025437e-06 2.29476806e-01
  7.29625381e-01 6.66170490e-01 2.67697958e-01 1.74365594e-01]
 [6.22827739e-01 1.00000000e+00 3.96370360e-01 8.31214314e-01
  1.50915045e-01 3.96215893e-01 4.31706201e-01 7.36093359e-01
  8.19092385e-01 3.25261790e-01 6.97940156e-01 9.16586682e-01
  0.00000000e+00 8.17505310e-02 7.20025437e-06 2.29476806e-01
  7.29625381e-01 6.66170490e-01 2.67697958e-01 1.74365594e-01]
 [6.22827739e-01 1.00000000e+00 3.96370360e-01 8.31214314e-01
  1.50915045e-01 3.96215893e-01 4.31706201e-01 7.36093359e-01
  8.19092385e-01 3.25261790e-01 6.97940156e-01 9.16586682e-01
  0.00000000e+00 8.17505310e-02 7.20025437e-06 2.29476806e-01
  7.29625381e-01 6.66170490e-01 2.67697958e-01 1.74365594e-01]
 [6.22827739e-01 1.00000000e+00 3.96370360e-01 8.31214314e-01
  1.50915045e-01 3.96215893e-01 4.31706201e-01 7.36093359e-01
  8.19092385e-01 3.25261790e-01 6.97940156e-01 9.16586682e-01
  0.00000000e+00 8.17505310e-02 7.20025437e-06 2.29476806e-01
  7.29625381e-01 6.66170490e-01 2.67697958e-01 1.74365594e-01]
 [6.22827739e-01 1.00000000e+00 3.96370360e-01 8.31214314e-01
  1.50915045e-01 3.96215893e-01 4.31706201e-01 7.36093359e-01
  8.19092385e-01 3.25261790e-01 6.97940156e-01 9.16586682e-01
  0.00000000e+00 8.17505310e-02 7.20025437e-06 2.29476806e-01
  7.29625381e-01 6.66170490e-01 2.67697958e-01 1.74365594e-01]
 [6.22827739e-01 1.00000000e+00 3.96370360e-01 8.31214314e-01
  1.50915045e-01 3.96215893e-01 4.31706201e-01 7.36093359e-01
  8.19092385e-01 3.25261790e-01 6.97940156e-01 9.16586682e-01
  0.00000000e+00 8.17505310e-02 7.20025437e-06 2.29476806e-01
  7.29625381e-01 6.66170490e-01 2.67697958e-01 1.74365594e-01]]"
71,"[[0.78773576 0.40049028 0.1051811  0.73264698 0.74891278 0.35777874
  0.         0.88725169 0.42089888 0.6000911  0.98985208 0.83034579
  0.39537575 0.47295911 1.         0.32143033 0.13077003 0.3723601
  0.85711202 0.97562013]
 [0.78773576 0.40049028 0.1051811  0.73264698 0.74891278 0.35777874
  0.         0.88725169 0.42089888 0.6000911  0.98985208 0.83034579
  0.39537575 0.47295911 1.         0.32143033 0.13077003 0.3723601
  0.85711202 0.97562013]
 [0.78773576 0.40049028 0.1051811  0.73264698 0.74891278 0.35777874
  0.         0.88725169 0.42089888 0.6000911  0.98985208 0.83034579
  0.39537575 0.47295911 1.         0.32143033 0.13077003 0.3723601
  0.85711202 0.97562013]
 [0.78773576 0.40049028 0.1051811  0.73264698 0.74891278 0.35777874
  0.         0.88725169 0.42089888 0.6000911  0.98985208 0.83034579
  0.39537575 0.47295911 1.         0.32143033 0.13077003 0.3723601
  0.85711202 0.97562013]
 [0.78773576 0.40049028 0.1051811  0.73264698 0.74891278 0.35777874
  0.         0.88725169 0.42089888 0.6000911  0.98985208 0.83034579
  0.39537575 0.47295911 1.         0.32143033 0.13077003 0.3723601
  0.85711202 0.97562013]
 [0.78773576 0.40049028 0.1051811  0.73264698 0.74891278 0.35777874
  0.         0.88725169 0.42089888 0.6000911  0.98985208 0.83034579
  0.39537575 0.47295911 1.         0.32143033 0.13077003 0.3723601
  0.85711202 0.97562013]
 [0.78773576 0.40049028 0.1051811  0.73264698 0.74891278 0.35777874
  0.         0.88725169 0.42089888 0.6000911  0.98985208 0.83034579
  0.39537575 0.47295911 1.         0.32143033 0.13077003 0.3723601
  0.85711202 0.97562013]
 [0.78773576 0.40049028 0.1051811  0.73264698 0.74891278 0.35777874
  0.         0.88725169 0.42089888 0.6000911  0.98985208 0.83034579
  0.39537575 0.47295911 1.         0.32143033 0.13077003 0.3723601
  0.85711202 0.97562013]
 [0.78773576 0.40049028 0.1051811  0.73264698 0.74891278 0.35777874
  0.         0.88725169 0.42089888 0.6000911  0.98985208 0.83034579
  0.39537575 0.47295911 1.         0.32143033 0.13077003 0.3723601
  0.85711202 0.97562013]
 [0.78773576 0.40049028 0.1051811  0.73264698 0.74891278 0.35777874
  0.         0.88725169 0.42089888 0.6000911  0.98985208 0.83034579
  0.39537575 0.47295911 1.         0.32143033 0.13077003 0.3723601
  0.85711202 0.97562013]
 [0.78773576 0.40049028 0.1051811  0.73264698 0.74891278 0.35777874
  0.         0.88725169 0.42089888 0.6000911  0.98985208 0.83034579
  0.39537575 0.47295911 1.         0.32143033 0.13077003 0.3723601
  0.85711202 0.97562013]
 [0.78773576 0.40049028 0.1051811  0.73264698 0.74891278 0.35777874
  0.         0.88725169 0.42089888 0.6000911  0.98985208 0.83034579
  0.39537575 0.47295911 1.         0.32143033 0.13077003 0.3723601
  0.85711202 0.97562013]
 [0.78773576 0.40049028 0.1051811  0.73264698 0.74891278 0.35777874
  0.         0.88725169 0.42089888 0.6000911  0.98985208 0.83034579
  0.39537575 0.47295911 1.         0.32143033 0.13077003 0.3723601
  0.85711202 0.97562013]
 [0.78773576 0.40049028 0.1051811  0.73264698 0.74891278 0.35777874
  0.         0.88725169 0.42089888 0.6000911  0.98985208 0.83034579
  0.39537575 0.47295911 1.         0.32143033 0.13077003 0.3723601
  0.85711202 0.97562013]
 [0.78773576 0.40049028 0.1051811  0.73264698 0.74891278 0.35777874
  0.         0.88725169 0.42089888 0.6000911  0.98985208 0.83034579
  0.39537575 0.47295911 1.         0.32143033 0.13077003 0.3723601
  0.85711202 0.97562013]
 [0.78773576 0.40049028 0.1051811  0.73264698 0.74891278 0.35777874
  0.         0.88725169 0.42089888 0.6000911  0.98985208 0.83034579
  0.39537575 0.47295911 1.         0.32143033 0.13077003 0.3723601
  0.85711202 0.97562013]
 [0.78773576 0.40049028 0.1051811  0.73264698 0.74891278 0.35777874
  0.         0.88725169 0.42089888 0.6000911  0.98985208 0.83034579
  0.39537575 0.47295911 1.         0.32143033 0.13077003 0.3723601
  0.85711202 0.97562013]
 [0.78773576 0.40049028 0.1051811  0.73264698 0.74891278 0.35777874
  0.         0.88725169 0.42089888 0.6000911  0.98985208 0.83034579
  0.39537575 0.47295911 1.         0.32143033 0.13077003 0.3723601
  0.85711202 0.97562013]
 [0.78773576 0.40049028 0.1051811  0.73264698 0.74891278 0.35777874
  0.         0.88725169 0.42089888 0.6000911  0.98985208 0.83034579
  0.39537575 0.47295911 1.         0.32143033 0.13077003 0.3723601
  0.85711202 0.97562013]
 [0.78773576 0.40049028 0.1051811  0.73264698 0.74891278 0.35777874
  0.         0.88725169 0.42089888 0.6000911  0.98985208 0.83034579
  0.39537575 0.47295911 1.         0.32143033 0.13077003 0.3723601
  0.85711202 0.97562013]]"
72,"[[0.60745027 0.82728865 0.69774418 0.28358815 0.26909989 1.
  0.23395295 0.93733935 0.53782861 0.84679136 0.04622883 0.
  0.30546149 0.20436105 0.00832778 0.9900802  0.68302265 0.95706769
  0.14735563 0.52303148]
 [0.60745027 0.82728865 0.69774418 0.28358815 0.26909989 1.
  0.23395295 0.93733935 0.53782861 0.84679136 0.04622883 0.
  0.30546149 0.20436105 0.00832778 0.9900802  0.68302265 0.95706769
  0.14735563 0.52303148]
 [0.60745027 0.82728865 0.69774418 0.28358815 0.26909989 1.
  0.23395295 0.93733935 0.53782861 0.84679136 0.04622883 0.
  0.30546149 0.20436105 0.00832778 0.9900802  0.68302265 0.95706769
  0.14735563 0.52303148]
 [0.60745027 0.82728865 0.69774418 0.28358815 0.26909989 1.
  0.23395295 0.93733935 0.53782861 0.84679136 0.04622883 0.
  0.30546149 0.20436105 0.00832778 0.9900802  0.68302265 0.95706769
  0.14735563 0.52303148]
 [0.60745027 0.82728865 0.69774418 0.28358815 0.26909989 1.
  0.23395295 0.93733935 0.53782861 0.84679136 0.04622883 0.
  0.30546149 0.20436105 0.00832778 0.9900802  0.68302265 0.95706769
  0.14735563 0.52303148]
 [0.60745027 0.82728865 0.69774418 0.28358815 0.26909989 1.
  0.23395295 0.93733935 0.53782861 0.84679136 0.04622883 0.
  0.30546149 0.20436105 0.00832778 0.9900802  0.68302265 0.95706769
  0.14735563 0.52303148]
 [0.60745027 0.82728865 0.69774418 0.28358815 0.26909989 1.
  0.23395295 0.93733935 0.53782861 0.84679136 0.04622883 0.
  0.30546149 0.20436105 0.00832778 0.9900802  0.68302265 0.95706769
  0.14735563 0.52303148]
 [0.60745027 0.82728865 0.69774418 0.28358815 0.26909989 1.
  0.23395295 0.93733935 0.53782861 0.84679136 0.04622883 0.
  0.30546149 0.20436105 0.00832778 0.9900802  0.68302265 0.95706769
  0.14735563 0.52303148]
 [0.60745027 0.82728865 0.69774418 0.28358815 0.26909989 1.
  0.23395295 0.93733935 0.53782861 0.84679136 0.04622883 0.
  0.30546149 0.20436105 0.00832778 0.9900802  0.68302265 0.95706769
  0.14735563 0.52303148]
 [0.60745027 0.82728865 0.69774418 0.28358815 0.26909989 1.
  0.23395295 0.93733935 0.53782861 0.84679136 0.04622883 0.
  0.30546149 0.20436105 0.00832778 0.9900802  0.68302265 0.95706769
  0.14735563 0.52303148]
 [0.60745027 0.82728865 0.69774418 0.28358815 0.26909989 1.
  0.23395295 0.93733935 0.53782861 0.84679136 0.04622883 0.
  0.30546149 0.20436105 0.00832778 0.9900802  0.68302265 0.95706769
  0.14735563 0.52303148]
 [0.60745027 0.82728865 0.69774418 0.28358815 0.26909989 1.
  0.23395295 0.93733935 0.53782861 0.84679136 0.04622883 0.
  0.30546149 0.20436105 0.00832778 0.9900802  0.68302265 0.95706769
  0.14735563 0.52303148]
 [0.60745027 0.82728865 0.69774418 0.28358815 0.26909989 1.
  0.23395295 0.93733935 0.53782861 0.84679136 0.04622883 0.
  0.30546149 0.20436105 0.00832778 0.9900802  0.68302265 0.95706769
  0.14735563 0.52303148]
 [0.60745027 0.82728865 0.69774418 0.28358815 0.26909989 1.
  0.23395295 0.93733935 0.53782861 0.84679136 0.04622883 0.
  0.30546149 0.20436105 0.00832778 0.9900802  0.68302265 0.95706769
  0.14735563 0.52303148]
 [0.60745027 0.82728865 0.69774418 0.28358815 0.26909989 1.
  0.23395295 0.93733935 0.53782861 0.84679136 0.04622883 0.
  0.30546149 0.20436105 0.00832778 0.9900802  0.68302265 0.95706769
  0.14735563 0.52303148]
 [0.60745027 0.82728865 0.69774418 0.28358815 0.26909989 1.
  0.23395295 0.93733935 0.53782861 0.84679136 0.04622883 0.
  0.30546149 0.20436105 0.00832778 0.9900802  0.68302265 0.95706769
  0.14735563 0.52303148]
 [0.60745027 0.82728865 0.69774418 0.28358815 0.26909989 1.
  0.23395295 0.93733935 0.53782861 0.84679136 0.04622883 0.
  0.30546149 0.20436105 0.00832778 0.9900802  0.68302265 0.95706769
  0.14735563 0.52303148]
 [0.60745027 0.82728865 0.69774418 0.28358815 0.26909989 1.
  0.23395295 0.93733935 0.53782861 0.84679136 0.04622883 0.
  0.30546149 0.20436105 0.00832778 0.9900802  0.68302265 0.95706769
  0.14735563 0.52303148]
 [0.60745027 0.82728865 0.69774418 0.28358815 0.26909989 1.
  0.23395295 0.93733935 0.53782861 0.84679136 0.04622883 0.
  0.30546149 0.20436105 0.00832778 0.9900802  0.68302265 0.95706769
  0.14735563 0.52303148]
 [0.60745027 0.82728865 0.69774418 0.28358815 0.26909989 1.
  0.23395295 0.93733935 0.53782861 0.84679136 0.04622883 0.
  0.30546149 0.20436105 0.00832778 0.9900802  0.68302265 0.95706769
  0.14735563 0.52303148]]"
73,"[[0.84926828 0.         0.31761962 0.66272353 0.749722   0.22546051
  0.58008973 0.94299961 0.51636575 0.23300628 0.02805138 0.67254004
  0.51280139 0.71167149 1.         0.65738137 0.32200008 0.74662476
  0.9815844  0.71641647]
 [0.84926828 0.         0.31761962 0.66272353 0.749722   0.22546051
  0.58008973 0.94299961 0.51636575 0.23300628 0.02805138 0.67254004
  0.51280139 0.71167149 1.         0.65738137 0.32200008 0.74662476
  0.9815844  0.71641647]
 [0.84926828 0.         0.31761962 0.66272353 0.749722   0.22546051
  0.58008973 0.94299961 0.51636575 0.23300628 0.02805138 0.67254004
  0.51280139 0.71167149 1.         0.65738137 0.32200008 0.74662476
  0.9815844  0.71641647]
 [0.84926828 0.         0.31761962 0.66272353 0.749722   0.22546051
  0.58008973 0.94299961 0.51636575 0.23300628 0.02805138 0.67254004
  0.51280139 0.71167149 1.         0.65738137 0.32200008 0.74662476
  0.9815844  0.71641647]
 [0.84926828 0.         0.31761962 0.66272353 0.749722   0.22546051
  0.58008973 0.94299961 0.51636575 0.23300628 0.02805138 0.67254004
  0.51280139 0.71167149 1.         0.65738137 0.32200008 0.74662476
  0.9815844  0.71641647]
 [0.84926828 0.         0.31761962 0.66272353 0.749722   0.22546051
  0.58008973 0.94299961 0.51636575 0.23300628 0.02805138 0.67254004
  0.51280139 0.71167149 1.         0.65738137 0.32200008 0.74662476
  0.9815844  0.71641647]
 [0.84926828 0.         0.31761962 0.66272353 0.749722   0.22546051
  0.58008973 0.94299961 0.51636575 0.23300628 0.02805138 0.67254004
  0.51280139 0.71167149 1.         0.65738137 0.32200008 0.74662476
  0.9815844  0.71641647]
 [0.84926828 0.         0.31761962 0.66272353 0.749722   0.22546051
  0.58008973 0.94299961 0.51636575 0.23300628 0.02805138 0.67254004
  0.51280139 0.71167149 1.         0.65738137 0.32200008 0.74662476
  0.9815844  0.71641647]
 [0.84926828 0.         0.31761962 0.66272353 0.749722   0.22546051
  0.58008973 0.94299961 0.51636575 0.23300628 0.02805138 0.67254004
  0.51280139 0.71167149 1.         0.65738137 0.32200008 0.74662476
  0.9815844  0.71641647]
 [0.84926828 0.         0.31761962 0.66272353 0.749722   0.22546051
  0.58008973 0.94299961 0.51636575 0.23300628 0.02805138 0.67254004
  0.51280139 0.71167149 1.         0.65738137 0.32200008 0.74662476
  0.9815844  0.71641647]
 [0.84926828 0.         0.31761962 0.66272353 0.749722   0.22546051
  0.58008973 0.94299961 0.51636575 0.23300628 0.02805138 0.67254004
  0.51280139 0.71167149 1.         0.65738137 0.32200008 0.74662476
  0.9815844  0.71641647]
 [0.84926828 0.         0.31761962 0.66272353 0.749722   0.22546051
  0.58008973 0.94299961 0.51636575 0.23300628 0.02805138 0.67254004
  0.51280139 0.71167149 1.         0.65738137 0.32200008 0.74662476
  0.9815844  0.71641647]
 [0.84926828 0.         0.31761962 0.66272353 0.749722   0.22546051
  0.58008973 0.94299961 0.51636575 0.23300628 0.02805138 0.67254004
  0.51280139 0.71167149 1.         0.65738137 0.32200008 0.74662476
  0.9815844  0.71641647]
 [0.84926828 0.         0.31761962 0.66272353 0.749722   0.22546051
  0.58008973 0.94299961 0.51636575 0.23300628 0.02805138 0.67254004
  0.51280139 0.71167149 1.         0.65738137 0.32200008 0.74662476
  0.9815844  0.71641647]
 [0.84926828 0.         0.31761962 0.66272353 0.749722   0.22546051
  0.58008973 0.94299961 0.51636575 0.23300628 0.02805138 0.67254004
  0.51280139 0.71167149 1.         0.65738137 0.32200008 0.74662476
  0.9815844  0.71641647]
 [0.84926828 0.         0.31761962 0.66272353 0.749722   0.22546051
  0.58008973 0.94299961 0.51636575 0.23300628 0.02805138 0.67254004
  0.51280139 0.71167149 1.         0.65738137 0.32200008 0.74662476
  0.9815844  0.71641647]
 [0.84926828 0.         0.31761962 0.66272353 0.749722   0.22546051
  0.58008973 0.94299961 0.51636575 0.23300628 0.02805138 0.67254004
  0.51280139 0.71167149 1.         0.65738137 0.32200008 0.74662476
  0.9815844  0.71641647]
 [0.84926828 0.         0.31761962 0.66272353 0.749722   0.22546051
  0.58008973 0.94299961 0.51636575 0.23300628 0.02805138 0.67254004
  0.51280139 0.71167149 1.         0.65738137 0.32200008 0.74662476
  0.9815844  0.71641647]
 [0.84926828 0.         0.31761962 0.66272353 0.749722   0.22546051
  0.58008973 0.94299961 0.51636575 0.23300628 0.02805138 0.67254004
  0.51280139 0.71167149 1.         0.65738137 0.32200008 0.74662476
  0.9815844  0.71641647]
 [0.84926828 0.         0.31761962 0.66272353 0.749722   0.22546051
  0.58008973 0.94299961 0.51636575 0.23300628 0.02805138 0.67254004
  0.51280139 0.71167149 1.         0.65738137 0.32200008 0.74662476
  0.9815844  0.71641647]]"
74,"[[0.0125623  0.92426915 0.02015421 0.         0.39811917 0.45868929
  0.94748087 0.63614598 0.50308164 0.76751984 0.54598228 0.73880794
  0.51444039 0.37894354 0.66553889 0.48064173 0.34843865 0.42433576
  1.         0.67858248]
 [0.0125623  0.92426915 0.02015421 0.         0.39811917 0.45868929
  0.94748087 0.63614598 0.50308164 0.76751984 0.54598228 0.73880794
  0.51444039 0.37894354 0.66553889 0.48064173 0.34843865 0.42433576
  1.         0.67858248]
 [0.0125623  0.92426915 0.02015421 0.         0.39811917 0.45868929
  0.94748087 0.63614598 0.50308164 0.76751984 0.54598228 0.73880794
  0.51444039 0.37894354 0.66553889 0.48064173 0.34843865 0.42433576
  1.         0.67858248]
 [0.0125623  0.92426915 0.02015421 0.         0.39811917 0.45868929
  0.94748087 0.63614598 0.50308164 0.76751984 0.54598228 0.73880794
  0.51444039 0.37894354 0.66553889 0.48064173 0.34843865 0.42433576
  1.         0.67858248]
 [0.0125623  0.92426915 0.02015421 0.         0.39811917 0.45868929
  0.94748087 0.63614598 0.50308164 0.76751984 0.54598228 0.73880794
  0.51444039 0.37894354 0.66553889 0.48064173 0.34843865 0.42433576
  1.         0.67858248]
 [0.0125623  0.92426915 0.02015421 0.         0.39811917 0.45868929
  0.94748087 0.63614598 0.50308164 0.76751984 0.54598228 0.73880794
  0.51444039 0.37894354 0.66553889 0.48064173 0.34843865 0.42433576
  1.         0.67858248]
 [0.0125623  0.92426915 0.02015421 0.         0.39811917 0.45868929
  0.94748087 0.63614598 0.50308164 0.76751984 0.54598228 0.73880794
  0.51444039 0.37894354 0.66553889 0.48064173 0.34843865 0.42433576
  1.         0.67858248]
 [0.0125623  0.92426915 0.02015421 0.         0.39811917 0.45868929
  0.94748087 0.63614598 0.50308164 0.76751984 0.54598228 0.73880794
  0.51444039 0.37894354 0.66553889 0.48064173 0.34843865 0.42433576
  1.         0.67858248]
 [0.0125623  0.92426915 0.02015421 0.         0.39811917 0.45868929
  0.94748087 0.63614598 0.50308164 0.76751984 0.54598228 0.73880794
  0.51444039 0.37894354 0.66553889 0.48064173 0.34843865 0.42433576
  1.         0.67858248]
 [0.0125623  0.92426915 0.02015421 0.         0.39811917 0.45868929
  0.94748087 0.63614598 0.50308164 0.76751984 0.54598228 0.73880794
  0.51444039 0.37894354 0.66553889 0.48064173 0.34843865 0.42433576
  1.         0.67858248]
 [0.0125623  0.92426915 0.02015421 0.         0.39811917 0.45868929
  0.94748087 0.63614598 0.50308164 0.76751984 0.54598228 0.73880794
  0.51444039 0.37894354 0.66553889 0.48064173 0.34843865 0.42433576
  1.         0.67858248]
 [0.0125623  0.92426915 0.02015421 0.         0.39811917 0.45868929
  0.94748087 0.63614598 0.50308164 0.76751984 0.54598228 0.73880794
  0.51444039 0.37894354 0.66553889 0.48064173 0.34843865 0.42433576
  1.         0.67858248]
 [0.0125623  0.92426915 0.02015421 0.         0.39811917 0.45868929
  0.94748087 0.63614598 0.50308164 0.76751984 0.54598228 0.73880794
  0.51444039 0.37894354 0.66553889 0.48064173 0.34843865 0.42433576
  1.         0.67858248]
 [0.0125623  0.92426915 0.02015421 0.         0.39811917 0.45868929
  0.94748087 0.63614598 0.50308164 0.76751984 0.54598228 0.73880794
  0.51444039 0.37894354 0.66553889 0.48064173 0.34843865 0.42433576
  1.         0.67858248]
 [0.0125623  0.92426915 0.02015421 0.         0.39811917 0.45868929
  0.94748087 0.63614598 0.50308164 0.76751984 0.54598228 0.73880794
  0.51444039 0.37894354 0.66553889 0.48064173 0.34843865 0.42433576
  1.         0.67858248]
 [0.0125623  0.92426915 0.02015421 0.         0.39811917 0.45868929
  0.94748087 0.63614598 0.50308164 0.76751984 0.54598228 0.73880794
  0.51444039 0.37894354 0.66553889 0.48064173 0.34843865 0.42433576
  1.         0.67858248]
 [0.0125623  0.92426915 0.02015421 0.         0.39811917 0.45868929
  0.94748087 0.63614598 0.50308164 0.76751984 0.54598228 0.73880794
  0.51444039 0.37894354 0.66553889 0.48064173 0.34843865 0.42433576
  1.         0.67858248]
 [0.0125623  0.92426915 0.02015421 0.         0.39811917 0.45868929
  0.94748087 0.63614598 0.50308164 0.76751984 0.54598228 0.73880794
  0.51444039 0.37894354 0.66553889 0.48064173 0.34843865 0.42433576
  1.         0.67858248]
 [0.0125623  0.92426915 0.02015421 0.         0.39811917 0.45868929
  0.94748087 0.63614598 0.50308164 0.76751984 0.54598228 0.73880794
  0.51444039 0.37894354 0.66553889 0.48064173 0.34843865 0.42433576
  1.         0.67858248]
 [0.0125623  0.92426915 0.02015421 0.         0.39811917 0.45868929
  0.94748087 0.63614598 0.50308164 0.76751984 0.54598228 0.73880794
  0.51444039 0.37894354 0.66553889 0.48064173 0.34843865 0.42433576
  1.         0.67858248]]"
75,"[[0.40454082 0.83779198 0.373795   0.         0.4209443  0.86546272
  0.03029599 0.3755779  1.         0.47795329 0.47120965 0.36624689
  0.01059273 0.07243767 0.37972205 0.41102316 0.74758575 0.02631581
  0.53961019 0.97449455]
 [0.40454082 0.83779198 0.373795   0.         0.4209443  0.86546272
  0.03029599 0.3755779  1.         0.47795329 0.47120965 0.36624689
  0.01059273 0.07243767 0.37972205 0.41102316 0.74758575 0.02631581
  0.53961019 0.97449455]
 [0.40454082 0.83779198 0.373795   0.         0.4209443  0.86546272
  0.03029599 0.3755779  1.         0.47795329 0.47120965 0.36624689
  0.01059273 0.07243767 0.37972205 0.41102316 0.74758575 0.02631581
  0.53961019 0.97449455]
 [0.40454082 0.83779198 0.373795   0.         0.4209443  0.86546272
  0.03029599 0.3755779  1.         0.47795329 0.47120965 0.36624689
  0.01059273 0.07243767 0.37972205 0.41102316 0.74758575 0.02631581
  0.53961019 0.97449455]
 [0.40454082 0.83779198 0.373795   0.         0.4209443  0.86546272
  0.03029599 0.3755779  1.         0.47795329 0.47120965 0.36624689
  0.01059273 0.07243767 0.37972205 0.41102316 0.74758575 0.02631581
  0.53961019 0.97449455]
 [0.40454082 0.83779198 0.373795   0.         0.4209443  0.86546272
  0.03029599 0.3755779  1.         0.47795329 0.47120965 0.36624689
  0.01059273 0.07243767 0.37972205 0.41102316 0.74758575 0.02631581
  0.53961019 0.97449455]
 [0.40454082 0.83779198 0.373795   0.         0.4209443  0.86546272
  0.03029599 0.3755779  1.         0.47795329 0.47120965 0.36624689
  0.01059273 0.07243767 0.37972205 0.41102316 0.74758575 0.02631581
  0.53961019 0.97449455]
 [0.40454082 0.83779198 0.373795   0.         0.4209443  0.86546272
  0.03029599 0.3755779  1.         0.47795329 0.47120965 0.36624689
  0.01059273 0.07243767 0.37972205 0.41102316 0.74758575 0.02631581
  0.53961019 0.97449455]
 [0.40454082 0.83779198 0.373795   0.         0.4209443  0.86546272
  0.03029599 0.3755779  1.         0.47795329 0.47120965 0.36624689
  0.01059273 0.07243767 0.37972205 0.41102316 0.74758575 0.02631581
  0.53961019 0.97449455]
 [0.40454082 0.83779198 0.373795   0.         0.4209443  0.86546272
  0.03029599 0.3755779  1.         0.47795329 0.47120965 0.36624689
  0.01059273 0.07243767 0.37972205 0.41102316 0.74758575 0.02631581
  0.53961019 0.97449455]
 [0.40454082 0.83779198 0.373795   0.         0.4209443  0.86546272
  0.03029599 0.3755779  1.         0.47795329 0.47120965 0.36624689
  0.01059273 0.07243767 0.37972205 0.41102316 0.74758575 0.02631581
  0.53961019 0.97449455]
 [0.40454082 0.83779198 0.373795   0.         0.4209443  0.86546272
  0.03029599 0.3755779  1.         0.47795329 0.47120965 0.36624689
  0.01059273 0.07243767 0.37972205 0.41102316 0.74758575 0.02631581
  0.53961019 0.97449455]
 [0.40454082 0.83779198 0.373795   0.         0.4209443  0.86546272
  0.03029599 0.3755779  1.         0.47795329 0.47120965 0.36624689
  0.01059273 0.07243767 0.37972205 0.41102316 0.74758575 0.02631581
  0.53961019 0.97449455]
 [0.40454082 0.83779198 0.373795   0.         0.4209443  0.86546272
  0.03029599 0.3755779  1.         0.47795329 0.47120965 0.36624689
  0.01059273 0.07243767 0.37972205 0.41102316 0.74758575 0.02631581
  0.53961019 0.97449455]
 [0.40454082 0.83779198 0.373795   0.         0.4209443  0.86546272
  0.03029599 0.3755779  1.         0.47795329 0.47120965 0.36624689
  0.01059273 0.07243767 0.37972205 0.41102316 0.74758575 0.02631581
  0.53961019 0.97449455]
 [0.40454082 0.83779198 0.373795   0.         0.4209443  0.86546272
  0.03029599 0.3755779  1.         0.47795329 0.47120965 0.36624689
  0.01059273 0.07243767 0.37972205 0.41102316 0.74758575 0.02631581
  0.53961019 0.97449455]
 [0.40454082 0.83779198 0.373795   0.         0.4209443  0.86546272
  0.03029599 0.3755779  1.         0.47795329 0.47120965 0.36624689
  0.01059273 0.07243767 0.37972205 0.41102316 0.74758575 0.02631581
  0.53961019 0.97449455]
 [0.40454082 0.83779198 0.373795   0.         0.4209443  0.86546272
  0.03029599 0.3755779  1.         0.47795329 0.47120965 0.36624689
  0.01059273 0.07243767 0.37972205 0.41102316 0.74758575 0.02631581
  0.53961019 0.97449455]
 [0.40454082 0.83779198 0.373795   0.         0.4209443  0.86546272
  0.03029599 0.3755779  1.         0.47795329 0.47120965 0.36624689
  0.01059273 0.07243767 0.37972205 0.41102316 0.74758575 0.02631581
  0.53961019 0.97449455]
 [0.40454082 0.83779198 0.373795   0.         0.4209443  0.86546272
  0.03029599 0.3755779  1.         0.47795329 0.47120965 0.36624689
  0.01059273 0.07243767 0.37972205 0.41102316 0.74758575 0.02631581
  0.53961019 0.97449455]]"
76,"[[0.19232268 0.54671512 0.1954862  0.45772093 0.03714099 1.
  0.46158266 0.54181728 0.         0.92650427 0.11188623 0.03554693
  0.46883769 0.84523099 0.78224661 0.45984075 0.09061718 0.81872764
  0.29950904 0.88410739]
 [0.19232268 0.54671512 0.1954862  0.45772093 0.03714099 1.
  0.46158266 0.54181728 0.         0.92650427 0.11188623 0.03554693
  0.46883769 0.84523099 0.78224661 0.45984075 0.09061718 0.81872764
  0.29950904 0.88410739]
 [0.19232268 0.54671512 0.1954862  0.45772093 0.03714099 1.
  0.46158266 0.54181728 0.         0.92650427 0.11188623 0.03554693
  0.46883769 0.84523099 0.78224661 0.45984075 0.09061718 0.81872764
  0.29950904 0.88410739]
 [0.19232268 0.54671512 0.1954862  0.45772093 0.03714099 1.
  0.46158266 0.54181728 0.         0.92650427 0.11188623 0.03554693
  0.46883769 0.84523099 0.78224661 0.45984075 0.09061718 0.81872764
  0.29950904 0.88410739]
 [0.19232268 0.54671512 0.1954862  0.45772093 0.03714099 1.
  0.46158266 0.54181728 0.         0.92650427 0.11188623 0.03554693
  0.46883769 0.84523099 0.78224661 0.45984075 0.09061718 0.81872764
  0.29950904 0.88410739]
 [0.19232268 0.54671512 0.1954862  0.45772093 0.03714099 1.
  0.46158266 0.54181728 0.         0.92650427 0.11188623 0.03554693
  0.46883769 0.84523099 0.78224661 0.45984075 0.09061718 0.81872764
  0.29950904 0.88410739]
 [0.19232268 0.54671512 0.1954862  0.45772093 0.03714099 1.
  0.46158266 0.54181728 0.         0.92650427 0.11188623 0.03554693
  0.46883769 0.84523099 0.78224661 0.45984075 0.09061718 0.81872764
  0.29950904 0.88410739]
 [0.19232268 0.54671512 0.1954862  0.45772093 0.03714099 1.
  0.46158266 0.54181728 0.         0.92650427 0.11188623 0.03554693
  0.46883769 0.84523099 0.78224661 0.45984075 0.09061718 0.81872764
  0.29950904 0.88410739]
 [0.19232268 0.54671512 0.1954862  0.45772093 0.03714099 1.
  0.46158266 0.54181728 0.         0.92650427 0.11188623 0.03554693
  0.46883769 0.84523099 0.78224661 0.45984075 0.09061718 0.81872764
  0.29950904 0.88410739]
 [0.19232268 0.54671512 0.1954862  0.45772093 0.03714099 1.
  0.46158266 0.54181728 0.         0.92650427 0.11188623 0.03554693
  0.46883769 0.84523099 0.78224661 0.45984075 0.09061718 0.81872764
  0.29950904 0.88410739]
 [0.19232268 0.54671512 0.1954862  0.45772093 0.03714099 1.
  0.46158266 0.54181728 0.         0.92650427 0.11188623 0.03554693
  0.46883769 0.84523099 0.78224661 0.45984075 0.09061718 0.81872764
  0.29950904 0.88410739]
 [0.19232268 0.54671512 0.1954862  0.45772093 0.03714099 1.
  0.46158266 0.54181728 0.         0.92650427 0.11188623 0.03554693
  0.46883769 0.84523099 0.78224661 0.45984075 0.09061718 0.81872764
  0.29950904 0.88410739]
 [0.19232268 0.54671512 0.1954862  0.45772093 0.03714099 1.
  0.46158266 0.54181728 0.         0.92650427 0.11188623 0.03554693
  0.46883769 0.84523099 0.78224661 0.45984075 0.09061718 0.81872764
  0.29950904 0.88410739]
 [0.19232268 0.54671512 0.1954862  0.45772093 0.03714099 1.
  0.46158266 0.54181728 0.         0.92650427 0.11188623 0.03554693
  0.46883769 0.84523099 0.78224661 0.45984075 0.09061718 0.81872764
  0.29950904 0.88410739]
 [0.19232268 0.54671512 0.1954862  0.45772093 0.03714099 1.
  0.46158266 0.54181728 0.         0.92650427 0.11188623 0.03554693
  0.46883769 0.84523099 0.78224661 0.45984075 0.09061718 0.81872764
  0.29950904 0.88410739]
 [0.19232268 0.54671512 0.1954862  0.45772093 0.03714099 1.
  0.46158266 0.54181728 0.         0.92650427 0.11188623 0.03554693
  0.46883769 0.84523099 0.78224661 0.45984075 0.09061718 0.81872764
  0.29950904 0.88410739]
 [0.19232268 0.54671512 0.1954862  0.45772093 0.03714099 1.
  0.46158266 0.54181728 0.         0.92650427 0.11188623 0.03554693
  0.46883769 0.84523099 0.78224661 0.45984075 0.09061718 0.81872764
  0.29950904 0.88410739]
 [0.19232268 0.54671512 0.1954862  0.45772093 0.03714099 1.
  0.46158266 0.54181728 0.         0.92650427 0.11188623 0.03554693
  0.46883769 0.84523099 0.78224661 0.45984075 0.09061718 0.81872764
  0.29950904 0.88410739]
 [0.19232268 0.54671512 0.1954862  0.45772093 0.03714099 1.
  0.46158266 0.54181728 0.         0.92650427 0.11188623 0.03554693
  0.46883769 0.84523099 0.78224661 0.45984075 0.09061718 0.81872764
  0.29950904 0.88410739]
 [0.19232268 0.54671512 0.1954862  0.45772093 0.03714099 1.
  0.46158266 0.54181728 0.         0.92650427 0.11188623 0.03554693
  0.46883769 0.84523099 0.78224661 0.45984075 0.09061718 0.81872764
  0.29950904 0.88410739]]"
77,"[[0.1178988  0.57025663 0.32681037 0.4630332  0.1209987  0.77725987
  0.93212533 0.73635574 0.34598685 0.24416228 0.         0.06320863
  0.88515137 1.         0.46310252 0.11800405 0.97817673 0.29466281
  0.82950577 0.15331572]
 [0.1178988  0.57025663 0.32681037 0.4630332  0.1209987  0.77725987
  0.93212533 0.73635574 0.34598685 0.24416228 0.         0.06320863
  0.88515137 1.         0.46310252 0.11800405 0.97817673 0.29466281
  0.82950577 0.15331572]
 [0.1178988  0.57025663 0.32681037 0.4630332  0.1209987  0.77725987
  0.93212533 0.73635574 0.34598685 0.24416228 0.         0.06320863
  0.88515137 1.         0.46310252 0.11800405 0.97817673 0.29466281
  0.82950577 0.15331572]
 [0.1178988  0.57025663 0.32681037 0.4630332  0.1209987  0.77725987
  0.93212533 0.73635574 0.34598685 0.24416228 0.         0.06320863
  0.88515137 1.         0.46310252 0.11800405 0.97817673 0.29466281
  0.82950577 0.15331572]
 [0.1178988  0.57025663 0.32681037 0.4630332  0.1209987  0.77725987
  0.93212533 0.73635574 0.34598685 0.24416228 0.         0.06320863
  0.88515137 1.         0.46310252 0.11800405 0.97817673 0.29466281
  0.82950577 0.15331572]
 [0.1178988  0.57025663 0.32681037 0.4630332  0.1209987  0.77725987
  0.93212533 0.73635574 0.34598685 0.24416228 0.         0.06320863
  0.88515137 1.         0.46310252 0.11800405 0.97817673 0.29466281
  0.82950577 0.15331572]
 [0.1178988  0.57025663 0.32681037 0.4630332  0.1209987  0.77725987
  0.93212533 0.73635574 0.34598685 0.24416228 0.         0.06320863
  0.88515137 1.         0.46310252 0.11800405 0.97817673 0.29466281
  0.82950577 0.15331572]
 [0.1178988  0.57025663 0.32681037 0.4630332  0.1209987  0.77725987
  0.93212533 0.73635574 0.34598685 0.24416228 0.         0.06320863
  0.88515137 1.         0.46310252 0.11800405 0.97817673 0.29466281
  0.82950577 0.15331572]
 [0.1178988  0.57025663 0.32681037 0.4630332  0.1209987  0.77725987
  0.93212533 0.73635574 0.34598685 0.24416228 0.         0.06320863
  0.88515137 1.         0.46310252 0.11800405 0.97817673 0.29466281
  0.82950577 0.15331572]
 [0.1178988  0.57025663 0.32681037 0.4630332  0.1209987  0.77725987
  0.93212533 0.73635574 0.34598685 0.24416228 0.         0.06320863
  0.88515137 1.         0.46310252 0.11800405 0.97817673 0.29466281
  0.82950577 0.15331572]
 [0.1178988  0.57025663 0.32681037 0.4630332  0.1209987  0.77725987
  0.93212533 0.73635574 0.34598685 0.24416228 0.         0.06320863
  0.88515137 1.         0.46310252 0.11800405 0.97817673 0.29466281
  0.82950577 0.15331572]
 [0.1178988  0.57025663 0.32681037 0.4630332  0.1209987  0.77725987
  0.93212533 0.73635574 0.34598685 0.24416228 0.         0.06320863
  0.88515137 1.         0.46310252 0.11800405 0.97817673 0.29466281
  0.82950577 0.15331572]
 [0.1178988  0.57025663 0.32681037 0.4630332  0.1209987  0.77725987
  0.93212533 0.73635574 0.34598685 0.24416228 0.         0.06320863
  0.88515137 1.         0.46310252 0.11800405 0.97817673 0.29466281
  0.82950577 0.15331572]
 [0.1178988  0.57025663 0.32681037 0.4630332  0.1209987  0.77725987
  0.93212533 0.73635574 0.34598685 0.24416228 0.         0.06320863
  0.88515137 1.         0.46310252 0.11800405 0.97817673 0.29466281
  0.82950577 0.15331572]
 [0.1178988  0.57025663 0.32681037 0.4630332  0.1209987  0.77725987
  0.93212533 0.73635574 0.34598685 0.24416228 0.         0.06320863
  0.88515137 1.         0.46310252 0.11800405 0.97817673 0.29466281
  0.82950577 0.15331572]
 [0.1178988  0.57025663 0.32681037 0.4630332  0.1209987  0.77725987
  0.93212533 0.73635574 0.34598685 0.24416228 0.         0.06320863
  0.88515137 1.         0.46310252 0.11800405 0.97817673 0.29466281
  0.82950577 0.15331572]
 [0.1178988  0.57025663 0.32681037 0.4630332  0.1209987  0.77725987
  0.93212533 0.73635574 0.34598685 0.24416228 0.         0.06320863
  0.88515137 1.         0.46310252 0.11800405 0.97817673 0.29466281
  0.82950577 0.15331572]
 [0.1178988  0.57025663 0.32681037 0.4630332  0.1209987  0.77725987
  0.93212533 0.73635574 0.34598685 0.24416228 0.         0.06320863
  0.88515137 1.         0.46310252 0.11800405 0.97817673 0.29466281
  0.82950577 0.15331572]
 [0.1178988  0.57025663 0.32681037 0.4630332  0.1209987  0.77725987
  0.93212533 0.73635574 0.34598685 0.24416228 0.         0.06320863
  0.88515137 1.         0.46310252 0.11800405 0.97817673 0.29466281
  0.82950577 0.15331572]
 [0.1178988  0.57025663 0.32681037 0.4630332  0.1209987  0.77725987
  0.93212533 0.73635574 0.34598685 0.24416228 0.         0.06320863
  0.88515137 1.         0.46310252 0.11800405 0.97817673 0.29466281
  0.82950577 0.15331572]]"
78,"[[0.8696469  0.37583163 0.40175151 0.38134097 0.47750301 0.
  0.90329177 0.71596998 0.0049295  0.49742865 0.03997795 0.91963971
  0.91076771 0.06472515 0.83190613 0.18378254 0.9282029  0.16739819
  0.57055804 1.        ]
 [0.8696469  0.37583163 0.40175151 0.38134097 0.47750301 0.
  0.90329177 0.71596998 0.0049295  0.49742865 0.03997795 0.91963971
  0.91076771 0.06472515 0.83190613 0.18378254 0.9282029  0.16739819
  0.57055804 1.        ]
 [0.8696469  0.37583163 0.40175151 0.38134097 0.47750301 0.
  0.90329177 0.71596998 0.0049295  0.49742865 0.03997795 0.91963971
  0.91076771 0.06472515 0.83190613 0.18378254 0.9282029  0.16739819
  0.57055804 1.        ]
 [0.8696469  0.37583163 0.40175151 0.38134097 0.47750301 0.
  0.90329177 0.71596998 0.0049295  0.49742865 0.03997795 0.91963971
  0.91076771 0.06472515 0.83190613 0.18378254 0.9282029  0.16739819
  0.57055804 1.        ]
 [0.8696469  0.37583163 0.40175151 0.38134097 0.47750301 0.
  0.90329177 0.71596998 0.0049295  0.49742865 0.03997795 0.91963971
  0.91076771 0.06472515 0.83190613 0.18378254 0.9282029  0.16739819
  0.57055804 1.        ]
 [0.8696469  0.37583163 0.40175151 0.38134097 0.47750301 0.
  0.90329177 0.71596998 0.0049295  0.49742865 0.03997795 0.91963971
  0.91076771 0.06472515 0.83190613 0.18378254 0.9282029  0.16739819
  0.57055804 1.        ]
 [0.8696469  0.37583163 0.40175151 0.38134097 0.47750301 0.
  0.90329177 0.71596998 0.0049295  0.49742865 0.03997795 0.91963971
  0.91076771 0.06472515 0.83190613 0.18378254 0.9282029  0.16739819
  0.57055804 1.        ]
 [0.8696469  0.37583163 0.40175151 0.38134097 0.47750301 0.
  0.90329177 0.71596998 0.0049295  0.49742865 0.03997795 0.91963971
  0.91076771 0.06472515 0.83190613 0.18378254 0.9282029  0.16739819
  0.57055804 1.        ]
 [0.8696469  0.37583163 0.40175151 0.38134097 0.47750301 0.
  0.90329177 0.71596998 0.0049295  0.49742865 0.03997795 0.91963971
  0.91076771 0.06472515 0.83190613 0.18378254 0.9282029  0.16739819
  0.57055804 1.        ]
 [0.8696469  0.37583163 0.40175151 0.38134097 0.47750301 0.
  0.90329177 0.71596998 0.0049295  0.49742865 0.03997795 0.91963971
  0.91076771 0.06472515 0.83190613 0.18378254 0.9282029  0.16739819
  0.57055804 1.        ]
 [0.8696469  0.37583163 0.40175151 0.38134097 0.47750301 0.
  0.90329177 0.71596998 0.0049295  0.49742865 0.03997795 0.91963971
  0.91076771 0.06472515 0.83190613 0.18378254 0.9282029  0.16739819
  0.57055804 1.        ]
 [0.8696469  0.37583163 0.40175151 0.38134097 0.47750301 0.
  0.90329177 0.71596998 0.0049295  0.49742865 0.03997795 0.91963971
  0.91076771 0.06472515 0.83190613 0.18378254 0.9282029  0.16739819
  0.57055804 1.        ]
 [0.8696469  0.37583163 0.40175151 0.38134097 0.47750301 0.
  0.90329177 0.71596998 0.0049295  0.49742865 0.03997795 0.91963971
  0.91076771 0.06472515 0.83190613 0.18378254 0.9282029  0.16739819
  0.57055804 1.        ]
 [0.8696469  0.37583163 0.40175151 0.38134097 0.47750301 0.
  0.90329177 0.71596998 0.0049295  0.49742865 0.03997795 0.91963971
  0.91076771 0.06472515 0.83190613 0.18378254 0.9282029  0.16739819
  0.57055804 1.        ]
 [0.8696469  0.37583163 0.40175151 0.38134097 0.47750301 0.
  0.90329177 0.71596998 0.0049295  0.49742865 0.03997795 0.91963971
  0.91076771 0.06472515 0.83190613 0.18378254 0.9282029  0.16739819
  0.57055804 1.        ]
 [0.8696469  0.37583163 0.40175151 0.38134097 0.47750301 0.
  0.90329177 0.71596998 0.0049295  0.49742865 0.03997795 0.91963971
  0.91076771 0.06472515 0.83190613 0.18378254 0.9282029  0.16739819
  0.57055804 1.        ]
 [0.8696469  0.37583163 0.40175151 0.38134097 0.47750301 0.
  0.90329177 0.71596998 0.0049295  0.49742865 0.03997795 0.91963971
  0.91076771 0.06472515 0.83190613 0.18378254 0.9282029  0.16739819
  0.57055804 1.        ]
 [0.8696469  0.37583163 0.40175151 0.38134097 0.47750301 0.
  0.90329177 0.71596998 0.0049295  0.49742865 0.03997795 0.91963971
  0.91076771 0.06472515 0.83190613 0.18378254 0.9282029  0.16739819
  0.57055804 1.        ]
 [0.8696469  0.37583163 0.40175151 0.38134097 0.47750301 0.
  0.90329177 0.71596998 0.0049295  0.49742865 0.03997795 0.91963971
  0.91076771 0.06472515 0.83190613 0.18378254 0.9282029  0.16739819
  0.57055804 1.        ]
 [0.8696469  0.37583163 0.40175151 0.38134097 0.47750301 0.
  0.90329177 0.71596998 0.0049295  0.49742865 0.03997795 0.91963971
  0.91076771 0.06472515 0.83190613 0.18378254 0.9282029  0.16739819
  0.57055804 1.        ]]"
79,"[[0.04786964 0.16483012 0.         0.67843303 0.01828422 0.90938426
  1.         0.92879873 0.17715531 0.05012565 0.80616987 0.94573818
  0.40700546 0.40394471 0.38785108 0.66039754 0.12180729 0.5309379
  0.0262568  0.41970647]
 [0.04786964 0.16483012 0.         0.67843303 0.01828422 0.90938426
  1.         0.92879873 0.17715531 0.05012565 0.80616987 0.94573818
  0.40700546 0.40394471 0.38785108 0.66039754 0.12180729 0.5309379
  0.0262568  0.41970647]
 [0.04786964 0.16483012 0.         0.67843303 0.01828422 0.90938426
  1.         0.92879873 0.17715531 0.05012565 0.80616987 0.94573818
  0.40700546 0.40394471 0.38785108 0.66039754 0.12180729 0.5309379
  0.0262568  0.41970647]
 [0.04786964 0.16483012 0.         0.67843303 0.01828422 0.90938426
  1.         0.92879873 0.17715531 0.05012565 0.80616987 0.94573818
  0.40700546 0.40394471 0.38785108 0.66039754 0.12180729 0.5309379
  0.0262568  0.41970647]
 [0.04786964 0.16483012 0.         0.67843303 0.01828422 0.90938426
  1.         0.92879873 0.17715531 0.05012565 0.80616987 0.94573818
  0.40700546 0.40394471 0.38785108 0.66039754 0.12180729 0.5309379
  0.0262568  0.41970647]
 [0.04786964 0.16483012 0.         0.67843303 0.01828422 0.90938426
  1.         0.92879873 0.17715531 0.05012565 0.80616987 0.94573818
  0.40700546 0.40394471 0.38785108 0.66039754 0.12180729 0.5309379
  0.0262568  0.41970647]
 [0.04786964 0.16483012 0.         0.67843303 0.01828422 0.90938426
  1.         0.92879873 0.17715531 0.05012565 0.80616987 0.94573818
  0.40700546 0.40394471 0.38785108 0.66039754 0.12180729 0.5309379
  0.0262568  0.41970647]
 [0.04786964 0.16483012 0.         0.67843303 0.01828422 0.90938426
  1.         0.92879873 0.17715531 0.05012565 0.80616987 0.94573818
  0.40700546 0.40394471 0.38785108 0.66039754 0.12180729 0.5309379
  0.0262568  0.41970647]
 [0.04786964 0.16483012 0.         0.67843303 0.01828422 0.90938426
  1.         0.92879873 0.17715531 0.05012565 0.80616987 0.94573818
  0.40700546 0.40394471 0.38785108 0.66039754 0.12180729 0.5309379
  0.0262568  0.41970647]
 [0.04786964 0.16483012 0.         0.67843303 0.01828422 0.90938426
  1.         0.92879873 0.17715531 0.05012565 0.80616987 0.94573818
  0.40700546 0.40394471 0.38785108 0.66039754 0.12180729 0.5309379
  0.0262568  0.41970647]
 [0.04786964 0.16483012 0.         0.67843303 0.01828422 0.90938426
  1.         0.92879873 0.17715531 0.05012565 0.80616987 0.94573818
  0.40700546 0.40394471 0.38785108 0.66039754 0.12180729 0.5309379
  0.0262568  0.41970647]
 [0.04786964 0.16483012 0.         0.67843303 0.01828422 0.90938426
  1.         0.92879873 0.17715531 0.05012565 0.80616987 0.94573818
  0.40700546 0.40394471 0.38785108 0.66039754 0.12180729 0.5309379
  0.0262568  0.41970647]
 [0.04786964 0.16483012 0.         0.67843303 0.01828422 0.90938426
  1.         0.92879873 0.17715531 0.05012565 0.80616987 0.94573818
  0.40700546 0.40394471 0.38785108 0.66039754 0.12180729 0.5309379
  0.0262568  0.41970647]
 [0.04786964 0.16483012 0.         0.67843303 0.01828422 0.90938426
  1.         0.92879873 0.17715531 0.05012565 0.80616987 0.94573818
  0.40700546 0.40394471 0.38785108 0.66039754 0.12180729 0.5309379
  0.0262568  0.41970647]
 [0.04786964 0.16483012 0.         0.67843303 0.01828422 0.90938426
  1.         0.92879873 0.17715531 0.05012565 0.80616987 0.94573818
  0.40700546 0.40394471 0.38785108 0.66039754 0.12180729 0.5309379
  0.0262568  0.41970647]
 [0.04786964 0.16483012 0.         0.67843303 0.01828422 0.90938426
  1.         0.92879873 0.17715531 0.05012565 0.80616987 0.94573818
  0.40700546 0.40394471 0.38785108 0.66039754 0.12180729 0.5309379
  0.0262568  0.41970647]
 [0.04786964 0.16483012 0.         0.67843303 0.01828422 0.90938426
  1.         0.92879873 0.17715531 0.05012565 0.80616987 0.94573818
  0.40700546 0.40394471 0.38785108 0.66039754 0.12180729 0.5309379
  0.0262568  0.41970647]
 [0.04786964 0.16483012 0.         0.67843303 0.01828422 0.90938426
  1.         0.92879873 0.17715531 0.05012565 0.80616987 0.94573818
  0.40700546 0.40394471 0.38785108 0.66039754 0.12180729 0.5309379
  0.0262568  0.41970647]
 [0.04786964 0.16483012 0.         0.67843303 0.01828422 0.90938426
  1.         0.92879873 0.17715531 0.05012565 0.80616987 0.94573818
  0.40700546 0.40394471 0.38785108 0.66039754 0.12180729 0.5309379
  0.0262568  0.41970647]
 [0.04786964 0.16483012 0.         0.67843303 0.01828422 0.90938426
  1.         0.92879873 0.17715531 0.05012565 0.80616987 0.94573818
  0.40700546 0.40394471 0.38785108 0.66039754 0.12180729 0.5309379
  0.0262568  0.41970647]]"
80,"[[0.8519581  0.81429228 0.85999993 0.08224291 0.41123098 0.17237325
  0.86319872 0.94748719 0.64507903 0.28276841 0.46440327 0.41147582
  0.30698385 0.         0.68684321 0.34633428 0.52675239 1.
  0.80300187 0.30106364]
 [0.8519581  0.81429228 0.85999993 0.08224291 0.41123098 0.17237325
  0.86319872 0.94748719 0.64507903 0.28276841 0.46440327 0.41147582
  0.30698385 0.         0.68684321 0.34633428 0.52675239 1.
  0.80300187 0.30106364]
 [0.8519581  0.81429228 0.85999993 0.08224291 0.41123098 0.17237325
  0.86319872 0.94748719 0.64507903 0.28276841 0.46440327 0.41147582
  0.30698385 0.         0.68684321 0.34633428 0.52675239 1.
  0.80300187 0.30106364]
 [0.8519581  0.81429228 0.85999993 0.08224291 0.41123098 0.17237325
  0.86319872 0.94748719 0.64507903 0.28276841 0.46440327 0.41147582
  0.30698385 0.         0.68684321 0.34633428 0.52675239 1.
  0.80300187 0.30106364]
 [0.8519581  0.81429228 0.85999993 0.08224291 0.41123098 0.17237325
  0.86319872 0.94748719 0.64507903 0.28276841 0.46440327 0.41147582
  0.30698385 0.         0.68684321 0.34633428 0.52675239 1.
  0.80300187 0.30106364]
 [0.8519581  0.81429228 0.85999993 0.08224291 0.41123098 0.17237325
  0.86319872 0.94748719 0.64507903 0.28276841 0.46440327 0.41147582
  0.30698385 0.         0.68684321 0.34633428 0.52675239 1.
  0.80300187 0.30106364]
 [0.8519581  0.81429228 0.85999993 0.08224291 0.41123098 0.17237325
  0.86319872 0.94748719 0.64507903 0.28276841 0.46440327 0.41147582
  0.30698385 0.         0.68684321 0.34633428 0.52675239 1.
  0.80300187 0.30106364]
 [0.8519581  0.81429228 0.85999993 0.08224291 0.41123098 0.17237325
  0.86319872 0.94748719 0.64507903 0.28276841 0.46440327 0.41147582
  0.30698385 0.         0.68684321 0.34633428 0.52675239 1.
  0.80300187 0.30106364]
 [0.8519581  0.81429228 0.85999993 0.08224291 0.41123098 0.17237325
  0.86319872 0.94748719 0.64507903 0.28276841 0.46440327 0.41147582
  0.30698385 0.         0.68684321 0.34633428 0.52675239 1.
  0.80300187 0.30106364]
 [0.8519581  0.81429228 0.85999993 0.08224291 0.41123098 0.17237325
  0.86319872 0.94748719 0.64507903 0.28276841 0.46440327 0.41147582
  0.30698385 0.         0.68684321 0.34633428 0.52675239 1.
  0.80300187 0.30106364]
 [0.8519581  0.81429228 0.85999993 0.08224291 0.41123098 0.17237325
  0.86319872 0.94748719 0.64507903 0.28276841 0.46440327 0.41147582
  0.30698385 0.         0.68684321 0.34633428 0.52675239 1.
  0.80300187 0.30106364]
 [0.8519581  0.81429228 0.85999993 0.08224291 0.41123098 0.17237325
  0.86319872 0.94748719 0.64507903 0.28276841 0.46440327 0.41147582
  0.30698385 0.         0.68684321 0.34633428 0.52675239 1.
  0.80300187 0.30106364]
 [0.8519581  0.81429228 0.85999993 0.08224291 0.41123098 0.17237325
  0.86319872 0.94748719 0.64507903 0.28276841 0.46440327 0.41147582
  0.30698385 0.         0.68684321 0.34633428 0.52675239 1.
  0.80300187 0.30106364]
 [0.8519581  0.81429228 0.85999993 0.08224291 0.41123098 0.17237325
  0.86319872 0.94748719 0.64507903 0.28276841 0.46440327 0.41147582
  0.30698385 0.         0.68684321 0.34633428 0.52675239 1.
  0.80300187 0.30106364]
 [0.8519581  0.81429228 0.85999993 0.08224291 0.41123098 0.17237325
  0.86319872 0.94748719 0.64507903 0.28276841 0.46440327 0.41147582
  0.30698385 0.         0.68684321 0.34633428 0.52675239 1.
  0.80300187 0.30106364]
 [0.8519581  0.81429228 0.85999993 0.08224291 0.41123098 0.17237325
  0.86319872 0.94748719 0.64507903 0.28276841 0.46440327 0.41147582
  0.30698385 0.         0.68684321 0.34633428 0.52675239 1.
  0.80300187 0.30106364]
 [0.8519581  0.81429228 0.85999993 0.08224291 0.41123098 0.17237325
  0.86319872 0.94748719 0.64507903 0.28276841 0.46440327 0.41147582
  0.30698385 0.         0.68684321 0.34633428 0.52675239 1.
  0.80300187 0.30106364]
 [0.8519581  0.81429228 0.85999993 0.08224291 0.41123098 0.17237325
  0.86319872 0.94748719 0.64507903 0.28276841 0.46440327 0.41147582
  0.30698385 0.         0.68684321 0.34633428 0.52675239 1.
  0.80300187 0.30106364]
 [0.8519581  0.81429228 0.85999993 0.08224291 0.41123098 0.17237325
  0.86319872 0.94748719 0.64507903 0.28276841 0.46440327 0.41147582
  0.30698385 0.         0.68684321 0.34633428 0.52675239 1.
  0.80300187 0.30106364]
 [0.8519581  0.81429228 0.85999993 0.08224291 0.41123098 0.17237325
  0.86319872 0.94748719 0.64507903 0.28276841 0.46440327 0.41147582
  0.30698385 0.         0.68684321 0.34633428 0.52675239 1.
  0.80300187 0.30106364]]"
81,"[[9.27460549e-01 2.94901627e-01 3.87151430e-01 9.47016697e-01
  1.00061176e-01 8.06006989e-01 4.96811514e-01 5.00839777e-01
  2.22519721e-04 3.22532708e-01 0.00000000e+00 6.02289170e-01
  9.90478427e-01 7.30546160e-01 2.80851256e-01 5.01594131e-02
  3.73304267e-01 3.13643769e-01 9.96355448e-01 1.00000000e+00
  6.99393539e-01 5.84217599e-01 5.43326370e-01 3.88836705e-01
  1.45127295e-01]
 [9.27460549e-01 2.94901627e-01 3.87151430e-01 9.47016697e-01
  1.00061176e-01 8.06006989e-01 4.96811514e-01 5.00839777e-01
  2.22519721e-04 3.22532708e-01 0.00000000e+00 6.02289170e-01
  9.90478427e-01 7.30546160e-01 2.80851256e-01 5.01594131e-02
  3.73304267e-01 3.13643769e-01 9.96355448e-01 1.00000000e+00
  6.99393539e-01 5.84217599e-01 5.43326370e-01 3.88836705e-01
  1.45127295e-01]
 [9.27460549e-01 2.94901627e-01 3.87151430e-01 9.47016697e-01
  1.00061176e-01 8.06006989e-01 4.96811514e-01 5.00839777e-01
  2.22519721e-04 3.22532708e-01 0.00000000e+00 6.02289170e-01
  9.90478427e-01 7.30546160e-01 2.80851256e-01 5.01594131e-02
  3.73304267e-01 3.13643769e-01 9.96355448e-01 1.00000000e+00
  6.99393539e-01 5.84217599e-01 5.43326370e-01 3.88836705e-01
  1.45127295e-01]
 [9.27460549e-01 2.94901627e-01 3.87151430e-01 9.47016697e-01
  1.00061176e-01 8.06006989e-01 4.96811514e-01 5.00839777e-01
  2.22519721e-04 3.22532708e-01 0.00000000e+00 6.02289170e-01
  9.90478427e-01 7.30546160e-01 2.80851256e-01 5.01594131e-02
  3.73304267e-01 3.13643769e-01 9.96355448e-01 1.00000000e+00
  6.99393539e-01 5.84217599e-01 5.43326370e-01 3.88836705e-01
  1.45127295e-01]
 [9.27460549e-01 2.94901627e-01 3.87151430e-01 9.47016697e-01
  1.00061176e-01 8.06006989e-01 4.96811514e-01 5.00839777e-01
  2.22519721e-04 3.22532708e-01 0.00000000e+00 6.02289170e-01
  9.90478427e-01 7.30546160e-01 2.80851256e-01 5.01594131e-02
  3.73304267e-01 3.13643769e-01 9.96355448e-01 1.00000000e+00
  6.99393539e-01 5.84217599e-01 5.43326370e-01 3.88836705e-01
  1.45127295e-01]
 [9.27460549e-01 2.94901627e-01 3.87151430e-01 9.47016697e-01
  1.00061176e-01 8.06006989e-01 4.96811514e-01 5.00839777e-01
  2.22519721e-04 3.22532708e-01 0.00000000e+00 6.02289170e-01
  9.90478427e-01 7.30546160e-01 2.80851256e-01 5.01594131e-02
  3.73304267e-01 3.13643769e-01 9.96355448e-01 1.00000000e+00
  6.99393539e-01 5.84217599e-01 5.43326370e-01 3.88836705e-01
  1.45127295e-01]
 [9.27460549e-01 2.94901627e-01 3.87151430e-01 9.47016697e-01
  1.00061176e-01 8.06006989e-01 4.96811514e-01 5.00839777e-01
  2.22519721e-04 3.22532708e-01 0.00000000e+00 6.02289170e-01
  9.90478427e-01 7.30546160e-01 2.80851256e-01 5.01594131e-02
  3.73304267e-01 3.13643769e-01 9.96355448e-01 1.00000000e+00
  6.99393539e-01 5.84217599e-01 5.43326370e-01 3.88836705e-01
  1.45127295e-01]
 [9.27460549e-01 2.94901627e-01 3.87151430e-01 9.47016697e-01
  1.00061176e-01 8.06006989e-01 4.96811514e-01 5.00839777e-01
  2.22519721e-04 3.22532708e-01 0.00000000e+00 6.02289170e-01
  9.90478427e-01 7.30546160e-01 2.80851256e-01 5.01594131e-02
  3.73304267e-01 3.13643769e-01 9.96355448e-01 1.00000000e+00
  6.99393539e-01 5.84217599e-01 5.43326370e-01 3.88836705e-01
  1.45127295e-01]
 [9.27460549e-01 2.94901627e-01 3.87151430e-01 9.47016697e-01
  1.00061176e-01 8.06006989e-01 4.96811514e-01 5.00839777e-01
  2.22519721e-04 3.22532708e-01 0.00000000e+00 6.02289170e-01
  9.90478427e-01 7.30546160e-01 2.80851256e-01 5.01594131e-02
  3.73304267e-01 3.13643769e-01 9.96355448e-01 1.00000000e+00
  6.99393539e-01 5.84217599e-01 5.43326370e-01 3.88836705e-01
  1.45127295e-01]
 [9.27460549e-01 2.94901627e-01 3.87151430e-01 9.47016697e-01
  1.00061176e-01 8.06006989e-01 4.96811514e-01 5.00839777e-01
  2.22519721e-04 3.22532708e-01 0.00000000e+00 6.02289170e-01
  9.90478427e-01 7.30546160e-01 2.80851256e-01 5.01594131e-02
  3.73304267e-01 3.13643769e-01 9.96355448e-01 1.00000000e+00
  6.99393539e-01 5.84217599e-01 5.43326370e-01 3.88836705e-01
  1.45127295e-01]
 [9.27460549e-01 2.94901627e-01 3.87151430e-01 9.47016697e-01
  1.00061176e-01 8.06006989e-01 4.96811514e-01 5.00839777e-01
  2.22519721e-04 3.22532708e-01 0.00000000e+00 6.02289170e-01
  9.90478427e-01 7.30546160e-01 2.80851256e-01 5.01594131e-02
  3.73304267e-01 3.13643769e-01 9.96355448e-01 1.00000000e+00
  6.99393539e-01 5.84217599e-01 5.43326370e-01 3.88836705e-01
  1.45127295e-01]
 [9.27460549e-01 2.94901627e-01 3.87151430e-01 9.47016697e-01
  1.00061176e-01 8.06006989e-01 4.96811514e-01 5.00839777e-01
  2.22519721e-04 3.22532708e-01 0.00000000e+00 6.02289170e-01
  9.90478427e-01 7.30546160e-01 2.80851256e-01 5.01594131e-02
  3.73304267e-01 3.13643769e-01 9.96355448e-01 1.00000000e+00
  6.99393539e-01 5.84217599e-01 5.43326370e-01 3.88836705e-01
  1.45127295e-01]
 [9.27460549e-01 2.94901627e-01 3.87151430e-01 9.47016697e-01
  1.00061176e-01 8.06006989e-01 4.96811514e-01 5.00839777e-01
  2.22519721e-04 3.22532708e-01 0.00000000e+00 6.02289170e-01
  9.90478427e-01 7.30546160e-01 2.80851256e-01 5.01594131e-02
  3.73304267e-01 3.13643769e-01 9.96355448e-01 1.00000000e+00
  6.99393539e-01 5.84217599e-01 5.43326370e-01 3.88836705e-01
  1.45127295e-01]
 [9.27460549e-01 2.94901627e-01 3.87151430e-01 9.47016697e-01
  1.00061176e-01 8.06006989e-01 4.96811514e-01 5.00839777e-01
  2.22519721e-04 3.22532708e-01 0.00000000e+00 6.02289170e-01
  9.90478427e-01 7.30546160e-01 2.80851256e-01 5.01594131e-02
  3.73304267e-01 3.13643769e-01 9.96355448e-01 1.00000000e+00
  6.99393539e-01 5.84217599e-01 5.43326370e-01 3.88836705e-01
  1.45127295e-01]
 [9.27460549e-01 2.94901627e-01 3.87151430e-01 9.47016697e-01
  1.00061176e-01 8.06006989e-01 4.96811514e-01 5.00839777e-01
  2.22519721e-04 3.22532708e-01 0.00000000e+00 6.02289170e-01
  9.90478427e-01 7.30546160e-01 2.80851256e-01 5.01594131e-02
  3.73304267e-01 3.13643769e-01 9.96355448e-01 1.00000000e+00
  6.99393539e-01 5.84217599e-01 5.43326370e-01 3.88836705e-01
  1.45127295e-01]
 [9.27460549e-01 2.94901627e-01 3.87151430e-01 9.47016697e-01
  1.00061176e-01 8.06006989e-01 4.96811514e-01 5.00839777e-01
  2.22519721e-04 3.22532708e-01 0.00000000e+00 6.02289170e-01
  9.90478427e-01 7.30546160e-01 2.80851256e-01 5.01594131e-02
  3.73304267e-01 3.13643769e-01 9.96355448e-01 1.00000000e+00
  6.99393539e-01 5.84217599e-01 5.43326370e-01 3.88836705e-01
  1.45127295e-01]
 [9.27460549e-01 2.94901627e-01 3.87151430e-01 9.47016697e-01
  1.00061176e-01 8.06006989e-01 4.96811514e-01 5.00839777e-01
  2.22519721e-04 3.22532708e-01 0.00000000e+00 6.02289170e-01
  9.90478427e-01 7.30546160e-01 2.80851256e-01 5.01594131e-02
  3.73304267e-01 3.13643769e-01 9.96355448e-01 1.00000000e+00
  6.99393539e-01 5.84217599e-01 5.43326370e-01 3.88836705e-01
  1.45127295e-01]
 [9.27460549e-01 2.94901627e-01 3.87151430e-01 9.47016697e-01
  1.00061176e-01 8.06006989e-01 4.96811514e-01 5.00839777e-01
  2.22519721e-04 3.22532708e-01 0.00000000e+00 6.02289170e-01
  9.90478427e-01 7.30546160e-01 2.80851256e-01 5.01594131e-02
  3.73304267e-01 3.13643769e-01 9.96355448e-01 1.00000000e+00
  6.99393539e-01 5.84217599e-01 5.43326370e-01 3.88836705e-01
  1.45127295e-01]
 [9.27460549e-01 2.94901627e-01 3.87151430e-01 9.47016697e-01
  1.00061176e-01 8.06006989e-01 4.96811514e-01 5.00839777e-01
  2.22519721e-04 3.22532708e-01 0.00000000e+00 6.02289170e-01
  9.90478427e-01 7.30546160e-01 2.80851256e-01 5.01594131e-02
  3.73304267e-01 3.13643769e-01 9.96355448e-01 1.00000000e+00
  6.99393539e-01 5.84217599e-01 5.43326370e-01 3.88836705e-01
  1.45127295e-01]
 [9.27460549e-01 2.94901627e-01 3.87151430e-01 9.47016697e-01
  1.00061176e-01 8.06006989e-01 4.96811514e-01 5.00839777e-01
  2.22519721e-04 3.22532708e-01 0.00000000e+00 6.02289170e-01
  9.90478427e-01 7.30546160e-01 2.80851256e-01 5.01594131e-02
  3.73304267e-01 3.13643769e-01 9.96355448e-01 1.00000000e+00
  6.99393539e-01 5.84217599e-01 5.43326370e-01 3.88836705e-01
  1.45127295e-01]
 [9.27460549e-01 2.94901627e-01 3.87151430e-01 9.47016697e-01
  1.00061176e-01 8.06006989e-01 4.96811514e-01 5.00839777e-01
  2.22519721e-04 3.22532708e-01 0.00000000e+00 6.02289170e-01
  9.90478427e-01 7.30546160e-01 2.80851256e-01 5.01594131e-02
  3.73304267e-01 3.13643769e-01 9.96355448e-01 1.00000000e+00
  6.99393539e-01 5.84217599e-01 5.43326370e-01 3.88836705e-01
  1.45127295e-01]
 [9.27460549e-01 2.94901627e-01 3.87151430e-01 9.47016697e-01
  1.00061176e-01 8.06006989e-01 4.96811514e-01 5.00839777e-01
  2.22519721e-04 3.22532708e-01 0.00000000e+00 6.02289170e-01
  9.90478427e-01 7.30546160e-01 2.80851256e-01 5.01594131e-02
  3.73304267e-01 3.13643769e-01 9.96355448e-01 1.00000000e+00
  6.99393539e-01 5.84217599e-01 5.43326370e-01 3.88836705e-01
  1.45127295e-01]
 [9.27460549e-01 2.94901627e-01 3.87151430e-01 9.47016697e-01
  1.00061176e-01 8.06006989e-01 4.96811514e-01 5.00839777e-01
  2.22519721e-04 3.22532708e-01 0.00000000e+00 6.02289170e-01
  9.90478427e-01 7.30546160e-01 2.80851256e-01 5.01594131e-02
  3.73304267e-01 3.13643769e-01 9.96355448e-01 1.00000000e+00
  6.99393539e-01 5.84217599e-01 5.43326370e-01 3.88836705e-01
  1.45127295e-01]
 [9.27460549e-01 2.94901627e-01 3.87151430e-01 9.47016697e-01
  1.00061176e-01 8.06006989e-01 4.96811514e-01 5.00839777e-01
  2.22519721e-04 3.22532708e-01 0.00000000e+00 6.02289170e-01
  9.90478427e-01 7.30546160e-01 2.80851256e-01 5.01594131e-02
  3.73304267e-01 3.13643769e-01 9.96355448e-01 1.00000000e+00
  6.99393539e-01 5.84217599e-01 5.43326370e-01 3.88836705e-01
  1.45127295e-01]
 [9.27460549e-01 2.94901627e-01 3.87151430e-01 9.47016697e-01
  1.00061176e-01 8.06006989e-01 4.96811514e-01 5.00839777e-01
  2.22519721e-04 3.22532708e-01 0.00000000e+00 6.02289170e-01
  9.90478427e-01 7.30546160e-01 2.80851256e-01 5.01594131e-02
  3.73304267e-01 3.13643769e-01 9.96355448e-01 1.00000000e+00
  6.99393539e-01 5.84217599e-01 5.43326370e-01 3.88836705e-01
  1.45127295e-01]]"
82,"[[0.98605668 0.90596392 0.07452647 0.48023389 0.1641976  1.
  0.15153239 0.18808817 0.04611744 0.44636476 0.07127108 0.
  0.6362066  0.78325306 0.70755845 0.9828185  0.26033658 0.01935408
  0.87719439 0.18040223 0.4687912  0.48871752 0.6607435  0.30791893
  0.22113136]
 [0.98605668 0.90596392 0.07452647 0.48023389 0.1641976  1.
  0.15153239 0.18808817 0.04611744 0.44636476 0.07127108 0.
  0.6362066  0.78325306 0.70755845 0.9828185  0.26033658 0.01935408
  0.87719439 0.18040223 0.4687912  0.48871752 0.6607435  0.30791893
  0.22113136]
 [0.98605668 0.90596392 0.07452647 0.48023389 0.1641976  1.
  0.15153239 0.18808817 0.04611744 0.44636476 0.07127108 0.
  0.6362066  0.78325306 0.70755845 0.9828185  0.26033658 0.01935408
  0.87719439 0.18040223 0.4687912  0.48871752 0.6607435  0.30791893
  0.22113136]
 [0.98605668 0.90596392 0.07452647 0.48023389 0.1641976  1.
  0.15153239 0.18808817 0.04611744 0.44636476 0.07127108 0.
  0.6362066  0.78325306 0.70755845 0.9828185  0.26033658 0.01935408
  0.87719439 0.18040223 0.4687912  0.48871752 0.6607435  0.30791893
  0.22113136]
 [0.98605668 0.90596392 0.07452647 0.48023389 0.1641976  1.
  0.15153239 0.18808817 0.04611744 0.44636476 0.07127108 0.
  0.6362066  0.78325306 0.70755845 0.9828185  0.26033658 0.01935408
  0.87719439 0.18040223 0.4687912  0.48871752 0.6607435  0.30791893
  0.22113136]
 [0.98605668 0.90596392 0.07452647 0.48023389 0.1641976  1.
  0.15153239 0.18808817 0.04611744 0.44636476 0.07127108 0.
  0.6362066  0.78325306 0.70755845 0.9828185  0.26033658 0.01935408
  0.87719439 0.18040223 0.4687912  0.48871752 0.6607435  0.30791893
  0.22113136]
 [0.98605668 0.90596392 0.07452647 0.48023389 0.1641976  1.
  0.15153239 0.18808817 0.04611744 0.44636476 0.07127108 0.
  0.6362066  0.78325306 0.70755845 0.9828185  0.26033658 0.01935408
  0.87719439 0.18040223 0.4687912  0.48871752 0.6607435  0.30791893
  0.22113136]
 [0.98605668 0.90596392 0.07452647 0.48023389 0.1641976  1.
  0.15153239 0.18808817 0.04611744 0.44636476 0.07127108 0.
  0.6362066  0.78325306 0.70755845 0.9828185  0.26033658 0.01935408
  0.87719439 0.18040223 0.4687912  0.48871752 0.6607435  0.30791893
  0.22113136]
 [0.98605668 0.90596392 0.07452647 0.48023389 0.1641976  1.
  0.15153239 0.18808817 0.04611744 0.44636476 0.07127108 0.
  0.6362066  0.78325306 0.70755845 0.9828185  0.26033658 0.01935408
  0.87719439 0.18040223 0.4687912  0.48871752 0.6607435  0.30791893
  0.22113136]
 [0.98605668 0.90596392 0.07452647 0.48023389 0.1641976  1.
  0.15153239 0.18808817 0.04611744 0.44636476 0.07127108 0.
  0.6362066  0.78325306 0.70755845 0.9828185  0.26033658 0.01935408
  0.87719439 0.18040223 0.4687912  0.48871752 0.6607435  0.30791893
  0.22113136]
 [0.98605668 0.90596392 0.07452647 0.48023389 0.1641976  1.
  0.15153239 0.18808817 0.04611744 0.44636476 0.07127108 0.
  0.6362066  0.78325306 0.70755845 0.9828185  0.26033658 0.01935408
  0.87719439 0.18040223 0.4687912  0.48871752 0.6607435  0.30791893
  0.22113136]
 [0.98605668 0.90596392 0.07452647 0.48023389 0.1641976  1.
  0.15153239 0.18808817 0.04611744 0.44636476 0.07127108 0.
  0.6362066  0.78325306 0.70755845 0.9828185  0.26033658 0.01935408
  0.87719439 0.18040223 0.4687912  0.48871752 0.6607435  0.30791893
  0.22113136]
 [0.98605668 0.90596392 0.07452647 0.48023389 0.1641976  1.
  0.15153239 0.18808817 0.04611744 0.44636476 0.07127108 0.
  0.6362066  0.78325306 0.70755845 0.9828185  0.26033658 0.01935408
  0.87719439 0.18040223 0.4687912  0.48871752 0.6607435  0.30791893
  0.22113136]
 [0.98605668 0.90596392 0.07452647 0.48023389 0.1641976  1.
  0.15153239 0.18808817 0.04611744 0.44636476 0.07127108 0.
  0.6362066  0.78325306 0.70755845 0.9828185  0.26033658 0.01935408
  0.87719439 0.18040223 0.4687912  0.48871752 0.6607435  0.30791893
  0.22113136]
 [0.98605668 0.90596392 0.07452647 0.48023389 0.1641976  1.
  0.15153239 0.18808817 0.04611744 0.44636476 0.07127108 0.
  0.6362066  0.78325306 0.70755845 0.9828185  0.26033658 0.01935408
  0.87719439 0.18040223 0.4687912  0.48871752 0.6607435  0.30791893
  0.22113136]
 [0.98605668 0.90596392 0.07452647 0.48023389 0.1641976  1.
  0.15153239 0.18808817 0.04611744 0.44636476 0.07127108 0.
  0.6362066  0.78325306 0.70755845 0.9828185  0.26033658 0.01935408
  0.87719439 0.18040223 0.4687912  0.48871752 0.6607435  0.30791893
  0.22113136]
 [0.98605668 0.90596392 0.07452647 0.48023389 0.1641976  1.
  0.15153239 0.18808817 0.04611744 0.44636476 0.07127108 0.
  0.6362066  0.78325306 0.70755845 0.9828185  0.26033658 0.01935408
  0.87719439 0.18040223 0.4687912  0.48871752 0.6607435  0.30791893
  0.22113136]
 [0.98605668 0.90596392 0.07452647 0.48023389 0.1641976  1.
  0.15153239 0.18808817 0.04611744 0.44636476 0.07127108 0.
  0.6362066  0.78325306 0.70755845 0.9828185  0.26033658 0.01935408
  0.87719439 0.18040223 0.4687912  0.48871752 0.6607435  0.30791893
  0.22113136]
 [0.98605668 0.90596392 0.07452647 0.48023389 0.1641976  1.
  0.15153239 0.18808817 0.04611744 0.44636476 0.07127108 0.
  0.6362066  0.78325306 0.70755845 0.9828185  0.26033658 0.01935408
  0.87719439 0.18040223 0.4687912  0.48871752 0.6607435  0.30791893
  0.22113136]
 [0.98605668 0.90596392 0.07452647 0.48023389 0.1641976  1.
  0.15153239 0.18808817 0.04611744 0.44636476 0.07127108 0.
  0.6362066  0.78325306 0.70755845 0.9828185  0.26033658 0.01935408
  0.87719439 0.18040223 0.4687912  0.48871752 0.6607435  0.30791893
  0.22113136]
 [0.98605668 0.90596392 0.07452647 0.48023389 0.1641976  1.
  0.15153239 0.18808817 0.04611744 0.44636476 0.07127108 0.
  0.6362066  0.78325306 0.70755845 0.9828185  0.26033658 0.01935408
  0.87719439 0.18040223 0.4687912  0.48871752 0.6607435  0.30791893
  0.22113136]
 [0.98605668 0.90596392 0.07452647 0.48023389 0.1641976  1.
  0.15153239 0.18808817 0.04611744 0.44636476 0.07127108 0.
  0.6362066  0.78325306 0.70755845 0.9828185  0.26033658 0.01935408
  0.87719439 0.18040223 0.4687912  0.48871752 0.6607435  0.30791893
  0.22113136]
 [0.98605668 0.90596392 0.07452647 0.48023389 0.1641976  1.
  0.15153239 0.18808817 0.04611744 0.44636476 0.07127108 0.
  0.6362066  0.78325306 0.70755845 0.9828185  0.26033658 0.01935408
  0.87719439 0.18040223 0.4687912  0.48871752 0.6607435  0.30791893
  0.22113136]
 [0.98605668 0.90596392 0.07452647 0.48023389 0.1641976  1.
  0.15153239 0.18808817 0.04611744 0.44636476 0.07127108 0.
  0.6362066  0.78325306 0.70755845 0.9828185  0.26033658 0.01935408
  0.87719439 0.18040223 0.4687912  0.48871752 0.6607435  0.30791893
  0.22113136]
 [0.98605668 0.90596392 0.07452647 0.48023389 0.1641976  1.
  0.15153239 0.18808817 0.04611744 0.44636476 0.07127108 0.
  0.6362066  0.78325306 0.70755845 0.9828185  0.26033658 0.01935408
  0.87719439 0.18040223 0.4687912  0.48871752 0.6607435  0.30791893
  0.22113136]]"
83,"[[0.80599432 0.76025948 0.98501623 0.44639602 0.40960458 0.94441781
  0.57378404 0.69040693 0.78657353 1.         0.85285319 0.08137783
  0.45896608 0.65677053 0.20114932 0.45355414 0.16181666 0.89772396
  0.64686061 0.         0.8933381  0.39343034 0.60408507 0.39911194
  0.01264642]
 [0.80599432 0.76025948 0.98501623 0.44639602 0.40960458 0.94441781
  0.57378404 0.69040693 0.78657353 1.         0.85285319 0.08137783
  0.45896608 0.65677053 0.20114932 0.45355414 0.16181666 0.89772396
  0.64686061 0.         0.8933381  0.39343034 0.60408507 0.39911194
  0.01264642]
 [0.80599432 0.76025948 0.98501623 0.44639602 0.40960458 0.94441781
  0.57378404 0.69040693 0.78657353 1.         0.85285319 0.08137783
  0.45896608 0.65677053 0.20114932 0.45355414 0.16181666 0.89772396
  0.64686061 0.         0.8933381  0.39343034 0.60408507 0.39911194
  0.01264642]
 [0.80599432 0.76025948 0.98501623 0.44639602 0.40960458 0.94441781
  0.57378404 0.69040693 0.78657353 1.         0.85285319 0.08137783
  0.45896608 0.65677053 0.20114932 0.45355414 0.16181666 0.89772396
  0.64686061 0.         0.8933381  0.39343034 0.60408507 0.39911194
  0.01264642]
 [0.80599432 0.76025948 0.98501623 0.44639602 0.40960458 0.94441781
  0.57378404 0.69040693 0.78657353 1.         0.85285319 0.08137783
  0.45896608 0.65677053 0.20114932 0.45355414 0.16181666 0.89772396
  0.64686061 0.         0.8933381  0.39343034 0.60408507 0.39911194
  0.01264642]
 [0.80599432 0.76025948 0.98501623 0.44639602 0.40960458 0.94441781
  0.57378404 0.69040693 0.78657353 1.         0.85285319 0.08137783
  0.45896608 0.65677053 0.20114932 0.45355414 0.16181666 0.89772396
  0.64686061 0.         0.8933381  0.39343034 0.60408507 0.39911194
  0.01264642]
 [0.80599432 0.76025948 0.98501623 0.44639602 0.40960458 0.94441781
  0.57378404 0.69040693 0.78657353 1.         0.85285319 0.08137783
  0.45896608 0.65677053 0.20114932 0.45355414 0.16181666 0.89772396
  0.64686061 0.         0.8933381  0.39343034 0.60408507 0.39911194
  0.01264642]
 [0.80599432 0.76025948 0.98501623 0.44639602 0.40960458 0.94441781
  0.57378404 0.69040693 0.78657353 1.         0.85285319 0.08137783
  0.45896608 0.65677053 0.20114932 0.45355414 0.16181666 0.89772396
  0.64686061 0.         0.8933381  0.39343034 0.60408507 0.39911194
  0.01264642]
 [0.80599432 0.76025948 0.98501623 0.44639602 0.40960458 0.94441781
  0.57378404 0.69040693 0.78657353 1.         0.85285319 0.08137783
  0.45896608 0.65677053 0.20114932 0.45355414 0.16181666 0.89772396
  0.64686061 0.         0.8933381  0.39343034 0.60408507 0.39911194
  0.01264642]
 [0.80599432 0.76025948 0.98501623 0.44639602 0.40960458 0.94441781
  0.57378404 0.69040693 0.78657353 1.         0.85285319 0.08137783
  0.45896608 0.65677053 0.20114932 0.45355414 0.16181666 0.89772396
  0.64686061 0.         0.8933381  0.39343034 0.60408507 0.39911194
  0.01264642]
 [0.80599432 0.76025948 0.98501623 0.44639602 0.40960458 0.94441781
  0.57378404 0.69040693 0.78657353 1.         0.85285319 0.08137783
  0.45896608 0.65677053 0.20114932 0.45355414 0.16181666 0.89772396
  0.64686061 0.         0.8933381  0.39343034 0.60408507 0.39911194
  0.01264642]
 [0.80599432 0.76025948 0.98501623 0.44639602 0.40960458 0.94441781
  0.57378404 0.69040693 0.78657353 1.         0.85285319 0.08137783
  0.45896608 0.65677053 0.20114932 0.45355414 0.16181666 0.89772396
  0.64686061 0.         0.8933381  0.39343034 0.60408507 0.39911194
  0.01264642]
 [0.80599432 0.76025948 0.98501623 0.44639602 0.40960458 0.94441781
  0.57378404 0.69040693 0.78657353 1.         0.85285319 0.08137783
  0.45896608 0.65677053 0.20114932 0.45355414 0.16181666 0.89772396
  0.64686061 0.         0.8933381  0.39343034 0.60408507 0.39911194
  0.01264642]
 [0.80599432 0.76025948 0.98501623 0.44639602 0.40960458 0.94441781
  0.57378404 0.69040693 0.78657353 1.         0.85285319 0.08137783
  0.45896608 0.65677053 0.20114932 0.45355414 0.16181666 0.89772396
  0.64686061 0.         0.8933381  0.39343034 0.60408507 0.39911194
  0.01264642]
 [0.80599432 0.76025948 0.98501623 0.44639602 0.40960458 0.94441781
  0.57378404 0.69040693 0.78657353 1.         0.85285319 0.08137783
  0.45896608 0.65677053 0.20114932 0.45355414 0.16181666 0.89772396
  0.64686061 0.         0.8933381  0.39343034 0.60408507 0.39911194
  0.01264642]
 [0.80599432 0.76025948 0.98501623 0.44639602 0.40960458 0.94441781
  0.57378404 0.69040693 0.78657353 1.         0.85285319 0.08137783
  0.45896608 0.65677053 0.20114932 0.45355414 0.16181666 0.89772396
  0.64686061 0.         0.8933381  0.39343034 0.60408507 0.39911194
  0.01264642]
 [0.80599432 0.76025948 0.98501623 0.44639602 0.40960458 0.94441781
  0.57378404 0.69040693 0.78657353 1.         0.85285319 0.08137783
  0.45896608 0.65677053 0.20114932 0.45355414 0.16181666 0.89772396
  0.64686061 0.         0.8933381  0.39343034 0.60408507 0.39911194
  0.01264642]
 [0.80599432 0.76025948 0.98501623 0.44639602 0.40960458 0.94441781
  0.57378404 0.69040693 0.78657353 1.         0.85285319 0.08137783
  0.45896608 0.65677053 0.20114932 0.45355414 0.16181666 0.89772396
  0.64686061 0.         0.8933381  0.39343034 0.60408507 0.39911194
  0.01264642]
 [0.80599432 0.76025948 0.98501623 0.44639602 0.40960458 0.94441781
  0.57378404 0.69040693 0.78657353 1.         0.85285319 0.08137783
  0.45896608 0.65677053 0.20114932 0.45355414 0.16181666 0.89772396
  0.64686061 0.         0.8933381  0.39343034 0.60408507 0.39911194
  0.01264642]
 [0.80599432 0.76025948 0.98501623 0.44639602 0.40960458 0.94441781
  0.57378404 0.69040693 0.78657353 1.         0.85285319 0.08137783
  0.45896608 0.65677053 0.20114932 0.45355414 0.16181666 0.89772396
  0.64686061 0.         0.8933381  0.39343034 0.60408507 0.39911194
  0.01264642]
 [0.80599432 0.76025948 0.98501623 0.44639602 0.40960458 0.94441781
  0.57378404 0.69040693 0.78657353 1.         0.85285319 0.08137783
  0.45896608 0.65677053 0.20114932 0.45355414 0.16181666 0.89772396
  0.64686061 0.         0.8933381  0.39343034 0.60408507 0.39911194
  0.01264642]
 [0.80599432 0.76025948 0.98501623 0.44639602 0.40960458 0.94441781
  0.57378404 0.69040693 0.78657353 1.         0.85285319 0.08137783
  0.45896608 0.65677053 0.20114932 0.45355414 0.16181666 0.89772396
  0.64686061 0.         0.8933381  0.39343034 0.60408507 0.39911194
  0.01264642]
 [0.80599432 0.76025948 0.98501623 0.44639602 0.40960458 0.94441781
  0.57378404 0.69040693 0.78657353 1.         0.85285319 0.08137783
  0.45896608 0.65677053 0.20114932 0.45355414 0.16181666 0.89772396
  0.64686061 0.         0.8933381  0.39343034 0.60408507 0.39911194
  0.01264642]
 [0.80599432 0.76025948 0.98501623 0.44639602 0.40960458 0.94441781
  0.57378404 0.69040693 0.78657353 1.         0.85285319 0.08137783
  0.45896608 0.65677053 0.20114932 0.45355414 0.16181666 0.89772396
  0.64686061 0.         0.8933381  0.39343034 0.60408507 0.39911194
  0.01264642]
 [0.80599432 0.76025948 0.98501623 0.44639602 0.40960458 0.94441781
  0.57378404 0.69040693 0.78657353 1.         0.85285319 0.08137783
  0.45896608 0.65677053 0.20114932 0.45355414 0.16181666 0.89772396
  0.64686061 0.         0.8933381  0.39343034 0.60408507 0.39911194
  0.01264642]]"
84,"[[0.03063662 0.85416316 0.01120184 0.05943026 0.41941432 0.65079507
  0.36376383 0.39403769 0.5874047  0.5329783  0.63198588 0.
  0.16546126 0.51679991 0.91055133 0.83306046 0.1127726  0.99378598
  0.67284414 0.7976526  0.62534142 1.         0.70699757 0.93130303
  0.55920147]
 [0.03063662 0.85416316 0.01120184 0.05943026 0.41941432 0.65079507
  0.36376383 0.39403769 0.5874047  0.5329783  0.63198588 0.
  0.16546126 0.51679991 0.91055133 0.83306046 0.1127726  0.99378598
  0.67284414 0.7976526  0.62534142 1.         0.70699757 0.93130303
  0.55920147]
 [0.03063662 0.85416316 0.01120184 0.05943026 0.41941432 0.65079507
  0.36376383 0.39403769 0.5874047  0.5329783  0.63198588 0.
  0.16546126 0.51679991 0.91055133 0.83306046 0.1127726  0.99378598
  0.67284414 0.7976526  0.62534142 1.         0.70699757 0.93130303
  0.55920147]
 [0.03063662 0.85416316 0.01120184 0.05943026 0.41941432 0.65079507
  0.36376383 0.39403769 0.5874047  0.5329783  0.63198588 0.
  0.16546126 0.51679991 0.91055133 0.83306046 0.1127726  0.99378598
  0.67284414 0.7976526  0.62534142 1.         0.70699757 0.93130303
  0.55920147]
 [0.03063662 0.85416316 0.01120184 0.05943026 0.41941432 0.65079507
  0.36376383 0.39403769 0.5874047  0.5329783  0.63198588 0.
  0.16546126 0.51679991 0.91055133 0.83306046 0.1127726  0.99378598
  0.67284414 0.7976526  0.62534142 1.         0.70699757 0.93130303
  0.55920147]
 [0.03063662 0.85416316 0.01120184 0.05943026 0.41941432 0.65079507
  0.36376383 0.39403769 0.5874047  0.5329783  0.63198588 0.
  0.16546126 0.51679991 0.91055133 0.83306046 0.1127726  0.99378598
  0.67284414 0.7976526  0.62534142 1.         0.70699757 0.93130303
  0.55920147]
 [0.03063662 0.85416316 0.01120184 0.05943026 0.41941432 0.65079507
  0.36376383 0.39403769 0.5874047  0.5329783  0.63198588 0.
  0.16546126 0.51679991 0.91055133 0.83306046 0.1127726  0.99378598
  0.67284414 0.7976526  0.62534142 1.         0.70699757 0.93130303
  0.55920147]
 [0.03063662 0.85416316 0.01120184 0.05943026 0.41941432 0.65079507
  0.36376383 0.39403769 0.5874047  0.5329783  0.63198588 0.
  0.16546126 0.51679991 0.91055133 0.83306046 0.1127726  0.99378598
  0.67284414 0.7976526  0.62534142 1.         0.70699757 0.93130303
  0.55920147]
 [0.03063662 0.85416316 0.01120184 0.05943026 0.41941432 0.65079507
  0.36376383 0.39403769 0.5874047  0.5329783  0.63198588 0.
  0.16546126 0.51679991 0.91055133 0.83306046 0.1127726  0.99378598
  0.67284414 0.7976526  0.62534142 1.         0.70699757 0.93130303
  0.55920147]
 [0.03063662 0.85416316 0.01120184 0.05943026 0.41941432 0.65079507
  0.36376383 0.39403769 0.5874047  0.5329783  0.63198588 0.
  0.16546126 0.51679991 0.91055133 0.83306046 0.1127726  0.99378598
  0.67284414 0.7976526  0.62534142 1.         0.70699757 0.93130303
  0.55920147]
 [0.03063662 0.85416316 0.01120184 0.05943026 0.41941432 0.65079507
  0.36376383 0.39403769 0.5874047  0.5329783  0.63198588 0.
  0.16546126 0.51679991 0.91055133 0.83306046 0.1127726  0.99378598
  0.67284414 0.7976526  0.62534142 1.         0.70699757 0.93130303
  0.55920147]
 [0.03063662 0.85416316 0.01120184 0.05943026 0.41941432 0.65079507
  0.36376383 0.39403769 0.5874047  0.5329783  0.63198588 0.
  0.16546126 0.51679991 0.91055133 0.83306046 0.1127726  0.99378598
  0.67284414 0.7976526  0.62534142 1.         0.70699757 0.93130303
  0.55920147]
 [0.03063662 0.85416316 0.01120184 0.05943026 0.41941432 0.65079507
  0.36376383 0.39403769 0.5874047  0.5329783  0.63198588 0.
  0.16546126 0.51679991 0.91055133 0.83306046 0.1127726  0.99378598
  0.67284414 0.7976526  0.62534142 1.         0.70699757 0.93130303
  0.55920147]
 [0.03063662 0.85416316 0.01120184 0.05943026 0.41941432 0.65079507
  0.36376383 0.39403769 0.5874047  0.5329783  0.63198588 0.
  0.16546126 0.51679991 0.91055133 0.83306046 0.1127726  0.99378598
  0.67284414 0.7976526  0.62534142 1.         0.70699757 0.93130303
  0.55920147]
 [0.03063662 0.85416316 0.01120184 0.05943026 0.41941432 0.65079507
  0.36376383 0.39403769 0.5874047  0.5329783  0.63198588 0.
  0.16546126 0.51679991 0.91055133 0.83306046 0.1127726  0.99378598
  0.67284414 0.7976526  0.62534142 1.         0.70699757 0.93130303
  0.55920147]
 [0.03063662 0.85416316 0.01120184 0.05943026 0.41941432 0.65079507
  0.36376383 0.39403769 0.5874047  0.5329783  0.63198588 0.
  0.16546126 0.51679991 0.91055133 0.83306046 0.1127726  0.99378598
  0.67284414 0.7976526  0.62534142 1.         0.70699757 0.93130303
  0.55920147]
 [0.03063662 0.85416316 0.01120184 0.05943026 0.41941432 0.65079507
  0.36376383 0.39403769 0.5874047  0.5329783  0.63198588 0.
  0.16546126 0.51679991 0.91055133 0.83306046 0.1127726  0.99378598
  0.67284414 0.7976526  0.62534142 1.         0.70699757 0.93130303
  0.55920147]
 [0.03063662 0.85416316 0.01120184 0.05943026 0.41941432 0.65079507
  0.36376383 0.39403769 0.5874047  0.5329783  0.63198588 0.
  0.16546126 0.51679991 0.91055133 0.83306046 0.1127726  0.99378598
  0.67284414 0.7976526  0.62534142 1.         0.70699757 0.93130303
  0.55920147]
 [0.03063662 0.85416316 0.01120184 0.05943026 0.41941432 0.65079507
  0.36376383 0.39403769 0.5874047  0.5329783  0.63198588 0.
  0.16546126 0.51679991 0.91055133 0.83306046 0.1127726  0.99378598
  0.67284414 0.7976526  0.62534142 1.         0.70699757 0.93130303
  0.55920147]
 [0.03063662 0.85416316 0.01120184 0.05943026 0.41941432 0.65079507
  0.36376383 0.39403769 0.5874047  0.5329783  0.63198588 0.
  0.16546126 0.51679991 0.91055133 0.83306046 0.1127726  0.99378598
  0.67284414 0.7976526  0.62534142 1.         0.70699757 0.93130303
  0.55920147]
 [0.03063662 0.85416316 0.01120184 0.05943026 0.41941432 0.65079507
  0.36376383 0.39403769 0.5874047  0.5329783  0.63198588 0.
  0.16546126 0.51679991 0.91055133 0.83306046 0.1127726  0.99378598
  0.67284414 0.7976526  0.62534142 1.         0.70699757 0.93130303
  0.55920147]
 [0.03063662 0.85416316 0.01120184 0.05943026 0.41941432 0.65079507
  0.36376383 0.39403769 0.5874047  0.5329783  0.63198588 0.
  0.16546126 0.51679991 0.91055133 0.83306046 0.1127726  0.99378598
  0.67284414 0.7976526  0.62534142 1.         0.70699757 0.93130303
  0.55920147]
 [0.03063662 0.85416316 0.01120184 0.05943026 0.41941432 0.65079507
  0.36376383 0.39403769 0.5874047  0.5329783  0.63198588 0.
  0.16546126 0.51679991 0.91055133 0.83306046 0.1127726  0.99378598
  0.67284414 0.7976526  0.62534142 1.         0.70699757 0.93130303
  0.55920147]
 [0.03063662 0.85416316 0.01120184 0.05943026 0.41941432 0.65079507
  0.36376383 0.39403769 0.5874047  0.5329783  0.63198588 0.
  0.16546126 0.51679991 0.91055133 0.83306046 0.1127726  0.99378598
  0.67284414 0.7976526  0.62534142 1.         0.70699757 0.93130303
  0.55920147]
 [0.03063662 0.85416316 0.01120184 0.05943026 0.41941432 0.65079507
  0.36376383 0.39403769 0.5874047  0.5329783  0.63198588 0.
  0.16546126 0.51679991 0.91055133 0.83306046 0.1127726  0.99378598
  0.67284414 0.7976526  0.62534142 1.         0.70699757 0.93130303
  0.55920147]]"
85,"[[0.84857029 0.20556338 0.59252158 1.         0.39830372 0.36371945
  0.8052577  0.         0.99394703 0.45020225 0.76977564 0.32880831
  0.70571341 0.16730406 0.63456166 0.07557627 0.84000508 0.50139039
  0.69612979 0.36947734 0.37922974 0.83428991 0.35496365 0.24938032
  0.2760824 ]
 [0.84857029 0.20556338 0.59252158 1.         0.39830372 0.36371945
  0.8052577  0.         0.99394703 0.45020225 0.76977564 0.32880831
  0.70571341 0.16730406 0.63456166 0.07557627 0.84000508 0.50139039
  0.69612979 0.36947734 0.37922974 0.83428991 0.35496365 0.24938032
  0.2760824 ]
 [0.84857029 0.20556338 0.59252158 1.         0.39830372 0.36371945
  0.8052577  0.         0.99394703 0.45020225 0.76977564 0.32880831
  0.70571341 0.16730406 0.63456166 0.07557627 0.84000508 0.50139039
  0.69612979 0.36947734 0.37922974 0.83428991 0.35496365 0.24938032
  0.2760824 ]
 [0.84857029 0.20556338 0.59252158 1.         0.39830372 0.36371945
  0.8052577  0.         0.99394703 0.45020225 0.76977564 0.32880831
  0.70571341 0.16730406 0.63456166 0.07557627 0.84000508 0.50139039
  0.69612979 0.36947734 0.37922974 0.83428991 0.35496365 0.24938032
  0.2760824 ]
 [0.84857029 0.20556338 0.59252158 1.         0.39830372 0.36371945
  0.8052577  0.         0.99394703 0.45020225 0.76977564 0.32880831
  0.70571341 0.16730406 0.63456166 0.07557627 0.84000508 0.50139039
  0.69612979 0.36947734 0.37922974 0.83428991 0.35496365 0.24938032
  0.2760824 ]
 [0.84857029 0.20556338 0.59252158 1.         0.39830372 0.36371945
  0.8052577  0.         0.99394703 0.45020225 0.76977564 0.32880831
  0.70571341 0.16730406 0.63456166 0.07557627 0.84000508 0.50139039
  0.69612979 0.36947734 0.37922974 0.83428991 0.35496365 0.24938032
  0.2760824 ]
 [0.84857029 0.20556338 0.59252158 1.         0.39830372 0.36371945
  0.8052577  0.         0.99394703 0.45020225 0.76977564 0.32880831
  0.70571341 0.16730406 0.63456166 0.07557627 0.84000508 0.50139039
  0.69612979 0.36947734 0.37922974 0.83428991 0.35496365 0.24938032
  0.2760824 ]
 [0.84857029 0.20556338 0.59252158 1.         0.39830372 0.36371945
  0.8052577  0.         0.99394703 0.45020225 0.76977564 0.32880831
  0.70571341 0.16730406 0.63456166 0.07557627 0.84000508 0.50139039
  0.69612979 0.36947734 0.37922974 0.83428991 0.35496365 0.24938032
  0.2760824 ]
 [0.84857029 0.20556338 0.59252158 1.         0.39830372 0.36371945
  0.8052577  0.         0.99394703 0.45020225 0.76977564 0.32880831
  0.70571341 0.16730406 0.63456166 0.07557627 0.84000508 0.50139039
  0.69612979 0.36947734 0.37922974 0.83428991 0.35496365 0.24938032
  0.2760824 ]
 [0.84857029 0.20556338 0.59252158 1.         0.39830372 0.36371945
  0.8052577  0.         0.99394703 0.45020225 0.76977564 0.32880831
  0.70571341 0.16730406 0.63456166 0.07557627 0.84000508 0.50139039
  0.69612979 0.36947734 0.37922974 0.83428991 0.35496365 0.24938032
  0.2760824 ]
 [0.84857029 0.20556338 0.59252158 1.         0.39830372 0.36371945
  0.8052577  0.         0.99394703 0.45020225 0.76977564 0.32880831
  0.70571341 0.16730406 0.63456166 0.07557627 0.84000508 0.50139039
  0.69612979 0.36947734 0.37922974 0.83428991 0.35496365 0.24938032
  0.2760824 ]
 [0.84857029 0.20556338 0.59252158 1.         0.39830372 0.36371945
  0.8052577  0.         0.99394703 0.45020225 0.76977564 0.32880831
  0.70571341 0.16730406 0.63456166 0.07557627 0.84000508 0.50139039
  0.69612979 0.36947734 0.37922974 0.83428991 0.35496365 0.24938032
  0.2760824 ]
 [0.84857029 0.20556338 0.59252158 1.         0.39830372 0.36371945
  0.8052577  0.         0.99394703 0.45020225 0.76977564 0.32880831
  0.70571341 0.16730406 0.63456166 0.07557627 0.84000508 0.50139039
  0.69612979 0.36947734 0.37922974 0.83428991 0.35496365 0.24938032
  0.2760824 ]
 [0.84857029 0.20556338 0.59252158 1.         0.39830372 0.36371945
  0.8052577  0.         0.99394703 0.45020225 0.76977564 0.32880831
  0.70571341 0.16730406 0.63456166 0.07557627 0.84000508 0.50139039
  0.69612979 0.36947734 0.37922974 0.83428991 0.35496365 0.24938032
  0.2760824 ]
 [0.84857029 0.20556338 0.59252158 1.         0.39830372 0.36371945
  0.8052577  0.         0.99394703 0.45020225 0.76977564 0.32880831
  0.70571341 0.16730406 0.63456166 0.07557627 0.84000508 0.50139039
  0.69612979 0.36947734 0.37922974 0.83428991 0.35496365 0.24938032
  0.2760824 ]
 [0.84857029 0.20556338 0.59252158 1.         0.39830372 0.36371945
  0.8052577  0.         0.99394703 0.45020225 0.76977564 0.32880831
  0.70571341 0.16730406 0.63456166 0.07557627 0.84000508 0.50139039
  0.69612979 0.36947734 0.37922974 0.83428991 0.35496365 0.24938032
  0.2760824 ]
 [0.84857029 0.20556338 0.59252158 1.         0.39830372 0.36371945
  0.8052577  0.         0.99394703 0.45020225 0.76977564 0.32880831
  0.70571341 0.16730406 0.63456166 0.07557627 0.84000508 0.50139039
  0.69612979 0.36947734 0.37922974 0.83428991 0.35496365 0.24938032
  0.2760824 ]
 [0.84857029 0.20556338 0.59252158 1.         0.39830372 0.36371945
  0.8052577  0.         0.99394703 0.45020225 0.76977564 0.32880831
  0.70571341 0.16730406 0.63456166 0.07557627 0.84000508 0.50139039
  0.69612979 0.36947734 0.37922974 0.83428991 0.35496365 0.24938032
  0.2760824 ]
 [0.84857029 0.20556338 0.59252158 1.         0.39830372 0.36371945
  0.8052577  0.         0.99394703 0.45020225 0.76977564 0.32880831
  0.70571341 0.16730406 0.63456166 0.07557627 0.84000508 0.50139039
  0.69612979 0.36947734 0.37922974 0.83428991 0.35496365 0.24938032
  0.2760824 ]
 [0.84857029 0.20556338 0.59252158 1.         0.39830372 0.36371945
  0.8052577  0.         0.99394703 0.45020225 0.76977564 0.32880831
  0.70571341 0.16730406 0.63456166 0.07557627 0.84000508 0.50139039
  0.69612979 0.36947734 0.37922974 0.83428991 0.35496365 0.24938032
  0.2760824 ]
 [0.84857029 0.20556338 0.59252158 1.         0.39830372 0.36371945
  0.8052577  0.         0.99394703 0.45020225 0.76977564 0.32880831
  0.70571341 0.16730406 0.63456166 0.07557627 0.84000508 0.50139039
  0.69612979 0.36947734 0.37922974 0.83428991 0.35496365 0.24938032
  0.2760824 ]
 [0.84857029 0.20556338 0.59252158 1.         0.39830372 0.36371945
  0.8052577  0.         0.99394703 0.45020225 0.76977564 0.32880831
  0.70571341 0.16730406 0.63456166 0.07557627 0.84000508 0.50139039
  0.69612979 0.36947734 0.37922974 0.83428991 0.35496365 0.24938032
  0.2760824 ]
 [0.84857029 0.20556338 0.59252158 1.         0.39830372 0.36371945
  0.8052577  0.         0.99394703 0.45020225 0.76977564 0.32880831
  0.70571341 0.16730406 0.63456166 0.07557627 0.84000508 0.50139039
  0.69612979 0.36947734 0.37922974 0.83428991 0.35496365 0.24938032
  0.2760824 ]
 [0.84857029 0.20556338 0.59252158 1.         0.39830372 0.36371945
  0.8052577  0.         0.99394703 0.45020225 0.76977564 0.32880831
  0.70571341 0.16730406 0.63456166 0.07557627 0.84000508 0.50139039
  0.69612979 0.36947734 0.37922974 0.83428991 0.35496365 0.24938032
  0.2760824 ]
 [0.84857029 0.20556338 0.59252158 1.         0.39830372 0.36371945
  0.8052577  0.         0.99394703 0.45020225 0.76977564 0.32880831
  0.70571341 0.16730406 0.63456166 0.07557627 0.84000508 0.50139039
  0.69612979 0.36947734 0.37922974 0.83428991 0.35496365 0.24938032
  0.2760824 ]]"
86,"[[0.81038312 0.7041959  1.         0.65810051 0.         0.69810103
  0.01423811 0.59786223 0.53645922 0.42462863 0.89313347 0.42410663
  0.94741344 0.53796721 0.05238712 0.78471432 0.56871189 0.14466614
  0.39089424 0.79190423 0.13193505 0.90391656 0.76259031 0.3374972
  0.26566995]
 [0.81038312 0.7041959  1.         0.65810051 0.         0.69810103
  0.01423811 0.59786223 0.53645922 0.42462863 0.89313347 0.42410663
  0.94741344 0.53796721 0.05238712 0.78471432 0.56871189 0.14466614
  0.39089424 0.79190423 0.13193505 0.90391656 0.76259031 0.3374972
  0.26566995]
 [0.81038312 0.7041959  1.         0.65810051 0.         0.69810103
  0.01423811 0.59786223 0.53645922 0.42462863 0.89313347 0.42410663
  0.94741344 0.53796721 0.05238712 0.78471432 0.56871189 0.14466614
  0.39089424 0.79190423 0.13193505 0.90391656 0.76259031 0.3374972
  0.26566995]
 [0.81038312 0.7041959  1.         0.65810051 0.         0.69810103
  0.01423811 0.59786223 0.53645922 0.42462863 0.89313347 0.42410663
  0.94741344 0.53796721 0.05238712 0.78471432 0.56871189 0.14466614
  0.39089424 0.79190423 0.13193505 0.90391656 0.76259031 0.3374972
  0.26566995]
 [0.81038312 0.7041959  1.         0.65810051 0.         0.69810103
  0.01423811 0.59786223 0.53645922 0.42462863 0.89313347 0.42410663
  0.94741344 0.53796721 0.05238712 0.78471432 0.56871189 0.14466614
  0.39089424 0.79190423 0.13193505 0.90391656 0.76259031 0.3374972
  0.26566995]
 [0.81038312 0.7041959  1.         0.65810051 0.         0.69810103
  0.01423811 0.59786223 0.53645922 0.42462863 0.89313347 0.42410663
  0.94741344 0.53796721 0.05238712 0.78471432 0.56871189 0.14466614
  0.39089424 0.79190423 0.13193505 0.90391656 0.76259031 0.3374972
  0.26566995]
 [0.81038312 0.7041959  1.         0.65810051 0.         0.69810103
  0.01423811 0.59786223 0.53645922 0.42462863 0.89313347 0.42410663
  0.94741344 0.53796721 0.05238712 0.78471432 0.56871189 0.14466614
  0.39089424 0.79190423 0.13193505 0.90391656 0.76259031 0.3374972
  0.26566995]
 [0.81038312 0.7041959  1.         0.65810051 0.         0.69810103
  0.01423811 0.59786223 0.53645922 0.42462863 0.89313347 0.42410663
  0.94741344 0.53796721 0.05238712 0.78471432 0.56871189 0.14466614
  0.39089424 0.79190423 0.13193505 0.90391656 0.76259031 0.3374972
  0.26566995]
 [0.81038312 0.7041959  1.         0.65810051 0.         0.69810103
  0.01423811 0.59786223 0.53645922 0.42462863 0.89313347 0.42410663
  0.94741344 0.53796721 0.05238712 0.78471432 0.56871189 0.14466614
  0.39089424 0.79190423 0.13193505 0.90391656 0.76259031 0.3374972
  0.26566995]
 [0.81038312 0.7041959  1.         0.65810051 0.         0.69810103
  0.01423811 0.59786223 0.53645922 0.42462863 0.89313347 0.42410663
  0.94741344 0.53796721 0.05238712 0.78471432 0.56871189 0.14466614
  0.39089424 0.79190423 0.13193505 0.90391656 0.76259031 0.3374972
  0.26566995]
 [0.81038312 0.7041959  1.         0.65810051 0.         0.69810103
  0.01423811 0.59786223 0.53645922 0.42462863 0.89313347 0.42410663
  0.94741344 0.53796721 0.05238712 0.78471432 0.56871189 0.14466614
  0.39089424 0.79190423 0.13193505 0.90391656 0.76259031 0.3374972
  0.26566995]
 [0.81038312 0.7041959  1.         0.65810051 0.         0.69810103
  0.01423811 0.59786223 0.53645922 0.42462863 0.89313347 0.42410663
  0.94741344 0.53796721 0.05238712 0.78471432 0.56871189 0.14466614
  0.39089424 0.79190423 0.13193505 0.90391656 0.76259031 0.3374972
  0.26566995]
 [0.81038312 0.7041959  1.         0.65810051 0.         0.69810103
  0.01423811 0.59786223 0.53645922 0.42462863 0.89313347 0.42410663
  0.94741344 0.53796721 0.05238712 0.78471432 0.56871189 0.14466614
  0.39089424 0.79190423 0.13193505 0.90391656 0.76259031 0.3374972
  0.26566995]
 [0.81038312 0.7041959  1.         0.65810051 0.         0.69810103
  0.01423811 0.59786223 0.53645922 0.42462863 0.89313347 0.42410663
  0.94741344 0.53796721 0.05238712 0.78471432 0.56871189 0.14466614
  0.39089424 0.79190423 0.13193505 0.90391656 0.76259031 0.3374972
  0.26566995]
 [0.81038312 0.7041959  1.         0.65810051 0.         0.69810103
  0.01423811 0.59786223 0.53645922 0.42462863 0.89313347 0.42410663
  0.94741344 0.53796721 0.05238712 0.78471432 0.56871189 0.14466614
  0.39089424 0.79190423 0.13193505 0.90391656 0.76259031 0.3374972
  0.26566995]
 [0.81038312 0.7041959  1.         0.65810051 0.         0.69810103
  0.01423811 0.59786223 0.53645922 0.42462863 0.89313347 0.42410663
  0.94741344 0.53796721 0.05238712 0.78471432 0.56871189 0.14466614
  0.39089424 0.79190423 0.13193505 0.90391656 0.76259031 0.3374972
  0.26566995]
 [0.81038312 0.7041959  1.         0.65810051 0.         0.69810103
  0.01423811 0.59786223 0.53645922 0.42462863 0.89313347 0.42410663
  0.94741344 0.53796721 0.05238712 0.78471432 0.56871189 0.14466614
  0.39089424 0.79190423 0.13193505 0.90391656 0.76259031 0.3374972
  0.26566995]
 [0.81038312 0.7041959  1.         0.65810051 0.         0.69810103
  0.01423811 0.59786223 0.53645922 0.42462863 0.89313347 0.42410663
  0.94741344 0.53796721 0.05238712 0.78471432 0.56871189 0.14466614
  0.39089424 0.79190423 0.13193505 0.90391656 0.76259031 0.3374972
  0.26566995]
 [0.81038312 0.7041959  1.         0.65810051 0.         0.69810103
  0.01423811 0.59786223 0.53645922 0.42462863 0.89313347 0.42410663
  0.94741344 0.53796721 0.05238712 0.78471432 0.56871189 0.14466614
  0.39089424 0.79190423 0.13193505 0.90391656 0.76259031 0.3374972
  0.26566995]
 [0.81038312 0.7041959  1.         0.65810051 0.         0.69810103
  0.01423811 0.59786223 0.53645922 0.42462863 0.89313347 0.42410663
  0.94741344 0.53796721 0.05238712 0.78471432 0.56871189 0.14466614
  0.39089424 0.79190423 0.13193505 0.90391656 0.76259031 0.3374972
  0.26566995]
 [0.81038312 0.7041959  1.         0.65810051 0.         0.69810103
  0.01423811 0.59786223 0.53645922 0.42462863 0.89313347 0.42410663
  0.94741344 0.53796721 0.05238712 0.78471432 0.56871189 0.14466614
  0.39089424 0.79190423 0.13193505 0.90391656 0.76259031 0.3374972
  0.26566995]
 [0.81038312 0.7041959  1.         0.65810051 0.         0.69810103
  0.01423811 0.59786223 0.53645922 0.42462863 0.89313347 0.42410663
  0.94741344 0.53796721 0.05238712 0.78471432 0.56871189 0.14466614
  0.39089424 0.79190423 0.13193505 0.90391656 0.76259031 0.3374972
  0.26566995]
 [0.81038312 0.7041959  1.         0.65810051 0.         0.69810103
  0.01423811 0.59786223 0.53645922 0.42462863 0.89313347 0.42410663
  0.94741344 0.53796721 0.05238712 0.78471432 0.56871189 0.14466614
  0.39089424 0.79190423 0.13193505 0.90391656 0.76259031 0.3374972
  0.26566995]
 [0.81038312 0.7041959  1.         0.65810051 0.         0.69810103
  0.01423811 0.59786223 0.53645922 0.42462863 0.89313347 0.42410663
  0.94741344 0.53796721 0.05238712 0.78471432 0.56871189 0.14466614
  0.39089424 0.79190423 0.13193505 0.90391656 0.76259031 0.3374972
  0.26566995]
 [0.81038312 0.7041959  1.         0.65810051 0.         0.69810103
  0.01423811 0.59786223 0.53645922 0.42462863 0.89313347 0.42410663
  0.94741344 0.53796721 0.05238712 0.78471432 0.56871189 0.14466614
  0.39089424 0.79190423 0.13193505 0.90391656 0.76259031 0.3374972
  0.26566995]]"
87,"[[0.0576181  0.21461932 0.35656523 0.82783738 0.         0.19746465
  0.45384536 0.4890606  0.60368302 0.33342568 0.86593922 0.15162031
  0.22939564 0.4756403  0.51259383 0.77993106 0.53344707 1.
  0.43948449 0.96739733 0.81967752 0.22205227 0.19465019 0.88880342
  0.20495836]
 [0.0576181  0.21461932 0.35656523 0.82783738 0.         0.19746465
  0.45384536 0.4890606  0.60368302 0.33342568 0.86593922 0.15162031
  0.22939564 0.4756403  0.51259383 0.77993106 0.53344707 1.
  0.43948449 0.96739733 0.81967752 0.22205227 0.19465019 0.88880342
  0.20495836]
 [0.0576181  0.21461932 0.35656523 0.82783738 0.         0.19746465
  0.45384536 0.4890606  0.60368302 0.33342568 0.86593922 0.15162031
  0.22939564 0.4756403  0.51259383 0.77993106 0.53344707 1.
  0.43948449 0.96739733 0.81967752 0.22205227 0.19465019 0.88880342
  0.20495836]
 [0.0576181  0.21461932 0.35656523 0.82783738 0.         0.19746465
  0.45384536 0.4890606  0.60368302 0.33342568 0.86593922 0.15162031
  0.22939564 0.4756403  0.51259383 0.77993106 0.53344707 1.
  0.43948449 0.96739733 0.81967752 0.22205227 0.19465019 0.88880342
  0.20495836]
 [0.0576181  0.21461932 0.35656523 0.82783738 0.         0.19746465
  0.45384536 0.4890606  0.60368302 0.33342568 0.86593922 0.15162031
  0.22939564 0.4756403  0.51259383 0.77993106 0.53344707 1.
  0.43948449 0.96739733 0.81967752 0.22205227 0.19465019 0.88880342
  0.20495836]
 [0.0576181  0.21461932 0.35656523 0.82783738 0.         0.19746465
  0.45384536 0.4890606  0.60368302 0.33342568 0.86593922 0.15162031
  0.22939564 0.4756403  0.51259383 0.77993106 0.53344707 1.
  0.43948449 0.96739733 0.81967752 0.22205227 0.19465019 0.88880342
  0.20495836]
 [0.0576181  0.21461932 0.35656523 0.82783738 0.         0.19746465
  0.45384536 0.4890606  0.60368302 0.33342568 0.86593922 0.15162031
  0.22939564 0.4756403  0.51259383 0.77993106 0.53344707 1.
  0.43948449 0.96739733 0.81967752 0.22205227 0.19465019 0.88880342
  0.20495836]
 [0.0576181  0.21461932 0.35656523 0.82783738 0.         0.19746465
  0.45384536 0.4890606  0.60368302 0.33342568 0.86593922 0.15162031
  0.22939564 0.4756403  0.51259383 0.77993106 0.53344707 1.
  0.43948449 0.96739733 0.81967752 0.22205227 0.19465019 0.88880342
  0.20495836]
 [0.0576181  0.21461932 0.35656523 0.82783738 0.         0.19746465
  0.45384536 0.4890606  0.60368302 0.33342568 0.86593922 0.15162031
  0.22939564 0.4756403  0.51259383 0.77993106 0.53344707 1.
  0.43948449 0.96739733 0.81967752 0.22205227 0.19465019 0.88880342
  0.20495836]
 [0.0576181  0.21461932 0.35656523 0.82783738 0.         0.19746465
  0.45384536 0.4890606  0.60368302 0.33342568 0.86593922 0.15162031
  0.22939564 0.4756403  0.51259383 0.77993106 0.53344707 1.
  0.43948449 0.96739733 0.81967752 0.22205227 0.19465019 0.88880342
  0.20495836]
 [0.0576181  0.21461932 0.35656523 0.82783738 0.         0.19746465
  0.45384536 0.4890606  0.60368302 0.33342568 0.86593922 0.15162031
  0.22939564 0.4756403  0.51259383 0.77993106 0.53344707 1.
  0.43948449 0.96739733 0.81967752 0.22205227 0.19465019 0.88880342
  0.20495836]
 [0.0576181  0.21461932 0.35656523 0.82783738 0.         0.19746465
  0.45384536 0.4890606  0.60368302 0.33342568 0.86593922 0.15162031
  0.22939564 0.4756403  0.51259383 0.77993106 0.53344707 1.
  0.43948449 0.96739733 0.81967752 0.22205227 0.19465019 0.88880342
  0.20495836]
 [0.0576181  0.21461932 0.35656523 0.82783738 0.         0.19746465
  0.45384536 0.4890606  0.60368302 0.33342568 0.86593922 0.15162031
  0.22939564 0.4756403  0.51259383 0.77993106 0.53344707 1.
  0.43948449 0.96739733 0.81967752 0.22205227 0.19465019 0.88880342
  0.20495836]
 [0.0576181  0.21461932 0.35656523 0.82783738 0.         0.19746465
  0.45384536 0.4890606  0.60368302 0.33342568 0.86593922 0.15162031
  0.22939564 0.4756403  0.51259383 0.77993106 0.53344707 1.
  0.43948449 0.96739733 0.81967752 0.22205227 0.19465019 0.88880342
  0.20495836]
 [0.0576181  0.21461932 0.35656523 0.82783738 0.         0.19746465
  0.45384536 0.4890606  0.60368302 0.33342568 0.86593922 0.15162031
  0.22939564 0.4756403  0.51259383 0.77993106 0.53344707 1.
  0.43948449 0.96739733 0.81967752 0.22205227 0.19465019 0.88880342
  0.20495836]
 [0.0576181  0.21461932 0.35656523 0.82783738 0.         0.19746465
  0.45384536 0.4890606  0.60368302 0.33342568 0.86593922 0.15162031
  0.22939564 0.4756403  0.51259383 0.77993106 0.53344707 1.
  0.43948449 0.96739733 0.81967752 0.22205227 0.19465019 0.88880342
  0.20495836]
 [0.0576181  0.21461932 0.35656523 0.82783738 0.         0.19746465
  0.45384536 0.4890606  0.60368302 0.33342568 0.86593922 0.15162031
  0.22939564 0.4756403  0.51259383 0.77993106 0.53344707 1.
  0.43948449 0.96739733 0.81967752 0.22205227 0.19465019 0.88880342
  0.20495836]
 [0.0576181  0.21461932 0.35656523 0.82783738 0.         0.19746465
  0.45384536 0.4890606  0.60368302 0.33342568 0.86593922 0.15162031
  0.22939564 0.4756403  0.51259383 0.77993106 0.53344707 1.
  0.43948449 0.96739733 0.81967752 0.22205227 0.19465019 0.88880342
  0.20495836]
 [0.0576181  0.21461932 0.35656523 0.82783738 0.         0.19746465
  0.45384536 0.4890606  0.60368302 0.33342568 0.86593922 0.15162031
  0.22939564 0.4756403  0.51259383 0.77993106 0.53344707 1.
  0.43948449 0.96739733 0.81967752 0.22205227 0.19465019 0.88880342
  0.20495836]
 [0.0576181  0.21461932 0.35656523 0.82783738 0.         0.19746465
  0.45384536 0.4890606  0.60368302 0.33342568 0.86593922 0.15162031
  0.22939564 0.4756403  0.51259383 0.77993106 0.53344707 1.
  0.43948449 0.96739733 0.81967752 0.22205227 0.19465019 0.88880342
  0.20495836]
 [0.0576181  0.21461932 0.35656523 0.82783738 0.         0.19746465
  0.45384536 0.4890606  0.60368302 0.33342568 0.86593922 0.15162031
  0.22939564 0.4756403  0.51259383 0.77993106 0.53344707 1.
  0.43948449 0.96739733 0.81967752 0.22205227 0.19465019 0.88880342
  0.20495836]
 [0.0576181  0.21461932 0.35656523 0.82783738 0.         0.19746465
  0.45384536 0.4890606  0.60368302 0.33342568 0.86593922 0.15162031
  0.22939564 0.4756403  0.51259383 0.77993106 0.53344707 1.
  0.43948449 0.96739733 0.81967752 0.22205227 0.19465019 0.88880342
  0.20495836]
 [0.0576181  0.21461932 0.35656523 0.82783738 0.         0.19746465
  0.45384536 0.4890606  0.60368302 0.33342568 0.86593922 0.15162031
  0.22939564 0.4756403  0.51259383 0.77993106 0.53344707 1.
  0.43948449 0.96739733 0.81967752 0.22205227 0.19465019 0.88880342
  0.20495836]
 [0.0576181  0.21461932 0.35656523 0.82783738 0.         0.19746465
  0.45384536 0.4890606  0.60368302 0.33342568 0.86593922 0.15162031
  0.22939564 0.4756403  0.51259383 0.77993106 0.53344707 1.
  0.43948449 0.96739733 0.81967752 0.22205227 0.19465019 0.88880342
  0.20495836]
 [0.0576181  0.21461932 0.35656523 0.82783738 0.         0.19746465
  0.45384536 0.4890606  0.60368302 0.33342568 0.86593922 0.15162031
  0.22939564 0.4756403  0.51259383 0.77993106 0.53344707 1.
  0.43948449 0.96739733 0.81967752 0.22205227 0.19465019 0.88880342
  0.20495836]]"
88,"[[8.73813780e-01 7.46483992e-01 8.65253690e-01 7.56497339e-01
  9.15568991e-01 7.84994061e-01 5.75543477e-01 9.42389004e-01
  1.01408168e-01 3.89121917e-01 6.78701754e-02 2.21744017e-01
  2.88152685e-02 1.65197523e-03 5.98893300e-01 1.00492264e-01
  0.00000000e+00 2.10207450e-01 8.69328658e-01 7.19317890e-01
  5.40511461e-04 6.42284300e-01 1.00000000e+00 4.78282500e-01
  3.85189815e-02]
 [8.73813780e-01 7.46483992e-01 8.65253690e-01 7.56497339e-01
  9.15568991e-01 7.84994061e-01 5.75543477e-01 9.42389004e-01
  1.01408168e-01 3.89121917e-01 6.78701754e-02 2.21744017e-01
  2.88152685e-02 1.65197523e-03 5.98893300e-01 1.00492264e-01
  0.00000000e+00 2.10207450e-01 8.69328658e-01 7.19317890e-01
  5.40511461e-04 6.42284300e-01 1.00000000e+00 4.78282500e-01
  3.85189815e-02]
 [8.73813780e-01 7.46483992e-01 8.65253690e-01 7.56497339e-01
  9.15568991e-01 7.84994061e-01 5.75543477e-01 9.42389004e-01
  1.01408168e-01 3.89121917e-01 6.78701754e-02 2.21744017e-01
  2.88152685e-02 1.65197523e-03 5.98893300e-01 1.00492264e-01
  0.00000000e+00 2.10207450e-01 8.69328658e-01 7.19317890e-01
  5.40511461e-04 6.42284300e-01 1.00000000e+00 4.78282500e-01
  3.85189815e-02]
 [8.73813780e-01 7.46483992e-01 8.65253690e-01 7.56497339e-01
  9.15568991e-01 7.84994061e-01 5.75543477e-01 9.42389004e-01
  1.01408168e-01 3.89121917e-01 6.78701754e-02 2.21744017e-01
  2.88152685e-02 1.65197523e-03 5.98893300e-01 1.00492264e-01
  0.00000000e+00 2.10207450e-01 8.69328658e-01 7.19317890e-01
  5.40511461e-04 6.42284300e-01 1.00000000e+00 4.78282500e-01
  3.85189815e-02]
 [8.73813780e-01 7.46483992e-01 8.65253690e-01 7.56497339e-01
  9.15568991e-01 7.84994061e-01 5.75543477e-01 9.42389004e-01
  1.01408168e-01 3.89121917e-01 6.78701754e-02 2.21744017e-01
  2.88152685e-02 1.65197523e-03 5.98893300e-01 1.00492264e-01
  0.00000000e+00 2.10207450e-01 8.69328658e-01 7.19317890e-01
  5.40511461e-04 6.42284300e-01 1.00000000e+00 4.78282500e-01
  3.85189815e-02]
 [8.73813780e-01 7.46483992e-01 8.65253690e-01 7.56497339e-01
  9.15568991e-01 7.84994061e-01 5.75543477e-01 9.42389004e-01
  1.01408168e-01 3.89121917e-01 6.78701754e-02 2.21744017e-01
  2.88152685e-02 1.65197523e-03 5.98893300e-01 1.00492264e-01
  0.00000000e+00 2.10207450e-01 8.69328658e-01 7.19317890e-01
  5.40511461e-04 6.42284300e-01 1.00000000e+00 4.78282500e-01
  3.85189815e-02]
 [8.73813780e-01 7.46483992e-01 8.65253690e-01 7.56497339e-01
  9.15568991e-01 7.84994061e-01 5.75543477e-01 9.42389004e-01
  1.01408168e-01 3.89121917e-01 6.78701754e-02 2.21744017e-01
  2.88152685e-02 1.65197523e-03 5.98893300e-01 1.00492264e-01
  0.00000000e+00 2.10207450e-01 8.69328658e-01 7.19317890e-01
  5.40511461e-04 6.42284300e-01 1.00000000e+00 4.78282500e-01
  3.85189815e-02]
 [8.73813780e-01 7.46483992e-01 8.65253690e-01 7.56497339e-01
  9.15568991e-01 7.84994061e-01 5.75543477e-01 9.42389004e-01
  1.01408168e-01 3.89121917e-01 6.78701754e-02 2.21744017e-01
  2.88152685e-02 1.65197523e-03 5.98893300e-01 1.00492264e-01
  0.00000000e+00 2.10207450e-01 8.69328658e-01 7.19317890e-01
  5.40511461e-04 6.42284300e-01 1.00000000e+00 4.78282500e-01
  3.85189815e-02]
 [8.73813780e-01 7.46483992e-01 8.65253690e-01 7.56497339e-01
  9.15568991e-01 7.84994061e-01 5.75543477e-01 9.42389004e-01
  1.01408168e-01 3.89121917e-01 6.78701754e-02 2.21744017e-01
  2.88152685e-02 1.65197523e-03 5.98893300e-01 1.00492264e-01
  0.00000000e+00 2.10207450e-01 8.69328658e-01 7.19317890e-01
  5.40511461e-04 6.42284300e-01 1.00000000e+00 4.78282500e-01
  3.85189815e-02]
 [8.73813780e-01 7.46483992e-01 8.65253690e-01 7.56497339e-01
  9.15568991e-01 7.84994061e-01 5.75543477e-01 9.42389004e-01
  1.01408168e-01 3.89121917e-01 6.78701754e-02 2.21744017e-01
  2.88152685e-02 1.65197523e-03 5.98893300e-01 1.00492264e-01
  0.00000000e+00 2.10207450e-01 8.69328658e-01 7.19317890e-01
  5.40511461e-04 6.42284300e-01 1.00000000e+00 4.78282500e-01
  3.85189815e-02]
 [8.73813780e-01 7.46483992e-01 8.65253690e-01 7.56497339e-01
  9.15568991e-01 7.84994061e-01 5.75543477e-01 9.42389004e-01
  1.01408168e-01 3.89121917e-01 6.78701754e-02 2.21744017e-01
  2.88152685e-02 1.65197523e-03 5.98893300e-01 1.00492264e-01
  0.00000000e+00 2.10207450e-01 8.69328658e-01 7.19317890e-01
  5.40511461e-04 6.42284300e-01 1.00000000e+00 4.78282500e-01
  3.85189815e-02]
 [8.73813780e-01 7.46483992e-01 8.65253690e-01 7.56497339e-01
  9.15568991e-01 7.84994061e-01 5.75543477e-01 9.42389004e-01
  1.01408168e-01 3.89121917e-01 6.78701754e-02 2.21744017e-01
  2.88152685e-02 1.65197523e-03 5.98893300e-01 1.00492264e-01
  0.00000000e+00 2.10207450e-01 8.69328658e-01 7.19317890e-01
  5.40511461e-04 6.42284300e-01 1.00000000e+00 4.78282500e-01
  3.85189815e-02]
 [8.73813780e-01 7.46483992e-01 8.65253690e-01 7.56497339e-01
  9.15568991e-01 7.84994061e-01 5.75543477e-01 9.42389004e-01
  1.01408168e-01 3.89121917e-01 6.78701754e-02 2.21744017e-01
  2.88152685e-02 1.65197523e-03 5.98893300e-01 1.00492264e-01
  0.00000000e+00 2.10207450e-01 8.69328658e-01 7.19317890e-01
  5.40511461e-04 6.42284300e-01 1.00000000e+00 4.78282500e-01
  3.85189815e-02]
 [8.73813780e-01 7.46483992e-01 8.65253690e-01 7.56497339e-01
  9.15568991e-01 7.84994061e-01 5.75543477e-01 9.42389004e-01
  1.01408168e-01 3.89121917e-01 6.78701754e-02 2.21744017e-01
  2.88152685e-02 1.65197523e-03 5.98893300e-01 1.00492264e-01
  0.00000000e+00 2.10207450e-01 8.69328658e-01 7.19317890e-01
  5.40511461e-04 6.42284300e-01 1.00000000e+00 4.78282500e-01
  3.85189815e-02]
 [8.73813780e-01 7.46483992e-01 8.65253690e-01 7.56497339e-01
  9.15568991e-01 7.84994061e-01 5.75543477e-01 9.42389004e-01
  1.01408168e-01 3.89121917e-01 6.78701754e-02 2.21744017e-01
  2.88152685e-02 1.65197523e-03 5.98893300e-01 1.00492264e-01
  0.00000000e+00 2.10207450e-01 8.69328658e-01 7.19317890e-01
  5.40511461e-04 6.42284300e-01 1.00000000e+00 4.78282500e-01
  3.85189815e-02]
 [8.73813780e-01 7.46483992e-01 8.65253690e-01 7.56497339e-01
  9.15568991e-01 7.84994061e-01 5.75543477e-01 9.42389004e-01
  1.01408168e-01 3.89121917e-01 6.78701754e-02 2.21744017e-01
  2.88152685e-02 1.65197523e-03 5.98893300e-01 1.00492264e-01
  0.00000000e+00 2.10207450e-01 8.69328658e-01 7.19317890e-01
  5.40511461e-04 6.42284300e-01 1.00000000e+00 4.78282500e-01
  3.85189815e-02]
 [8.73813780e-01 7.46483992e-01 8.65253690e-01 7.56497339e-01
  9.15568991e-01 7.84994061e-01 5.75543477e-01 9.42389004e-01
  1.01408168e-01 3.89121917e-01 6.78701754e-02 2.21744017e-01
  2.88152685e-02 1.65197523e-03 5.98893300e-01 1.00492264e-01
  0.00000000e+00 2.10207450e-01 8.69328658e-01 7.19317890e-01
  5.40511461e-04 6.42284300e-01 1.00000000e+00 4.78282500e-01
  3.85189815e-02]
 [8.73813780e-01 7.46483992e-01 8.65253690e-01 7.56497339e-01
  9.15568991e-01 7.84994061e-01 5.75543477e-01 9.42389004e-01
  1.01408168e-01 3.89121917e-01 6.78701754e-02 2.21744017e-01
  2.88152685e-02 1.65197523e-03 5.98893300e-01 1.00492264e-01
  0.00000000e+00 2.10207450e-01 8.69328658e-01 7.19317890e-01
  5.40511461e-04 6.42284300e-01 1.00000000e+00 4.78282500e-01
  3.85189815e-02]
 [8.73813780e-01 7.46483992e-01 8.65253690e-01 7.56497339e-01
  9.15568991e-01 7.84994061e-01 5.75543477e-01 9.42389004e-01
  1.01408168e-01 3.89121917e-01 6.78701754e-02 2.21744017e-01
  2.88152685e-02 1.65197523e-03 5.98893300e-01 1.00492264e-01
  0.00000000e+00 2.10207450e-01 8.69328658e-01 7.19317890e-01
  5.40511461e-04 6.42284300e-01 1.00000000e+00 4.78282500e-01
  3.85189815e-02]
 [8.73813780e-01 7.46483992e-01 8.65253690e-01 7.56497339e-01
  9.15568991e-01 7.84994061e-01 5.75543477e-01 9.42389004e-01
  1.01408168e-01 3.89121917e-01 6.78701754e-02 2.21744017e-01
  2.88152685e-02 1.65197523e-03 5.98893300e-01 1.00492264e-01
  0.00000000e+00 2.10207450e-01 8.69328658e-01 7.19317890e-01
  5.40511461e-04 6.42284300e-01 1.00000000e+00 4.78282500e-01
  3.85189815e-02]
 [8.73813780e-01 7.46483992e-01 8.65253690e-01 7.56497339e-01
  9.15568991e-01 7.84994061e-01 5.75543477e-01 9.42389004e-01
  1.01408168e-01 3.89121917e-01 6.78701754e-02 2.21744017e-01
  2.88152685e-02 1.65197523e-03 5.98893300e-01 1.00492264e-01
  0.00000000e+00 2.10207450e-01 8.69328658e-01 7.19317890e-01
  5.40511461e-04 6.42284300e-01 1.00000000e+00 4.78282500e-01
  3.85189815e-02]
 [8.73813780e-01 7.46483992e-01 8.65253690e-01 7.56497339e-01
  9.15568991e-01 7.84994061e-01 5.75543477e-01 9.42389004e-01
  1.01408168e-01 3.89121917e-01 6.78701754e-02 2.21744017e-01
  2.88152685e-02 1.65197523e-03 5.98893300e-01 1.00492264e-01
  0.00000000e+00 2.10207450e-01 8.69328658e-01 7.19317890e-01
  5.40511461e-04 6.42284300e-01 1.00000000e+00 4.78282500e-01
  3.85189815e-02]
 [8.73813780e-01 7.46483992e-01 8.65253690e-01 7.56497339e-01
  9.15568991e-01 7.84994061e-01 5.75543477e-01 9.42389004e-01
  1.01408168e-01 3.89121917e-01 6.78701754e-02 2.21744017e-01
  2.88152685e-02 1.65197523e-03 5.98893300e-01 1.00492264e-01
  0.00000000e+00 2.10207450e-01 8.69328658e-01 7.19317890e-01
  5.40511461e-04 6.42284300e-01 1.00000000e+00 4.78282500e-01
  3.85189815e-02]
 [8.73813780e-01 7.46483992e-01 8.65253690e-01 7.56497339e-01
  9.15568991e-01 7.84994061e-01 5.75543477e-01 9.42389004e-01
  1.01408168e-01 3.89121917e-01 6.78701754e-02 2.21744017e-01
  2.88152685e-02 1.65197523e-03 5.98893300e-01 1.00492264e-01
  0.00000000e+00 2.10207450e-01 8.69328658e-01 7.19317890e-01
  5.40511461e-04 6.42284300e-01 1.00000000e+00 4.78282500e-01
  3.85189815e-02]
 [8.73813780e-01 7.46483992e-01 8.65253690e-01 7.56497339e-01
  9.15568991e-01 7.84994061e-01 5.75543477e-01 9.42389004e-01
  1.01408168e-01 3.89121917e-01 6.78701754e-02 2.21744017e-01
  2.88152685e-02 1.65197523e-03 5.98893300e-01 1.00492264e-01
  0.00000000e+00 2.10207450e-01 8.69328658e-01 7.19317890e-01
  5.40511461e-04 6.42284300e-01 1.00000000e+00 4.78282500e-01
  3.85189815e-02]]"
89,"[[0.38874971 0.76883722 0.25977612 0.05324887 0.00412736 0.56643974
  0.88264808 0.55102447 0.60969755 1.         0.03858212 0.37882334
  0.07934473 0.0456608  0.93146826 0.45382259 0.36254084 0.85668817
  0.29394188 0.90802515 0.         0.80969272 0.17411735 0.44330811
  0.10513969]
 [0.38874971 0.76883722 0.25977612 0.05324887 0.00412736 0.56643974
  0.88264808 0.55102447 0.60969755 1.         0.03858212 0.37882334
  0.07934473 0.0456608  0.93146826 0.45382259 0.36254084 0.85668817
  0.29394188 0.90802515 0.         0.80969272 0.17411735 0.44330811
  0.10513969]
 [0.38874971 0.76883722 0.25977612 0.05324887 0.00412736 0.56643974
  0.88264808 0.55102447 0.60969755 1.         0.03858212 0.37882334
  0.07934473 0.0456608  0.93146826 0.45382259 0.36254084 0.85668817
  0.29394188 0.90802515 0.         0.80969272 0.17411735 0.44330811
  0.10513969]
 [0.38874971 0.76883722 0.25977612 0.05324887 0.00412736 0.56643974
  0.88264808 0.55102447 0.60969755 1.         0.03858212 0.37882334
  0.07934473 0.0456608  0.93146826 0.45382259 0.36254084 0.85668817
  0.29394188 0.90802515 0.         0.80969272 0.17411735 0.44330811
  0.10513969]
 [0.38874971 0.76883722 0.25977612 0.05324887 0.00412736 0.56643974
  0.88264808 0.55102447 0.60969755 1.         0.03858212 0.37882334
  0.07934473 0.0456608  0.93146826 0.45382259 0.36254084 0.85668817
  0.29394188 0.90802515 0.         0.80969272 0.17411735 0.44330811
  0.10513969]
 [0.38874971 0.76883722 0.25977612 0.05324887 0.00412736 0.56643974
  0.88264808 0.55102447 0.60969755 1.         0.03858212 0.37882334
  0.07934473 0.0456608  0.93146826 0.45382259 0.36254084 0.85668817
  0.29394188 0.90802515 0.         0.80969272 0.17411735 0.44330811
  0.10513969]
 [0.38874971 0.76883722 0.25977612 0.05324887 0.00412736 0.56643974
  0.88264808 0.55102447 0.60969755 1.         0.03858212 0.37882334
  0.07934473 0.0456608  0.93146826 0.45382259 0.36254084 0.85668817
  0.29394188 0.90802515 0.         0.80969272 0.17411735 0.44330811
  0.10513969]
 [0.38874971 0.76883722 0.25977612 0.05324887 0.00412736 0.56643974
  0.88264808 0.55102447 0.60969755 1.         0.03858212 0.37882334
  0.07934473 0.0456608  0.93146826 0.45382259 0.36254084 0.85668817
  0.29394188 0.90802515 0.         0.80969272 0.17411735 0.44330811
  0.10513969]
 [0.38874971 0.76883722 0.25977612 0.05324887 0.00412736 0.56643974
  0.88264808 0.55102447 0.60969755 1.         0.03858212 0.37882334
  0.07934473 0.0456608  0.93146826 0.45382259 0.36254084 0.85668817
  0.29394188 0.90802515 0.         0.80969272 0.17411735 0.44330811
  0.10513969]
 [0.38874971 0.76883722 0.25977612 0.05324887 0.00412736 0.56643974
  0.88264808 0.55102447 0.60969755 1.         0.03858212 0.37882334
  0.07934473 0.0456608  0.93146826 0.45382259 0.36254084 0.85668817
  0.29394188 0.90802515 0.         0.80969272 0.17411735 0.44330811
  0.10513969]
 [0.38874971 0.76883722 0.25977612 0.05324887 0.00412736 0.56643974
  0.88264808 0.55102447 0.60969755 1.         0.03858212 0.37882334
  0.07934473 0.0456608  0.93146826 0.45382259 0.36254084 0.85668817
  0.29394188 0.90802515 0.         0.80969272 0.17411735 0.44330811
  0.10513969]
 [0.38874971 0.76883722 0.25977612 0.05324887 0.00412736 0.56643974
  0.88264808 0.55102447 0.60969755 1.         0.03858212 0.37882334
  0.07934473 0.0456608  0.93146826 0.45382259 0.36254084 0.85668817
  0.29394188 0.90802515 0.         0.80969272 0.17411735 0.44330811
  0.10513969]
 [0.38874971 0.76883722 0.25977612 0.05324887 0.00412736 0.56643974
  0.88264808 0.55102447 0.60969755 1.         0.03858212 0.37882334
  0.07934473 0.0456608  0.93146826 0.45382259 0.36254084 0.85668817
  0.29394188 0.90802515 0.         0.80969272 0.17411735 0.44330811
  0.10513969]
 [0.38874971 0.76883722 0.25977612 0.05324887 0.00412736 0.56643974
  0.88264808 0.55102447 0.60969755 1.         0.03858212 0.37882334
  0.07934473 0.0456608  0.93146826 0.45382259 0.36254084 0.85668817
  0.29394188 0.90802515 0.         0.80969272 0.17411735 0.44330811
  0.10513969]
 [0.38874971 0.76883722 0.25977612 0.05324887 0.00412736 0.56643974
  0.88264808 0.55102447 0.60969755 1.         0.03858212 0.37882334
  0.07934473 0.0456608  0.93146826 0.45382259 0.36254084 0.85668817
  0.29394188 0.90802515 0.         0.80969272 0.17411735 0.44330811
  0.10513969]
 [0.38874971 0.76883722 0.25977612 0.05324887 0.00412736 0.56643974
  0.88264808 0.55102447 0.60969755 1.         0.03858212 0.37882334
  0.07934473 0.0456608  0.93146826 0.45382259 0.36254084 0.85668817
  0.29394188 0.90802515 0.         0.80969272 0.17411735 0.44330811
  0.10513969]
 [0.38874971 0.76883722 0.25977612 0.05324887 0.00412736 0.56643974
  0.88264808 0.55102447 0.60969755 1.         0.03858212 0.37882334
  0.07934473 0.0456608  0.93146826 0.45382259 0.36254084 0.85668817
  0.29394188 0.90802515 0.         0.80969272 0.17411735 0.44330811
  0.10513969]
 [0.38874971 0.76883722 0.25977612 0.05324887 0.00412736 0.56643974
  0.88264808 0.55102447 0.60969755 1.         0.03858212 0.37882334
  0.07934473 0.0456608  0.93146826 0.45382259 0.36254084 0.85668817
  0.29394188 0.90802515 0.         0.80969272 0.17411735 0.44330811
  0.10513969]
 [0.38874971 0.76883722 0.25977612 0.05324887 0.00412736 0.56643974
  0.88264808 0.55102447 0.60969755 1.         0.03858212 0.37882334
  0.07934473 0.0456608  0.93146826 0.45382259 0.36254084 0.85668817
  0.29394188 0.90802515 0.         0.80969272 0.17411735 0.44330811
  0.10513969]
 [0.38874971 0.76883722 0.25977612 0.05324887 0.00412736 0.56643974
  0.88264808 0.55102447 0.60969755 1.         0.03858212 0.37882334
  0.07934473 0.0456608  0.93146826 0.45382259 0.36254084 0.85668817
  0.29394188 0.90802515 0.         0.80969272 0.17411735 0.44330811
  0.10513969]
 [0.38874971 0.76883722 0.25977612 0.05324887 0.00412736 0.56643974
  0.88264808 0.55102447 0.60969755 1.         0.03858212 0.37882334
  0.07934473 0.0456608  0.93146826 0.45382259 0.36254084 0.85668817
  0.29394188 0.90802515 0.         0.80969272 0.17411735 0.44330811
  0.10513969]
 [0.38874971 0.76883722 0.25977612 0.05324887 0.00412736 0.56643974
  0.88264808 0.55102447 0.60969755 1.         0.03858212 0.37882334
  0.07934473 0.0456608  0.93146826 0.45382259 0.36254084 0.85668817
  0.29394188 0.90802515 0.         0.80969272 0.17411735 0.44330811
  0.10513969]
 [0.38874971 0.76883722 0.25977612 0.05324887 0.00412736 0.56643974
  0.88264808 0.55102447 0.60969755 1.         0.03858212 0.37882334
  0.07934473 0.0456608  0.93146826 0.45382259 0.36254084 0.85668817
  0.29394188 0.90802515 0.         0.80969272 0.17411735 0.44330811
  0.10513969]
 [0.38874971 0.76883722 0.25977612 0.05324887 0.00412736 0.56643974
  0.88264808 0.55102447 0.60969755 1.         0.03858212 0.37882334
  0.07934473 0.0456608  0.93146826 0.45382259 0.36254084 0.85668817
  0.29394188 0.90802515 0.         0.80969272 0.17411735 0.44330811
  0.10513969]
 [0.38874971 0.76883722 0.25977612 0.05324887 0.00412736 0.56643974
  0.88264808 0.55102447 0.60969755 1.         0.03858212 0.37882334
  0.07934473 0.0456608  0.93146826 0.45382259 0.36254084 0.85668817
  0.29394188 0.90802515 0.         0.80969272 0.17411735 0.44330811
  0.10513969]]"
90,"[[0.37317486 0.51100042 0.54086211 0.46209485 0.02838332 0.16788039
  0.3786768  0.13351374 0.5285905  0.30577893 0.13590276 0.05641065
  0.         1.         0.56508244 0.80354479 0.79617825 0.06557354
  0.21845152 0.23107517 0.66745974 0.05848323 0.93694906 0.77221263
  0.27680059]
 [0.37317486 0.51100042 0.54086211 0.46209485 0.02838332 0.16788039
  0.3786768  0.13351374 0.5285905  0.30577893 0.13590276 0.05641065
  0.         1.         0.56508244 0.80354479 0.79617825 0.06557354
  0.21845152 0.23107517 0.66745974 0.05848323 0.93694906 0.77221263
  0.27680059]
 [0.37317486 0.51100042 0.54086211 0.46209485 0.02838332 0.16788039
  0.3786768  0.13351374 0.5285905  0.30577893 0.13590276 0.05641065
  0.         1.         0.56508244 0.80354479 0.79617825 0.06557354
  0.21845152 0.23107517 0.66745974 0.05848323 0.93694906 0.77221263
  0.27680059]
 [0.37317486 0.51100042 0.54086211 0.46209485 0.02838332 0.16788039
  0.3786768  0.13351374 0.5285905  0.30577893 0.13590276 0.05641065
  0.         1.         0.56508244 0.80354479 0.79617825 0.06557354
  0.21845152 0.23107517 0.66745974 0.05848323 0.93694906 0.77221263
  0.27680059]
 [0.37317486 0.51100042 0.54086211 0.46209485 0.02838332 0.16788039
  0.3786768  0.13351374 0.5285905  0.30577893 0.13590276 0.05641065
  0.         1.         0.56508244 0.80354479 0.79617825 0.06557354
  0.21845152 0.23107517 0.66745974 0.05848323 0.93694906 0.77221263
  0.27680059]
 [0.37317486 0.51100042 0.54086211 0.46209485 0.02838332 0.16788039
  0.3786768  0.13351374 0.5285905  0.30577893 0.13590276 0.05641065
  0.         1.         0.56508244 0.80354479 0.79617825 0.06557354
  0.21845152 0.23107517 0.66745974 0.05848323 0.93694906 0.77221263
  0.27680059]
 [0.37317486 0.51100042 0.54086211 0.46209485 0.02838332 0.16788039
  0.3786768  0.13351374 0.5285905  0.30577893 0.13590276 0.05641065
  0.         1.         0.56508244 0.80354479 0.79617825 0.06557354
  0.21845152 0.23107517 0.66745974 0.05848323 0.93694906 0.77221263
  0.27680059]
 [0.37317486 0.51100042 0.54086211 0.46209485 0.02838332 0.16788039
  0.3786768  0.13351374 0.5285905  0.30577893 0.13590276 0.05641065
  0.         1.         0.56508244 0.80354479 0.79617825 0.06557354
  0.21845152 0.23107517 0.66745974 0.05848323 0.93694906 0.77221263
  0.27680059]
 [0.37317486 0.51100042 0.54086211 0.46209485 0.02838332 0.16788039
  0.3786768  0.13351374 0.5285905  0.30577893 0.13590276 0.05641065
  0.         1.         0.56508244 0.80354479 0.79617825 0.06557354
  0.21845152 0.23107517 0.66745974 0.05848323 0.93694906 0.77221263
  0.27680059]
 [0.37317486 0.51100042 0.54086211 0.46209485 0.02838332 0.16788039
  0.3786768  0.13351374 0.5285905  0.30577893 0.13590276 0.05641065
  0.         1.         0.56508244 0.80354479 0.79617825 0.06557354
  0.21845152 0.23107517 0.66745974 0.05848323 0.93694906 0.77221263
  0.27680059]
 [0.37317486 0.51100042 0.54086211 0.46209485 0.02838332 0.16788039
  0.3786768  0.13351374 0.5285905  0.30577893 0.13590276 0.05641065
  0.         1.         0.56508244 0.80354479 0.79617825 0.06557354
  0.21845152 0.23107517 0.66745974 0.05848323 0.93694906 0.77221263
  0.27680059]
 [0.37317486 0.51100042 0.54086211 0.46209485 0.02838332 0.16788039
  0.3786768  0.13351374 0.5285905  0.30577893 0.13590276 0.05641065
  0.         1.         0.56508244 0.80354479 0.79617825 0.06557354
  0.21845152 0.23107517 0.66745974 0.05848323 0.93694906 0.77221263
  0.27680059]
 [0.37317486 0.51100042 0.54086211 0.46209485 0.02838332 0.16788039
  0.3786768  0.13351374 0.5285905  0.30577893 0.13590276 0.05641065
  0.         1.         0.56508244 0.80354479 0.79617825 0.06557354
  0.21845152 0.23107517 0.66745974 0.05848323 0.93694906 0.77221263
  0.27680059]
 [0.37317486 0.51100042 0.54086211 0.46209485 0.02838332 0.16788039
  0.3786768  0.13351374 0.5285905  0.30577893 0.13590276 0.05641065
  0.         1.         0.56508244 0.80354479 0.79617825 0.06557354
  0.21845152 0.23107517 0.66745974 0.05848323 0.93694906 0.77221263
  0.27680059]
 [0.37317486 0.51100042 0.54086211 0.46209485 0.02838332 0.16788039
  0.3786768  0.13351374 0.5285905  0.30577893 0.13590276 0.05641065
  0.         1.         0.56508244 0.80354479 0.79617825 0.06557354
  0.21845152 0.23107517 0.66745974 0.05848323 0.93694906 0.77221263
  0.27680059]
 [0.37317486 0.51100042 0.54086211 0.46209485 0.02838332 0.16788039
  0.3786768  0.13351374 0.5285905  0.30577893 0.13590276 0.05641065
  0.         1.         0.56508244 0.80354479 0.79617825 0.06557354
  0.21845152 0.23107517 0.66745974 0.05848323 0.93694906 0.77221263
  0.27680059]
 [0.37317486 0.51100042 0.54086211 0.46209485 0.02838332 0.16788039
  0.3786768  0.13351374 0.5285905  0.30577893 0.13590276 0.05641065
  0.         1.         0.56508244 0.80354479 0.79617825 0.06557354
  0.21845152 0.23107517 0.66745974 0.05848323 0.93694906 0.77221263
  0.27680059]
 [0.37317486 0.51100042 0.54086211 0.46209485 0.02838332 0.16788039
  0.3786768  0.13351374 0.5285905  0.30577893 0.13590276 0.05641065
  0.         1.         0.56508244 0.80354479 0.79617825 0.06557354
  0.21845152 0.23107517 0.66745974 0.05848323 0.93694906 0.77221263
  0.27680059]
 [0.37317486 0.51100042 0.54086211 0.46209485 0.02838332 0.16788039
  0.3786768  0.13351374 0.5285905  0.30577893 0.13590276 0.05641065
  0.         1.         0.56508244 0.80354479 0.79617825 0.06557354
  0.21845152 0.23107517 0.66745974 0.05848323 0.93694906 0.77221263
  0.27680059]
 [0.37317486 0.51100042 0.54086211 0.46209485 0.02838332 0.16788039
  0.3786768  0.13351374 0.5285905  0.30577893 0.13590276 0.05641065
  0.         1.         0.56508244 0.80354479 0.79617825 0.06557354
  0.21845152 0.23107517 0.66745974 0.05848323 0.93694906 0.77221263
  0.27680059]
 [0.37317486 0.51100042 0.54086211 0.46209485 0.02838332 0.16788039
  0.3786768  0.13351374 0.5285905  0.30577893 0.13590276 0.05641065
  0.         1.         0.56508244 0.80354479 0.79617825 0.06557354
  0.21845152 0.23107517 0.66745974 0.05848323 0.93694906 0.77221263
  0.27680059]
 [0.37317486 0.51100042 0.54086211 0.46209485 0.02838332 0.16788039
  0.3786768  0.13351374 0.5285905  0.30577893 0.13590276 0.05641065
  0.         1.         0.56508244 0.80354479 0.79617825 0.06557354
  0.21845152 0.23107517 0.66745974 0.05848323 0.93694906 0.77221263
  0.27680059]
 [0.37317486 0.51100042 0.54086211 0.46209485 0.02838332 0.16788039
  0.3786768  0.13351374 0.5285905  0.30577893 0.13590276 0.05641065
  0.         1.         0.56508244 0.80354479 0.79617825 0.06557354
  0.21845152 0.23107517 0.66745974 0.05848323 0.93694906 0.77221263
  0.27680059]
 [0.37317486 0.51100042 0.54086211 0.46209485 0.02838332 0.16788039
  0.3786768  0.13351374 0.5285905  0.30577893 0.13590276 0.05641065
  0.         1.         0.56508244 0.80354479 0.79617825 0.06557354
  0.21845152 0.23107517 0.66745974 0.05848323 0.93694906 0.77221263
  0.27680059]
 [0.37317486 0.51100042 0.54086211 0.46209485 0.02838332 0.16788039
  0.3786768  0.13351374 0.5285905  0.30577893 0.13590276 0.05641065
  0.         1.         0.56508244 0.80354479 0.79617825 0.06557354
  0.21845152 0.23107517 0.66745974 0.05848323 0.93694906 0.77221263
  0.27680059]]"
91,"[[1.         0.33449285 0.1271557  0.9980618  0.8953153  0.26192064
  0.59605198 0.10066826 0.54929573 0.05720339 0.94977754 0.44012064
  0.94529881 0.71346954 0.3964387  0.619266   0.26143286 0.
  0.5321821  0.02801583 0.25585966 0.432241   0.25852547 0.18263565
  0.99099426]
 [1.         0.33449285 0.1271557  0.9980618  0.8953153  0.26192064
  0.59605198 0.10066826 0.54929573 0.05720339 0.94977754 0.44012064
  0.94529881 0.71346954 0.3964387  0.619266   0.26143286 0.
  0.5321821  0.02801583 0.25585966 0.432241   0.25852547 0.18263565
  0.99099426]
 [1.         0.33449285 0.1271557  0.9980618  0.8953153  0.26192064
  0.59605198 0.10066826 0.54929573 0.05720339 0.94977754 0.44012064
  0.94529881 0.71346954 0.3964387  0.619266   0.26143286 0.
  0.5321821  0.02801583 0.25585966 0.432241   0.25852547 0.18263565
  0.99099426]
 [1.         0.33449285 0.1271557  0.9980618  0.8953153  0.26192064
  0.59605198 0.10066826 0.54929573 0.05720339 0.94977754 0.44012064
  0.94529881 0.71346954 0.3964387  0.619266   0.26143286 0.
  0.5321821  0.02801583 0.25585966 0.432241   0.25852547 0.18263565
  0.99099426]
 [1.         0.33449285 0.1271557  0.9980618  0.8953153  0.26192064
  0.59605198 0.10066826 0.54929573 0.05720339 0.94977754 0.44012064
  0.94529881 0.71346954 0.3964387  0.619266   0.26143286 0.
  0.5321821  0.02801583 0.25585966 0.432241   0.25852547 0.18263565
  0.99099426]
 [1.         0.33449285 0.1271557  0.9980618  0.8953153  0.26192064
  0.59605198 0.10066826 0.54929573 0.05720339 0.94977754 0.44012064
  0.94529881 0.71346954 0.3964387  0.619266   0.26143286 0.
  0.5321821  0.02801583 0.25585966 0.432241   0.25852547 0.18263565
  0.99099426]
 [1.         0.33449285 0.1271557  0.9980618  0.8953153  0.26192064
  0.59605198 0.10066826 0.54929573 0.05720339 0.94977754 0.44012064
  0.94529881 0.71346954 0.3964387  0.619266   0.26143286 0.
  0.5321821  0.02801583 0.25585966 0.432241   0.25852547 0.18263565
  0.99099426]
 [1.         0.33449285 0.1271557  0.9980618  0.8953153  0.26192064
  0.59605198 0.10066826 0.54929573 0.05720339 0.94977754 0.44012064
  0.94529881 0.71346954 0.3964387  0.619266   0.26143286 0.
  0.5321821  0.02801583 0.25585966 0.432241   0.25852547 0.18263565
  0.99099426]
 [1.         0.33449285 0.1271557  0.9980618  0.8953153  0.26192064
  0.59605198 0.10066826 0.54929573 0.05720339 0.94977754 0.44012064
  0.94529881 0.71346954 0.3964387  0.619266   0.26143286 0.
  0.5321821  0.02801583 0.25585966 0.432241   0.25852547 0.18263565
  0.99099426]
 [1.         0.33449285 0.1271557  0.9980618  0.8953153  0.26192064
  0.59605198 0.10066826 0.54929573 0.05720339 0.94977754 0.44012064
  0.94529881 0.71346954 0.3964387  0.619266   0.26143286 0.
  0.5321821  0.02801583 0.25585966 0.432241   0.25852547 0.18263565
  0.99099426]
 [1.         0.33449285 0.1271557  0.9980618  0.8953153  0.26192064
  0.59605198 0.10066826 0.54929573 0.05720339 0.94977754 0.44012064
  0.94529881 0.71346954 0.3964387  0.619266   0.26143286 0.
  0.5321821  0.02801583 0.25585966 0.432241   0.25852547 0.18263565
  0.99099426]
 [1.         0.33449285 0.1271557  0.9980618  0.8953153  0.26192064
  0.59605198 0.10066826 0.54929573 0.05720339 0.94977754 0.44012064
  0.94529881 0.71346954 0.3964387  0.619266   0.26143286 0.
  0.5321821  0.02801583 0.25585966 0.432241   0.25852547 0.18263565
  0.99099426]
 [1.         0.33449285 0.1271557  0.9980618  0.8953153  0.26192064
  0.59605198 0.10066826 0.54929573 0.05720339 0.94977754 0.44012064
  0.94529881 0.71346954 0.3964387  0.619266   0.26143286 0.
  0.5321821  0.02801583 0.25585966 0.432241   0.25852547 0.18263565
  0.99099426]
 [1.         0.33449285 0.1271557  0.9980618  0.8953153  0.26192064
  0.59605198 0.10066826 0.54929573 0.05720339 0.94977754 0.44012064
  0.94529881 0.71346954 0.3964387  0.619266   0.26143286 0.
  0.5321821  0.02801583 0.25585966 0.432241   0.25852547 0.18263565
  0.99099426]
 [1.         0.33449285 0.1271557  0.9980618  0.8953153  0.26192064
  0.59605198 0.10066826 0.54929573 0.05720339 0.94977754 0.44012064
  0.94529881 0.71346954 0.3964387  0.619266   0.26143286 0.
  0.5321821  0.02801583 0.25585966 0.432241   0.25852547 0.18263565
  0.99099426]
 [1.         0.33449285 0.1271557  0.9980618  0.8953153  0.26192064
  0.59605198 0.10066826 0.54929573 0.05720339 0.94977754 0.44012064
  0.94529881 0.71346954 0.3964387  0.619266   0.26143286 0.
  0.5321821  0.02801583 0.25585966 0.432241   0.25852547 0.18263565
  0.99099426]
 [1.         0.33449285 0.1271557  0.9980618  0.8953153  0.26192064
  0.59605198 0.10066826 0.54929573 0.05720339 0.94977754 0.44012064
  0.94529881 0.71346954 0.3964387  0.619266   0.26143286 0.
  0.5321821  0.02801583 0.25585966 0.432241   0.25852547 0.18263565
  0.99099426]
 [1.         0.33449285 0.1271557  0.9980618  0.8953153  0.26192064
  0.59605198 0.10066826 0.54929573 0.05720339 0.94977754 0.44012064
  0.94529881 0.71346954 0.3964387  0.619266   0.26143286 0.
  0.5321821  0.02801583 0.25585966 0.432241   0.25852547 0.18263565
  0.99099426]
 [1.         0.33449285 0.1271557  0.9980618  0.8953153  0.26192064
  0.59605198 0.10066826 0.54929573 0.05720339 0.94977754 0.44012064
  0.94529881 0.71346954 0.3964387  0.619266   0.26143286 0.
  0.5321821  0.02801583 0.25585966 0.432241   0.25852547 0.18263565
  0.99099426]
 [1.         0.33449285 0.1271557  0.9980618  0.8953153  0.26192064
  0.59605198 0.10066826 0.54929573 0.05720339 0.94977754 0.44012064
  0.94529881 0.71346954 0.3964387  0.619266   0.26143286 0.
  0.5321821  0.02801583 0.25585966 0.432241   0.25852547 0.18263565
  0.99099426]
 [1.         0.33449285 0.1271557  0.9980618  0.8953153  0.26192064
  0.59605198 0.10066826 0.54929573 0.05720339 0.94977754 0.44012064
  0.94529881 0.71346954 0.3964387  0.619266   0.26143286 0.
  0.5321821  0.02801583 0.25585966 0.432241   0.25852547 0.18263565
  0.99099426]
 [1.         0.33449285 0.1271557  0.9980618  0.8953153  0.26192064
  0.59605198 0.10066826 0.54929573 0.05720339 0.94977754 0.44012064
  0.94529881 0.71346954 0.3964387  0.619266   0.26143286 0.
  0.5321821  0.02801583 0.25585966 0.432241   0.25852547 0.18263565
  0.99099426]
 [1.         0.33449285 0.1271557  0.9980618  0.8953153  0.26192064
  0.59605198 0.10066826 0.54929573 0.05720339 0.94977754 0.44012064
  0.94529881 0.71346954 0.3964387  0.619266   0.26143286 0.
  0.5321821  0.02801583 0.25585966 0.432241   0.25852547 0.18263565
  0.99099426]
 [1.         0.33449285 0.1271557  0.9980618  0.8953153  0.26192064
  0.59605198 0.10066826 0.54929573 0.05720339 0.94977754 0.44012064
  0.94529881 0.71346954 0.3964387  0.619266   0.26143286 0.
  0.5321821  0.02801583 0.25585966 0.432241   0.25852547 0.18263565
  0.99099426]
 [1.         0.33449285 0.1271557  0.9980618  0.8953153  0.26192064
  0.59605198 0.10066826 0.54929573 0.05720339 0.94977754 0.44012064
  0.94529881 0.71346954 0.3964387  0.619266   0.26143286 0.
  0.5321821  0.02801583 0.25585966 0.432241   0.25852547 0.18263565
  0.99099426]]"
92,"[[0.31545218 0.61599848 0.52868866 0.5686687  0.30384614 0.46267742
  0.87829203 1.         0.88893318 0.4944282  0.17722189 0.85569224
  0.87989937 0.         0.00328741 0.32418684 0.94866692 0.49831317
  0.38751296 0.68363568 0.6147262  0.19014078 0.6215949  0.22597158
  0.32303402]
 [0.31545218 0.61599848 0.52868866 0.5686687  0.30384614 0.46267742
  0.87829203 1.         0.88893318 0.4944282  0.17722189 0.85569224
  0.87989937 0.         0.00328741 0.32418684 0.94866692 0.49831317
  0.38751296 0.68363568 0.6147262  0.19014078 0.6215949  0.22597158
  0.32303402]
 [0.31545218 0.61599848 0.52868866 0.5686687  0.30384614 0.46267742
  0.87829203 1.         0.88893318 0.4944282  0.17722189 0.85569224
  0.87989937 0.         0.00328741 0.32418684 0.94866692 0.49831317
  0.38751296 0.68363568 0.6147262  0.19014078 0.6215949  0.22597158
  0.32303402]
 [0.31545218 0.61599848 0.52868866 0.5686687  0.30384614 0.46267742
  0.87829203 1.         0.88893318 0.4944282  0.17722189 0.85569224
  0.87989937 0.         0.00328741 0.32418684 0.94866692 0.49831317
  0.38751296 0.68363568 0.6147262  0.19014078 0.6215949  0.22597158
  0.32303402]
 [0.31545218 0.61599848 0.52868866 0.5686687  0.30384614 0.46267742
  0.87829203 1.         0.88893318 0.4944282  0.17722189 0.85569224
  0.87989937 0.         0.00328741 0.32418684 0.94866692 0.49831317
  0.38751296 0.68363568 0.6147262  0.19014078 0.6215949  0.22597158
  0.32303402]
 [0.31545218 0.61599848 0.52868866 0.5686687  0.30384614 0.46267742
  0.87829203 1.         0.88893318 0.4944282  0.17722189 0.85569224
  0.87989937 0.         0.00328741 0.32418684 0.94866692 0.49831317
  0.38751296 0.68363568 0.6147262  0.19014078 0.6215949  0.22597158
  0.32303402]
 [0.31545218 0.61599848 0.52868866 0.5686687  0.30384614 0.46267742
  0.87829203 1.         0.88893318 0.4944282  0.17722189 0.85569224
  0.87989937 0.         0.00328741 0.32418684 0.94866692 0.49831317
  0.38751296 0.68363568 0.6147262  0.19014078 0.6215949  0.22597158
  0.32303402]
 [0.31545218 0.61599848 0.52868866 0.5686687  0.30384614 0.46267742
  0.87829203 1.         0.88893318 0.4944282  0.17722189 0.85569224
  0.87989937 0.         0.00328741 0.32418684 0.94866692 0.49831317
  0.38751296 0.68363568 0.6147262  0.19014078 0.6215949  0.22597158
  0.32303402]
 [0.31545218 0.61599848 0.52868866 0.5686687  0.30384614 0.46267742
  0.87829203 1.         0.88893318 0.4944282  0.17722189 0.85569224
  0.87989937 0.         0.00328741 0.32418684 0.94866692 0.49831317
  0.38751296 0.68363568 0.6147262  0.19014078 0.6215949  0.22597158
  0.32303402]
 [0.31545218 0.61599848 0.52868866 0.5686687  0.30384614 0.46267742
  0.87829203 1.         0.88893318 0.4944282  0.17722189 0.85569224
  0.87989937 0.         0.00328741 0.32418684 0.94866692 0.49831317
  0.38751296 0.68363568 0.6147262  0.19014078 0.6215949  0.22597158
  0.32303402]
 [0.31545218 0.61599848 0.52868866 0.5686687  0.30384614 0.46267742
  0.87829203 1.         0.88893318 0.4944282  0.17722189 0.85569224
  0.87989937 0.         0.00328741 0.32418684 0.94866692 0.49831317
  0.38751296 0.68363568 0.6147262  0.19014078 0.6215949  0.22597158
  0.32303402]
 [0.31545218 0.61599848 0.52868866 0.5686687  0.30384614 0.46267742
  0.87829203 1.         0.88893318 0.4944282  0.17722189 0.85569224
  0.87989937 0.         0.00328741 0.32418684 0.94866692 0.49831317
  0.38751296 0.68363568 0.6147262  0.19014078 0.6215949  0.22597158
  0.32303402]
 [0.31545218 0.61599848 0.52868866 0.5686687  0.30384614 0.46267742
  0.87829203 1.         0.88893318 0.4944282  0.17722189 0.85569224
  0.87989937 0.         0.00328741 0.32418684 0.94866692 0.49831317
  0.38751296 0.68363568 0.6147262  0.19014078 0.6215949  0.22597158
  0.32303402]
 [0.31545218 0.61599848 0.52868866 0.5686687  0.30384614 0.46267742
  0.87829203 1.         0.88893318 0.4944282  0.17722189 0.85569224
  0.87989937 0.         0.00328741 0.32418684 0.94866692 0.49831317
  0.38751296 0.68363568 0.6147262  0.19014078 0.6215949  0.22597158
  0.32303402]
 [0.31545218 0.61599848 0.52868866 0.5686687  0.30384614 0.46267742
  0.87829203 1.         0.88893318 0.4944282  0.17722189 0.85569224
  0.87989937 0.         0.00328741 0.32418684 0.94866692 0.49831317
  0.38751296 0.68363568 0.6147262  0.19014078 0.6215949  0.22597158
  0.32303402]
 [0.31545218 0.61599848 0.52868866 0.5686687  0.30384614 0.46267742
  0.87829203 1.         0.88893318 0.4944282  0.17722189 0.85569224
  0.87989937 0.         0.00328741 0.32418684 0.94866692 0.49831317
  0.38751296 0.68363568 0.6147262  0.19014078 0.6215949  0.22597158
  0.32303402]
 [0.31545218 0.61599848 0.52868866 0.5686687  0.30384614 0.46267742
  0.87829203 1.         0.88893318 0.4944282  0.17722189 0.85569224
  0.87989937 0.         0.00328741 0.32418684 0.94866692 0.49831317
  0.38751296 0.68363568 0.6147262  0.19014078 0.6215949  0.22597158
  0.32303402]
 [0.31545218 0.61599848 0.52868866 0.5686687  0.30384614 0.46267742
  0.87829203 1.         0.88893318 0.4944282  0.17722189 0.85569224
  0.87989937 0.         0.00328741 0.32418684 0.94866692 0.49831317
  0.38751296 0.68363568 0.6147262  0.19014078 0.6215949  0.22597158
  0.32303402]
 [0.31545218 0.61599848 0.52868866 0.5686687  0.30384614 0.46267742
  0.87829203 1.         0.88893318 0.4944282  0.17722189 0.85569224
  0.87989937 0.         0.00328741 0.32418684 0.94866692 0.49831317
  0.38751296 0.68363568 0.6147262  0.19014078 0.6215949  0.22597158
  0.32303402]
 [0.31545218 0.61599848 0.52868866 0.5686687  0.30384614 0.46267742
  0.87829203 1.         0.88893318 0.4944282  0.17722189 0.85569224
  0.87989937 0.         0.00328741 0.32418684 0.94866692 0.49831317
  0.38751296 0.68363568 0.6147262  0.19014078 0.6215949  0.22597158
  0.32303402]
 [0.31545218 0.61599848 0.52868866 0.5686687  0.30384614 0.46267742
  0.87829203 1.         0.88893318 0.4944282  0.17722189 0.85569224
  0.87989937 0.         0.00328741 0.32418684 0.94866692 0.49831317
  0.38751296 0.68363568 0.6147262  0.19014078 0.6215949  0.22597158
  0.32303402]
 [0.31545218 0.61599848 0.52868866 0.5686687  0.30384614 0.46267742
  0.87829203 1.         0.88893318 0.4944282  0.17722189 0.85569224
  0.87989937 0.         0.00328741 0.32418684 0.94866692 0.49831317
  0.38751296 0.68363568 0.6147262  0.19014078 0.6215949  0.22597158
  0.32303402]
 [0.31545218 0.61599848 0.52868866 0.5686687  0.30384614 0.46267742
  0.87829203 1.         0.88893318 0.4944282  0.17722189 0.85569224
  0.87989937 0.         0.00328741 0.32418684 0.94866692 0.49831317
  0.38751296 0.68363568 0.6147262  0.19014078 0.6215949  0.22597158
  0.32303402]
 [0.31545218 0.61599848 0.52868866 0.5686687  0.30384614 0.46267742
  0.87829203 1.         0.88893318 0.4944282  0.17722189 0.85569224
  0.87989937 0.         0.00328741 0.32418684 0.94866692 0.49831317
  0.38751296 0.68363568 0.6147262  0.19014078 0.6215949  0.22597158
  0.32303402]
 [0.31545218 0.61599848 0.52868866 0.5686687  0.30384614 0.46267742
  0.87829203 1.         0.88893318 0.4944282  0.17722189 0.85569224
  0.87989937 0.         0.00328741 0.32418684 0.94866692 0.49831317
  0.38751296 0.68363568 0.6147262  0.19014078 0.6215949  0.22597158
  0.32303402]]"
93,"[[0.35847503 0.55945426 0.58866222 1.         0.79124865 0.92329574
  0.29646105 0.66417902 0.26988674 0.87913394 0.9634323  0.
  0.92144356 0.92401014 0.84390744 0.35281886 0.4692491  0.27838645
  0.64594844 0.39438398 0.10162919 0.51320297 0.85119625 0.25019187
  0.37204341]
 [0.35847503 0.55945426 0.58866222 1.         0.79124865 0.92329574
  0.29646105 0.66417902 0.26988674 0.87913394 0.9634323  0.
  0.92144356 0.92401014 0.84390744 0.35281886 0.4692491  0.27838645
  0.64594844 0.39438398 0.10162919 0.51320297 0.85119625 0.25019187
  0.37204341]
 [0.35847503 0.55945426 0.58866222 1.         0.79124865 0.92329574
  0.29646105 0.66417902 0.26988674 0.87913394 0.9634323  0.
  0.92144356 0.92401014 0.84390744 0.35281886 0.4692491  0.27838645
  0.64594844 0.39438398 0.10162919 0.51320297 0.85119625 0.25019187
  0.37204341]
 [0.35847503 0.55945426 0.58866222 1.         0.79124865 0.92329574
  0.29646105 0.66417902 0.26988674 0.87913394 0.9634323  0.
  0.92144356 0.92401014 0.84390744 0.35281886 0.4692491  0.27838645
  0.64594844 0.39438398 0.10162919 0.51320297 0.85119625 0.25019187
  0.37204341]
 [0.35847503 0.55945426 0.58866222 1.         0.79124865 0.92329574
  0.29646105 0.66417902 0.26988674 0.87913394 0.9634323  0.
  0.92144356 0.92401014 0.84390744 0.35281886 0.4692491  0.27838645
  0.64594844 0.39438398 0.10162919 0.51320297 0.85119625 0.25019187
  0.37204341]
 [0.35847503 0.55945426 0.58866222 1.         0.79124865 0.92329574
  0.29646105 0.66417902 0.26988674 0.87913394 0.9634323  0.
  0.92144356 0.92401014 0.84390744 0.35281886 0.4692491  0.27838645
  0.64594844 0.39438398 0.10162919 0.51320297 0.85119625 0.25019187
  0.37204341]
 [0.35847503 0.55945426 0.58866222 1.         0.79124865 0.92329574
  0.29646105 0.66417902 0.26988674 0.87913394 0.9634323  0.
  0.92144356 0.92401014 0.84390744 0.35281886 0.4692491  0.27838645
  0.64594844 0.39438398 0.10162919 0.51320297 0.85119625 0.25019187
  0.37204341]
 [0.35847503 0.55945426 0.58866222 1.         0.79124865 0.92329574
  0.29646105 0.66417902 0.26988674 0.87913394 0.9634323  0.
  0.92144356 0.92401014 0.84390744 0.35281886 0.4692491  0.27838645
  0.64594844 0.39438398 0.10162919 0.51320297 0.85119625 0.25019187
  0.37204341]
 [0.35847503 0.55945426 0.58866222 1.         0.79124865 0.92329574
  0.29646105 0.66417902 0.26988674 0.87913394 0.9634323  0.
  0.92144356 0.92401014 0.84390744 0.35281886 0.4692491  0.27838645
  0.64594844 0.39438398 0.10162919 0.51320297 0.85119625 0.25019187
  0.37204341]
 [0.35847503 0.55945426 0.58866222 1.         0.79124865 0.92329574
  0.29646105 0.66417902 0.26988674 0.87913394 0.9634323  0.
  0.92144356 0.92401014 0.84390744 0.35281886 0.4692491  0.27838645
  0.64594844 0.39438398 0.10162919 0.51320297 0.85119625 0.25019187
  0.37204341]
 [0.35847503 0.55945426 0.58866222 1.         0.79124865 0.92329574
  0.29646105 0.66417902 0.26988674 0.87913394 0.9634323  0.
  0.92144356 0.92401014 0.84390744 0.35281886 0.4692491  0.27838645
  0.64594844 0.39438398 0.10162919 0.51320297 0.85119625 0.25019187
  0.37204341]
 [0.35847503 0.55945426 0.58866222 1.         0.79124865 0.92329574
  0.29646105 0.66417902 0.26988674 0.87913394 0.9634323  0.
  0.92144356 0.92401014 0.84390744 0.35281886 0.4692491  0.27838645
  0.64594844 0.39438398 0.10162919 0.51320297 0.85119625 0.25019187
  0.37204341]
 [0.35847503 0.55945426 0.58866222 1.         0.79124865 0.92329574
  0.29646105 0.66417902 0.26988674 0.87913394 0.9634323  0.
  0.92144356 0.92401014 0.84390744 0.35281886 0.4692491  0.27838645
  0.64594844 0.39438398 0.10162919 0.51320297 0.85119625 0.25019187
  0.37204341]
 [0.35847503 0.55945426 0.58866222 1.         0.79124865 0.92329574
  0.29646105 0.66417902 0.26988674 0.87913394 0.9634323  0.
  0.92144356 0.92401014 0.84390744 0.35281886 0.4692491  0.27838645
  0.64594844 0.39438398 0.10162919 0.51320297 0.85119625 0.25019187
  0.37204341]
 [0.35847503 0.55945426 0.58866222 1.         0.79124865 0.92329574
  0.29646105 0.66417902 0.26988674 0.87913394 0.9634323  0.
  0.92144356 0.92401014 0.84390744 0.35281886 0.4692491  0.27838645
  0.64594844 0.39438398 0.10162919 0.51320297 0.85119625 0.25019187
  0.37204341]
 [0.35847503 0.55945426 0.58866222 1.         0.79124865 0.92329574
  0.29646105 0.66417902 0.26988674 0.87913394 0.9634323  0.
  0.92144356 0.92401014 0.84390744 0.35281886 0.4692491  0.27838645
  0.64594844 0.39438398 0.10162919 0.51320297 0.85119625 0.25019187
  0.37204341]
 [0.35847503 0.55945426 0.58866222 1.         0.79124865 0.92329574
  0.29646105 0.66417902 0.26988674 0.87913394 0.9634323  0.
  0.92144356 0.92401014 0.84390744 0.35281886 0.4692491  0.27838645
  0.64594844 0.39438398 0.10162919 0.51320297 0.85119625 0.25019187
  0.37204341]
 [0.35847503 0.55945426 0.58866222 1.         0.79124865 0.92329574
  0.29646105 0.66417902 0.26988674 0.87913394 0.9634323  0.
  0.92144356 0.92401014 0.84390744 0.35281886 0.4692491  0.27838645
  0.64594844 0.39438398 0.10162919 0.51320297 0.85119625 0.25019187
  0.37204341]
 [0.35847503 0.55945426 0.58866222 1.         0.79124865 0.92329574
  0.29646105 0.66417902 0.26988674 0.87913394 0.9634323  0.
  0.92144356 0.92401014 0.84390744 0.35281886 0.4692491  0.27838645
  0.64594844 0.39438398 0.10162919 0.51320297 0.85119625 0.25019187
  0.37204341]
 [0.35847503 0.55945426 0.58866222 1.         0.79124865 0.92329574
  0.29646105 0.66417902 0.26988674 0.87913394 0.9634323  0.
  0.92144356 0.92401014 0.84390744 0.35281886 0.4692491  0.27838645
  0.64594844 0.39438398 0.10162919 0.51320297 0.85119625 0.25019187
  0.37204341]
 [0.35847503 0.55945426 0.58866222 1.         0.79124865 0.92329574
  0.29646105 0.66417902 0.26988674 0.87913394 0.9634323  0.
  0.92144356 0.92401014 0.84390744 0.35281886 0.4692491  0.27838645
  0.64594844 0.39438398 0.10162919 0.51320297 0.85119625 0.25019187
  0.37204341]
 [0.35847503 0.55945426 0.58866222 1.         0.79124865 0.92329574
  0.29646105 0.66417902 0.26988674 0.87913394 0.9634323  0.
  0.92144356 0.92401014 0.84390744 0.35281886 0.4692491  0.27838645
  0.64594844 0.39438398 0.10162919 0.51320297 0.85119625 0.25019187
  0.37204341]
 [0.35847503 0.55945426 0.58866222 1.         0.79124865 0.92329574
  0.29646105 0.66417902 0.26988674 0.87913394 0.9634323  0.
  0.92144356 0.92401014 0.84390744 0.35281886 0.4692491  0.27838645
  0.64594844 0.39438398 0.10162919 0.51320297 0.85119625 0.25019187
  0.37204341]
 [0.35847503 0.55945426 0.58866222 1.         0.79124865 0.92329574
  0.29646105 0.66417902 0.26988674 0.87913394 0.9634323  0.
  0.92144356 0.92401014 0.84390744 0.35281886 0.4692491  0.27838645
  0.64594844 0.39438398 0.10162919 0.51320297 0.85119625 0.25019187
  0.37204341]
 [0.35847503 0.55945426 0.58866222 1.         0.79124865 0.92329574
  0.29646105 0.66417902 0.26988674 0.87913394 0.9634323  0.
  0.92144356 0.92401014 0.84390744 0.35281886 0.4692491  0.27838645
  0.64594844 0.39438398 0.10162919 0.51320297 0.85119625 0.25019187
  0.37204341]]"
94,"[[0.8464375  0.23742003 0.88893472 0.04265326 0.85436782 0.6476209
  0.77610109 0.7629751  0.14988051 0.81511921 0.92092776 0.
  0.43078473 0.98175177 1.         0.45567229 0.46999871 0.55230432
  0.28616323 0.010355   0.19456287 0.68263772 0.22509757 0.88867689
  0.84639676]
 [0.8464375  0.23742003 0.88893472 0.04265326 0.85436782 0.6476209
  0.77610109 0.7629751  0.14988051 0.81511921 0.92092776 0.
  0.43078473 0.98175177 1.         0.45567229 0.46999871 0.55230432
  0.28616323 0.010355   0.19456287 0.68263772 0.22509757 0.88867689
  0.84639676]
 [0.8464375  0.23742003 0.88893472 0.04265326 0.85436782 0.6476209
  0.77610109 0.7629751  0.14988051 0.81511921 0.92092776 0.
  0.43078473 0.98175177 1.         0.45567229 0.46999871 0.55230432
  0.28616323 0.010355   0.19456287 0.68263772 0.22509757 0.88867689
  0.84639676]
 [0.8464375  0.23742003 0.88893472 0.04265326 0.85436782 0.6476209
  0.77610109 0.7629751  0.14988051 0.81511921 0.92092776 0.
  0.43078473 0.98175177 1.         0.45567229 0.46999871 0.55230432
  0.28616323 0.010355   0.19456287 0.68263772 0.22509757 0.88867689
  0.84639676]
 [0.8464375  0.23742003 0.88893472 0.04265326 0.85436782 0.6476209
  0.77610109 0.7629751  0.14988051 0.81511921 0.92092776 0.
  0.43078473 0.98175177 1.         0.45567229 0.46999871 0.55230432
  0.28616323 0.010355   0.19456287 0.68263772 0.22509757 0.88867689
  0.84639676]
 [0.8464375  0.23742003 0.88893472 0.04265326 0.85436782 0.6476209
  0.77610109 0.7629751  0.14988051 0.81511921 0.92092776 0.
  0.43078473 0.98175177 1.         0.45567229 0.46999871 0.55230432
  0.28616323 0.010355   0.19456287 0.68263772 0.22509757 0.88867689
  0.84639676]
 [0.8464375  0.23742003 0.88893472 0.04265326 0.85436782 0.6476209
  0.77610109 0.7629751  0.14988051 0.81511921 0.92092776 0.
  0.43078473 0.98175177 1.         0.45567229 0.46999871 0.55230432
  0.28616323 0.010355   0.19456287 0.68263772 0.22509757 0.88867689
  0.84639676]
 [0.8464375  0.23742003 0.88893472 0.04265326 0.85436782 0.6476209
  0.77610109 0.7629751  0.14988051 0.81511921 0.92092776 0.
  0.43078473 0.98175177 1.         0.45567229 0.46999871 0.55230432
  0.28616323 0.010355   0.19456287 0.68263772 0.22509757 0.88867689
  0.84639676]
 [0.8464375  0.23742003 0.88893472 0.04265326 0.85436782 0.6476209
  0.77610109 0.7629751  0.14988051 0.81511921 0.92092776 0.
  0.43078473 0.98175177 1.         0.45567229 0.46999871 0.55230432
  0.28616323 0.010355   0.19456287 0.68263772 0.22509757 0.88867689
  0.84639676]
 [0.8464375  0.23742003 0.88893472 0.04265326 0.85436782 0.6476209
  0.77610109 0.7629751  0.14988051 0.81511921 0.92092776 0.
  0.43078473 0.98175177 1.         0.45567229 0.46999871 0.55230432
  0.28616323 0.010355   0.19456287 0.68263772 0.22509757 0.88867689
  0.84639676]
 [0.8464375  0.23742003 0.88893472 0.04265326 0.85436782 0.6476209
  0.77610109 0.7629751  0.14988051 0.81511921 0.92092776 0.
  0.43078473 0.98175177 1.         0.45567229 0.46999871 0.55230432
  0.28616323 0.010355   0.19456287 0.68263772 0.22509757 0.88867689
  0.84639676]
 [0.8464375  0.23742003 0.88893472 0.04265326 0.85436782 0.6476209
  0.77610109 0.7629751  0.14988051 0.81511921 0.92092776 0.
  0.43078473 0.98175177 1.         0.45567229 0.46999871 0.55230432
  0.28616323 0.010355   0.19456287 0.68263772 0.22509757 0.88867689
  0.84639676]
 [0.8464375  0.23742003 0.88893472 0.04265326 0.85436782 0.6476209
  0.77610109 0.7629751  0.14988051 0.81511921 0.92092776 0.
  0.43078473 0.98175177 1.         0.45567229 0.46999871 0.55230432
  0.28616323 0.010355   0.19456287 0.68263772 0.22509757 0.88867689
  0.84639676]
 [0.8464375  0.23742003 0.88893472 0.04265326 0.85436782 0.6476209
  0.77610109 0.7629751  0.14988051 0.81511921 0.92092776 0.
  0.43078473 0.98175177 1.         0.45567229 0.46999871 0.55230432
  0.28616323 0.010355   0.19456287 0.68263772 0.22509757 0.88867689
  0.84639676]
 [0.8464375  0.23742003 0.88893472 0.04265326 0.85436782 0.6476209
  0.77610109 0.7629751  0.14988051 0.81511921 0.92092776 0.
  0.43078473 0.98175177 1.         0.45567229 0.46999871 0.55230432
  0.28616323 0.010355   0.19456287 0.68263772 0.22509757 0.88867689
  0.84639676]
 [0.8464375  0.23742003 0.88893472 0.04265326 0.85436782 0.6476209
  0.77610109 0.7629751  0.14988051 0.81511921 0.92092776 0.
  0.43078473 0.98175177 1.         0.45567229 0.46999871 0.55230432
  0.28616323 0.010355   0.19456287 0.68263772 0.22509757 0.88867689
  0.84639676]
 [0.8464375  0.23742003 0.88893472 0.04265326 0.85436782 0.6476209
  0.77610109 0.7629751  0.14988051 0.81511921 0.92092776 0.
  0.43078473 0.98175177 1.         0.45567229 0.46999871 0.55230432
  0.28616323 0.010355   0.19456287 0.68263772 0.22509757 0.88867689
  0.84639676]
 [0.8464375  0.23742003 0.88893472 0.04265326 0.85436782 0.6476209
  0.77610109 0.7629751  0.14988051 0.81511921 0.92092776 0.
  0.43078473 0.98175177 1.         0.45567229 0.46999871 0.55230432
  0.28616323 0.010355   0.19456287 0.68263772 0.22509757 0.88867689
  0.84639676]
 [0.8464375  0.23742003 0.88893472 0.04265326 0.85436782 0.6476209
  0.77610109 0.7629751  0.14988051 0.81511921 0.92092776 0.
  0.43078473 0.98175177 1.         0.45567229 0.46999871 0.55230432
  0.28616323 0.010355   0.19456287 0.68263772 0.22509757 0.88867689
  0.84639676]
 [0.8464375  0.23742003 0.88893472 0.04265326 0.85436782 0.6476209
  0.77610109 0.7629751  0.14988051 0.81511921 0.92092776 0.
  0.43078473 0.98175177 1.         0.45567229 0.46999871 0.55230432
  0.28616323 0.010355   0.19456287 0.68263772 0.22509757 0.88867689
  0.84639676]
 [0.8464375  0.23742003 0.88893472 0.04265326 0.85436782 0.6476209
  0.77610109 0.7629751  0.14988051 0.81511921 0.92092776 0.
  0.43078473 0.98175177 1.         0.45567229 0.46999871 0.55230432
  0.28616323 0.010355   0.19456287 0.68263772 0.22509757 0.88867689
  0.84639676]
 [0.8464375  0.23742003 0.88893472 0.04265326 0.85436782 0.6476209
  0.77610109 0.7629751  0.14988051 0.81511921 0.92092776 0.
  0.43078473 0.98175177 1.         0.45567229 0.46999871 0.55230432
  0.28616323 0.010355   0.19456287 0.68263772 0.22509757 0.88867689
  0.84639676]
 [0.8464375  0.23742003 0.88893472 0.04265326 0.85436782 0.6476209
  0.77610109 0.7629751  0.14988051 0.81511921 0.92092776 0.
  0.43078473 0.98175177 1.         0.45567229 0.46999871 0.55230432
  0.28616323 0.010355   0.19456287 0.68263772 0.22509757 0.88867689
  0.84639676]
 [0.8464375  0.23742003 0.88893472 0.04265326 0.85436782 0.6476209
  0.77610109 0.7629751  0.14988051 0.81511921 0.92092776 0.
  0.43078473 0.98175177 1.         0.45567229 0.46999871 0.55230432
  0.28616323 0.010355   0.19456287 0.68263772 0.22509757 0.88867689
  0.84639676]
 [0.8464375  0.23742003 0.88893472 0.04265326 0.85436782 0.6476209
  0.77610109 0.7629751  0.14988051 0.81511921 0.92092776 0.
  0.43078473 0.98175177 1.         0.45567229 0.46999871 0.55230432
  0.28616323 0.010355   0.19456287 0.68263772 0.22509757 0.88867689
  0.84639676]]"
95,"[[0.98033235 0.80991628 0.23164778 0.68940964 0.62555695 0.22294673
  0.97950922 0.29860103 0.20615413 0.85083797 0.74840443 0.98601604
  0.53117328 1.         0.88591085 0.7653805  0.29190671 0.35032107
  0.02573785 0.2762198  0.5336219  0.05699856 0.         0.65532341
  0.48633791]
 [0.98033235 0.80991628 0.23164778 0.68940964 0.62555695 0.22294673
  0.97950922 0.29860103 0.20615413 0.85083797 0.74840443 0.98601604
  0.53117328 1.         0.88591085 0.7653805  0.29190671 0.35032107
  0.02573785 0.2762198  0.5336219  0.05699856 0.         0.65532341
  0.48633791]
 [0.98033235 0.80991628 0.23164778 0.68940964 0.62555695 0.22294673
  0.97950922 0.29860103 0.20615413 0.85083797 0.74840443 0.98601604
  0.53117328 1.         0.88591085 0.7653805  0.29190671 0.35032107
  0.02573785 0.2762198  0.5336219  0.05699856 0.         0.65532341
  0.48633791]
 [0.98033235 0.80991628 0.23164778 0.68940964 0.62555695 0.22294673
  0.97950922 0.29860103 0.20615413 0.85083797 0.74840443 0.98601604
  0.53117328 1.         0.88591085 0.7653805  0.29190671 0.35032107
  0.02573785 0.2762198  0.5336219  0.05699856 0.         0.65532341
  0.48633791]
 [0.98033235 0.80991628 0.23164778 0.68940964 0.62555695 0.22294673
  0.97950922 0.29860103 0.20615413 0.85083797 0.74840443 0.98601604
  0.53117328 1.         0.88591085 0.7653805  0.29190671 0.35032107
  0.02573785 0.2762198  0.5336219  0.05699856 0.         0.65532341
  0.48633791]
 [0.98033235 0.80991628 0.23164778 0.68940964 0.62555695 0.22294673
  0.97950922 0.29860103 0.20615413 0.85083797 0.74840443 0.98601604
  0.53117328 1.         0.88591085 0.7653805  0.29190671 0.35032107
  0.02573785 0.2762198  0.5336219  0.05699856 0.         0.65532341
  0.48633791]
 [0.98033235 0.80991628 0.23164778 0.68940964 0.62555695 0.22294673
  0.97950922 0.29860103 0.20615413 0.85083797 0.74840443 0.98601604
  0.53117328 1.         0.88591085 0.7653805  0.29190671 0.35032107
  0.02573785 0.2762198  0.5336219  0.05699856 0.         0.65532341
  0.48633791]
 [0.98033235 0.80991628 0.23164778 0.68940964 0.62555695 0.22294673
  0.97950922 0.29860103 0.20615413 0.85083797 0.74840443 0.98601604
  0.53117328 1.         0.88591085 0.7653805  0.29190671 0.35032107
  0.02573785 0.2762198  0.5336219  0.05699856 0.         0.65532341
  0.48633791]
 [0.98033235 0.80991628 0.23164778 0.68940964 0.62555695 0.22294673
  0.97950922 0.29860103 0.20615413 0.85083797 0.74840443 0.98601604
  0.53117328 1.         0.88591085 0.7653805  0.29190671 0.35032107
  0.02573785 0.2762198  0.5336219  0.05699856 0.         0.65532341
  0.48633791]
 [0.98033235 0.80991628 0.23164778 0.68940964 0.62555695 0.22294673
  0.97950922 0.29860103 0.20615413 0.85083797 0.74840443 0.98601604
  0.53117328 1.         0.88591085 0.7653805  0.29190671 0.35032107
  0.02573785 0.2762198  0.5336219  0.05699856 0.         0.65532341
  0.48633791]
 [0.98033235 0.80991628 0.23164778 0.68940964 0.62555695 0.22294673
  0.97950922 0.29860103 0.20615413 0.85083797 0.74840443 0.98601604
  0.53117328 1.         0.88591085 0.7653805  0.29190671 0.35032107
  0.02573785 0.2762198  0.5336219  0.05699856 0.         0.65532341
  0.48633791]
 [0.98033235 0.80991628 0.23164778 0.68940964 0.62555695 0.22294673
  0.97950922 0.29860103 0.20615413 0.85083797 0.74840443 0.98601604
  0.53117328 1.         0.88591085 0.7653805  0.29190671 0.35032107
  0.02573785 0.2762198  0.5336219  0.05699856 0.         0.65532341
  0.48633791]
 [0.98033235 0.80991628 0.23164778 0.68940964 0.62555695 0.22294673
  0.97950922 0.29860103 0.20615413 0.85083797 0.74840443 0.98601604
  0.53117328 1.         0.88591085 0.7653805  0.29190671 0.35032107
  0.02573785 0.2762198  0.5336219  0.05699856 0.         0.65532341
  0.48633791]
 [0.98033235 0.80991628 0.23164778 0.68940964 0.62555695 0.22294673
  0.97950922 0.29860103 0.20615413 0.85083797 0.74840443 0.98601604
  0.53117328 1.         0.88591085 0.7653805  0.29190671 0.35032107
  0.02573785 0.2762198  0.5336219  0.05699856 0.         0.65532341
  0.48633791]
 [0.98033235 0.80991628 0.23164778 0.68940964 0.62555695 0.22294673
  0.97950922 0.29860103 0.20615413 0.85083797 0.74840443 0.98601604
  0.53117328 1.         0.88591085 0.7653805  0.29190671 0.35032107
  0.02573785 0.2762198  0.5336219  0.05699856 0.         0.65532341
  0.48633791]
 [0.98033235 0.80991628 0.23164778 0.68940964 0.62555695 0.22294673
  0.97950922 0.29860103 0.20615413 0.85083797 0.74840443 0.98601604
  0.53117328 1.         0.88591085 0.7653805  0.29190671 0.35032107
  0.02573785 0.2762198  0.5336219  0.05699856 0.         0.65532341
  0.48633791]
 [0.98033235 0.80991628 0.23164778 0.68940964 0.62555695 0.22294673
  0.97950922 0.29860103 0.20615413 0.85083797 0.74840443 0.98601604
  0.53117328 1.         0.88591085 0.7653805  0.29190671 0.35032107
  0.02573785 0.2762198  0.5336219  0.05699856 0.         0.65532341
  0.48633791]
 [0.98033235 0.80991628 0.23164778 0.68940964 0.62555695 0.22294673
  0.97950922 0.29860103 0.20615413 0.85083797 0.74840443 0.98601604
  0.53117328 1.         0.88591085 0.7653805  0.29190671 0.35032107
  0.02573785 0.2762198  0.5336219  0.05699856 0.         0.65532341
  0.48633791]
 [0.98033235 0.80991628 0.23164778 0.68940964 0.62555695 0.22294673
  0.97950922 0.29860103 0.20615413 0.85083797 0.74840443 0.98601604
  0.53117328 1.         0.88591085 0.7653805  0.29190671 0.35032107
  0.02573785 0.2762198  0.5336219  0.05699856 0.         0.65532341
  0.48633791]
 [0.98033235 0.80991628 0.23164778 0.68940964 0.62555695 0.22294673
  0.97950922 0.29860103 0.20615413 0.85083797 0.74840443 0.98601604
  0.53117328 1.         0.88591085 0.7653805  0.29190671 0.35032107
  0.02573785 0.2762198  0.5336219  0.05699856 0.         0.65532341
  0.48633791]
 [0.98033235 0.80991628 0.23164778 0.68940964 0.62555695 0.22294673
  0.97950922 0.29860103 0.20615413 0.85083797 0.74840443 0.98601604
  0.53117328 1.         0.88591085 0.7653805  0.29190671 0.35032107
  0.02573785 0.2762198  0.5336219  0.05699856 0.         0.65532341
  0.48633791]
 [0.98033235 0.80991628 0.23164778 0.68940964 0.62555695 0.22294673
  0.97950922 0.29860103 0.20615413 0.85083797 0.74840443 0.98601604
  0.53117328 1.         0.88591085 0.7653805  0.29190671 0.35032107
  0.02573785 0.2762198  0.5336219  0.05699856 0.         0.65532341
  0.48633791]
 [0.98033235 0.80991628 0.23164778 0.68940964 0.62555695 0.22294673
  0.97950922 0.29860103 0.20615413 0.85083797 0.74840443 0.98601604
  0.53117328 1.         0.88591085 0.7653805  0.29190671 0.35032107
  0.02573785 0.2762198  0.5336219  0.05699856 0.         0.65532341
  0.48633791]
 [0.98033235 0.80991628 0.23164778 0.68940964 0.62555695 0.22294673
  0.97950922 0.29860103 0.20615413 0.85083797 0.74840443 0.98601604
  0.53117328 1.         0.88591085 0.7653805  0.29190671 0.35032107
  0.02573785 0.2762198  0.5336219  0.05699856 0.         0.65532341
  0.48633791]
 [0.98033235 0.80991628 0.23164778 0.68940964 0.62555695 0.22294673
  0.97950922 0.29860103 0.20615413 0.85083797 0.74840443 0.98601604
  0.53117328 1.         0.88591085 0.7653805  0.29190671 0.35032107
  0.02573785 0.2762198  0.5336219  0.05699856 0.         0.65532341
  0.48633791]]"
96,"[[0.87753958 0.8045241  0.27270656 0.60101268 0.10621343 0.28382238
  0.         1.         0.10968927 0.92080863 0.53458582 0.92483066
  0.81654582 0.99759442 0.36752069 0.65995321 0.17258448 0.42486166
  0.98173277 0.63730547 0.04628529 0.55682855 0.01230104 0.42166236
  0.95268216]
 [0.87753958 0.8045241  0.27270656 0.60101268 0.10621343 0.28382238
  0.         1.         0.10968927 0.92080863 0.53458582 0.92483066
  0.81654582 0.99759442 0.36752069 0.65995321 0.17258448 0.42486166
  0.98173277 0.63730547 0.04628529 0.55682855 0.01230104 0.42166236
  0.95268216]
 [0.87753958 0.8045241  0.27270656 0.60101268 0.10621343 0.28382238
  0.         1.         0.10968927 0.92080863 0.53458582 0.92483066
  0.81654582 0.99759442 0.36752069 0.65995321 0.17258448 0.42486166
  0.98173277 0.63730547 0.04628529 0.55682855 0.01230104 0.42166236
  0.95268216]
 [0.87753958 0.8045241  0.27270656 0.60101268 0.10621343 0.28382238
  0.         1.         0.10968927 0.92080863 0.53458582 0.92483066
  0.81654582 0.99759442 0.36752069 0.65995321 0.17258448 0.42486166
  0.98173277 0.63730547 0.04628529 0.55682855 0.01230104 0.42166236
  0.95268216]
 [0.87753958 0.8045241  0.27270656 0.60101268 0.10621343 0.28382238
  0.         1.         0.10968927 0.92080863 0.53458582 0.92483066
  0.81654582 0.99759442 0.36752069 0.65995321 0.17258448 0.42486166
  0.98173277 0.63730547 0.04628529 0.55682855 0.01230104 0.42166236
  0.95268216]
 [0.87753958 0.8045241  0.27270656 0.60101268 0.10621343 0.28382238
  0.         1.         0.10968927 0.92080863 0.53458582 0.92483066
  0.81654582 0.99759442 0.36752069 0.65995321 0.17258448 0.42486166
  0.98173277 0.63730547 0.04628529 0.55682855 0.01230104 0.42166236
  0.95268216]
 [0.87753958 0.8045241  0.27270656 0.60101268 0.10621343 0.28382238
  0.         1.         0.10968927 0.92080863 0.53458582 0.92483066
  0.81654582 0.99759442 0.36752069 0.65995321 0.17258448 0.42486166
  0.98173277 0.63730547 0.04628529 0.55682855 0.01230104 0.42166236
  0.95268216]
 [0.87753958 0.8045241  0.27270656 0.60101268 0.10621343 0.28382238
  0.         1.         0.10968927 0.92080863 0.53458582 0.92483066
  0.81654582 0.99759442 0.36752069 0.65995321 0.17258448 0.42486166
  0.98173277 0.63730547 0.04628529 0.55682855 0.01230104 0.42166236
  0.95268216]
 [0.87753958 0.8045241  0.27270656 0.60101268 0.10621343 0.28382238
  0.         1.         0.10968927 0.92080863 0.53458582 0.92483066
  0.81654582 0.99759442 0.36752069 0.65995321 0.17258448 0.42486166
  0.98173277 0.63730547 0.04628529 0.55682855 0.01230104 0.42166236
  0.95268216]
 [0.87753958 0.8045241  0.27270656 0.60101268 0.10621343 0.28382238
  0.         1.         0.10968927 0.92080863 0.53458582 0.92483066
  0.81654582 0.99759442 0.36752069 0.65995321 0.17258448 0.42486166
  0.98173277 0.63730547 0.04628529 0.55682855 0.01230104 0.42166236
  0.95268216]
 [0.87753958 0.8045241  0.27270656 0.60101268 0.10621343 0.28382238
  0.         1.         0.10968927 0.92080863 0.53458582 0.92483066
  0.81654582 0.99759442 0.36752069 0.65995321 0.17258448 0.42486166
  0.98173277 0.63730547 0.04628529 0.55682855 0.01230104 0.42166236
  0.95268216]
 [0.87753958 0.8045241  0.27270656 0.60101268 0.10621343 0.28382238
  0.         1.         0.10968927 0.92080863 0.53458582 0.92483066
  0.81654582 0.99759442 0.36752069 0.65995321 0.17258448 0.42486166
  0.98173277 0.63730547 0.04628529 0.55682855 0.01230104 0.42166236
  0.95268216]
 [0.87753958 0.8045241  0.27270656 0.60101268 0.10621343 0.28382238
  0.         1.         0.10968927 0.92080863 0.53458582 0.92483066
  0.81654582 0.99759442 0.36752069 0.65995321 0.17258448 0.42486166
  0.98173277 0.63730547 0.04628529 0.55682855 0.01230104 0.42166236
  0.95268216]
 [0.87753958 0.8045241  0.27270656 0.60101268 0.10621343 0.28382238
  0.         1.         0.10968927 0.92080863 0.53458582 0.92483066
  0.81654582 0.99759442 0.36752069 0.65995321 0.17258448 0.42486166
  0.98173277 0.63730547 0.04628529 0.55682855 0.01230104 0.42166236
  0.95268216]
 [0.87753958 0.8045241  0.27270656 0.60101268 0.10621343 0.28382238
  0.         1.         0.10968927 0.92080863 0.53458582 0.92483066
  0.81654582 0.99759442 0.36752069 0.65995321 0.17258448 0.42486166
  0.98173277 0.63730547 0.04628529 0.55682855 0.01230104 0.42166236
  0.95268216]
 [0.87753958 0.8045241  0.27270656 0.60101268 0.10621343 0.28382238
  0.         1.         0.10968927 0.92080863 0.53458582 0.92483066
  0.81654582 0.99759442 0.36752069 0.65995321 0.17258448 0.42486166
  0.98173277 0.63730547 0.04628529 0.55682855 0.01230104 0.42166236
  0.95268216]
 [0.87753958 0.8045241  0.27270656 0.60101268 0.10621343 0.28382238
  0.         1.         0.10968927 0.92080863 0.53458582 0.92483066
  0.81654582 0.99759442 0.36752069 0.65995321 0.17258448 0.42486166
  0.98173277 0.63730547 0.04628529 0.55682855 0.01230104 0.42166236
  0.95268216]
 [0.87753958 0.8045241  0.27270656 0.60101268 0.10621343 0.28382238
  0.         1.         0.10968927 0.92080863 0.53458582 0.92483066
  0.81654582 0.99759442 0.36752069 0.65995321 0.17258448 0.42486166
  0.98173277 0.63730547 0.04628529 0.55682855 0.01230104 0.42166236
  0.95268216]
 [0.87753958 0.8045241  0.27270656 0.60101268 0.10621343 0.28382238
  0.         1.         0.10968927 0.92080863 0.53458582 0.92483066
  0.81654582 0.99759442 0.36752069 0.65995321 0.17258448 0.42486166
  0.98173277 0.63730547 0.04628529 0.55682855 0.01230104 0.42166236
  0.95268216]
 [0.87753958 0.8045241  0.27270656 0.60101268 0.10621343 0.28382238
  0.         1.         0.10968927 0.92080863 0.53458582 0.92483066
  0.81654582 0.99759442 0.36752069 0.65995321 0.17258448 0.42486166
  0.98173277 0.63730547 0.04628529 0.55682855 0.01230104 0.42166236
  0.95268216]
 [0.87753958 0.8045241  0.27270656 0.60101268 0.10621343 0.28382238
  0.         1.         0.10968927 0.92080863 0.53458582 0.92483066
  0.81654582 0.99759442 0.36752069 0.65995321 0.17258448 0.42486166
  0.98173277 0.63730547 0.04628529 0.55682855 0.01230104 0.42166236
  0.95268216]
 [0.87753958 0.8045241  0.27270656 0.60101268 0.10621343 0.28382238
  0.         1.         0.10968927 0.92080863 0.53458582 0.92483066
  0.81654582 0.99759442 0.36752069 0.65995321 0.17258448 0.42486166
  0.98173277 0.63730547 0.04628529 0.55682855 0.01230104 0.42166236
  0.95268216]
 [0.87753958 0.8045241  0.27270656 0.60101268 0.10621343 0.28382238
  0.         1.         0.10968927 0.92080863 0.53458582 0.92483066
  0.81654582 0.99759442 0.36752069 0.65995321 0.17258448 0.42486166
  0.98173277 0.63730547 0.04628529 0.55682855 0.01230104 0.42166236
  0.95268216]
 [0.87753958 0.8045241  0.27270656 0.60101268 0.10621343 0.28382238
  0.         1.         0.10968927 0.92080863 0.53458582 0.92483066
  0.81654582 0.99759442 0.36752069 0.65995321 0.17258448 0.42486166
  0.98173277 0.63730547 0.04628529 0.55682855 0.01230104 0.42166236
  0.95268216]
 [0.87753958 0.8045241  0.27270656 0.60101268 0.10621343 0.28382238
  0.         1.         0.10968927 0.92080863 0.53458582 0.92483066
  0.81654582 0.99759442 0.36752069 0.65995321 0.17258448 0.42486166
  0.98173277 0.63730547 0.04628529 0.55682855 0.01230104 0.42166236
  0.95268216]]"
97,"[[0.20524977 0.         0.11141175 0.46117065 0.976799   0.68452424
  1.         0.97412826 0.34535945 0.5287473  0.76964163 0.48792573
  0.31460641 0.87553477 0.8723772  0.57530408 0.12434225 0.96580349
  0.08860282 0.66846705 0.60172823 0.93998964 0.90636019 0.42319462
  0.70750366]
 [0.20524977 0.         0.11141175 0.46117065 0.976799   0.68452424
  1.         0.97412826 0.34535945 0.5287473  0.76964163 0.48792573
  0.31460641 0.87553477 0.8723772  0.57530408 0.12434225 0.96580349
  0.08860282 0.66846705 0.60172823 0.93998964 0.90636019 0.42319462
  0.70750366]
 [0.20524977 0.         0.11141175 0.46117065 0.976799   0.68452424
  1.         0.97412826 0.34535945 0.5287473  0.76964163 0.48792573
  0.31460641 0.87553477 0.8723772  0.57530408 0.12434225 0.96580349
  0.08860282 0.66846705 0.60172823 0.93998964 0.90636019 0.42319462
  0.70750366]
 [0.20524977 0.         0.11141175 0.46117065 0.976799   0.68452424
  1.         0.97412826 0.34535945 0.5287473  0.76964163 0.48792573
  0.31460641 0.87553477 0.8723772  0.57530408 0.12434225 0.96580349
  0.08860282 0.66846705 0.60172823 0.93998964 0.90636019 0.42319462
  0.70750366]
 [0.20524977 0.         0.11141175 0.46117065 0.976799   0.68452424
  1.         0.97412826 0.34535945 0.5287473  0.76964163 0.48792573
  0.31460641 0.87553477 0.8723772  0.57530408 0.12434225 0.96580349
  0.08860282 0.66846705 0.60172823 0.93998964 0.90636019 0.42319462
  0.70750366]
 [0.20524977 0.         0.11141175 0.46117065 0.976799   0.68452424
  1.         0.97412826 0.34535945 0.5287473  0.76964163 0.48792573
  0.31460641 0.87553477 0.8723772  0.57530408 0.12434225 0.96580349
  0.08860282 0.66846705 0.60172823 0.93998964 0.90636019 0.42319462
  0.70750366]
 [0.20524977 0.         0.11141175 0.46117065 0.976799   0.68452424
  1.         0.97412826 0.34535945 0.5287473  0.76964163 0.48792573
  0.31460641 0.87553477 0.8723772  0.57530408 0.12434225 0.96580349
  0.08860282 0.66846705 0.60172823 0.93998964 0.90636019 0.42319462
  0.70750366]
 [0.20524977 0.         0.11141175 0.46117065 0.976799   0.68452424
  1.         0.97412826 0.34535945 0.5287473  0.76964163 0.48792573
  0.31460641 0.87553477 0.8723772  0.57530408 0.12434225 0.96580349
  0.08860282 0.66846705 0.60172823 0.93998964 0.90636019 0.42319462
  0.70750366]
 [0.20524977 0.         0.11141175 0.46117065 0.976799   0.68452424
  1.         0.97412826 0.34535945 0.5287473  0.76964163 0.48792573
  0.31460641 0.87553477 0.8723772  0.57530408 0.12434225 0.96580349
  0.08860282 0.66846705 0.60172823 0.93998964 0.90636019 0.42319462
  0.70750366]
 [0.20524977 0.         0.11141175 0.46117065 0.976799   0.68452424
  1.         0.97412826 0.34535945 0.5287473  0.76964163 0.48792573
  0.31460641 0.87553477 0.8723772  0.57530408 0.12434225 0.96580349
  0.08860282 0.66846705 0.60172823 0.93998964 0.90636019 0.42319462
  0.70750366]
 [0.20524977 0.         0.11141175 0.46117065 0.976799   0.68452424
  1.         0.97412826 0.34535945 0.5287473  0.76964163 0.48792573
  0.31460641 0.87553477 0.8723772  0.57530408 0.12434225 0.96580349
  0.08860282 0.66846705 0.60172823 0.93998964 0.90636019 0.42319462
  0.70750366]
 [0.20524977 0.         0.11141175 0.46117065 0.976799   0.68452424
  1.         0.97412826 0.34535945 0.5287473  0.76964163 0.48792573
  0.31460641 0.87553477 0.8723772  0.57530408 0.12434225 0.96580349
  0.08860282 0.66846705 0.60172823 0.93998964 0.90636019 0.42319462
  0.70750366]
 [0.20524977 0.         0.11141175 0.46117065 0.976799   0.68452424
  1.         0.97412826 0.34535945 0.5287473  0.76964163 0.48792573
  0.31460641 0.87553477 0.8723772  0.57530408 0.12434225 0.96580349
  0.08860282 0.66846705 0.60172823 0.93998964 0.90636019 0.42319462
  0.70750366]
 [0.20524977 0.         0.11141175 0.46117065 0.976799   0.68452424
  1.         0.97412826 0.34535945 0.5287473  0.76964163 0.48792573
  0.31460641 0.87553477 0.8723772  0.57530408 0.12434225 0.96580349
  0.08860282 0.66846705 0.60172823 0.93998964 0.90636019 0.42319462
  0.70750366]
 [0.20524977 0.         0.11141175 0.46117065 0.976799   0.68452424
  1.         0.97412826 0.34535945 0.5287473  0.76964163 0.48792573
  0.31460641 0.87553477 0.8723772  0.57530408 0.12434225 0.96580349
  0.08860282 0.66846705 0.60172823 0.93998964 0.90636019 0.42319462
  0.70750366]
 [0.20524977 0.         0.11141175 0.46117065 0.976799   0.68452424
  1.         0.97412826 0.34535945 0.5287473  0.76964163 0.48792573
  0.31460641 0.87553477 0.8723772  0.57530408 0.12434225 0.96580349
  0.08860282 0.66846705 0.60172823 0.93998964 0.90636019 0.42319462
  0.70750366]
 [0.20524977 0.         0.11141175 0.46117065 0.976799   0.68452424
  1.         0.97412826 0.34535945 0.5287473  0.76964163 0.48792573
  0.31460641 0.87553477 0.8723772  0.57530408 0.12434225 0.96580349
  0.08860282 0.66846705 0.60172823 0.93998964 0.90636019 0.42319462
  0.70750366]
 [0.20524977 0.         0.11141175 0.46117065 0.976799   0.68452424
  1.         0.97412826 0.34535945 0.5287473  0.76964163 0.48792573
  0.31460641 0.87553477 0.8723772  0.57530408 0.12434225 0.96580349
  0.08860282 0.66846705 0.60172823 0.93998964 0.90636019 0.42319462
  0.70750366]
 [0.20524977 0.         0.11141175 0.46117065 0.976799   0.68452424
  1.         0.97412826 0.34535945 0.5287473  0.76964163 0.48792573
  0.31460641 0.87553477 0.8723772  0.57530408 0.12434225 0.96580349
  0.08860282 0.66846705 0.60172823 0.93998964 0.90636019 0.42319462
  0.70750366]
 [0.20524977 0.         0.11141175 0.46117065 0.976799   0.68452424
  1.         0.97412826 0.34535945 0.5287473  0.76964163 0.48792573
  0.31460641 0.87553477 0.8723772  0.57530408 0.12434225 0.96580349
  0.08860282 0.66846705 0.60172823 0.93998964 0.90636019 0.42319462
  0.70750366]
 [0.20524977 0.         0.11141175 0.46117065 0.976799   0.68452424
  1.         0.97412826 0.34535945 0.5287473  0.76964163 0.48792573
  0.31460641 0.87553477 0.8723772  0.57530408 0.12434225 0.96580349
  0.08860282 0.66846705 0.60172823 0.93998964 0.90636019 0.42319462
  0.70750366]
 [0.20524977 0.         0.11141175 0.46117065 0.976799   0.68452424
  1.         0.97412826 0.34535945 0.5287473  0.76964163 0.48792573
  0.31460641 0.87553477 0.8723772  0.57530408 0.12434225 0.96580349
  0.08860282 0.66846705 0.60172823 0.93998964 0.90636019 0.42319462
  0.70750366]
 [0.20524977 0.         0.11141175 0.46117065 0.976799   0.68452424
  1.         0.97412826 0.34535945 0.5287473  0.76964163 0.48792573
  0.31460641 0.87553477 0.8723772  0.57530408 0.12434225 0.96580349
  0.08860282 0.66846705 0.60172823 0.93998964 0.90636019 0.42319462
  0.70750366]
 [0.20524977 0.         0.11141175 0.46117065 0.976799   0.68452424
  1.         0.97412826 0.34535945 0.5287473  0.76964163 0.48792573
  0.31460641 0.87553477 0.8723772  0.57530408 0.12434225 0.96580349
  0.08860282 0.66846705 0.60172823 0.93998964 0.90636019 0.42319462
  0.70750366]
 [0.20524977 0.         0.11141175 0.46117065 0.976799   0.68452424
  1.         0.97412826 0.34535945 0.5287473  0.76964163 0.48792573
  0.31460641 0.87553477 0.8723772  0.57530408 0.12434225 0.96580349
  0.08860282 0.66846705 0.60172823 0.93998964 0.90636019 0.42319462
  0.70750366]]"
98,"[[0.73618521 0.14695615 0.32161556 0.52878065 0.84238995 0.11470842
  0.17975238 0.51270861 0.57482605 0.         0.4108377  0.46707852
  1.         0.7579284  0.93882559 0.54455188 0.04913559 0.63580794
  0.32272479 0.62248055 0.15899885 0.86328646 0.21325946 0.74210532
  0.24349241]
 [0.73618521 0.14695615 0.32161556 0.52878065 0.84238995 0.11470842
  0.17975238 0.51270861 0.57482605 0.         0.4108377  0.46707852
  1.         0.7579284  0.93882559 0.54455188 0.04913559 0.63580794
  0.32272479 0.62248055 0.15899885 0.86328646 0.21325946 0.74210532
  0.24349241]
 [0.73618521 0.14695615 0.32161556 0.52878065 0.84238995 0.11470842
  0.17975238 0.51270861 0.57482605 0.         0.4108377  0.46707852
  1.         0.7579284  0.93882559 0.54455188 0.04913559 0.63580794
  0.32272479 0.62248055 0.15899885 0.86328646 0.21325946 0.74210532
  0.24349241]
 [0.73618521 0.14695615 0.32161556 0.52878065 0.84238995 0.11470842
  0.17975238 0.51270861 0.57482605 0.         0.4108377  0.46707852
  1.         0.7579284  0.93882559 0.54455188 0.04913559 0.63580794
  0.32272479 0.62248055 0.15899885 0.86328646 0.21325946 0.74210532
  0.24349241]
 [0.73618521 0.14695615 0.32161556 0.52878065 0.84238995 0.11470842
  0.17975238 0.51270861 0.57482605 0.         0.4108377  0.46707852
  1.         0.7579284  0.93882559 0.54455188 0.04913559 0.63580794
  0.32272479 0.62248055 0.15899885 0.86328646 0.21325946 0.74210532
  0.24349241]
 [0.73618521 0.14695615 0.32161556 0.52878065 0.84238995 0.11470842
  0.17975238 0.51270861 0.57482605 0.         0.4108377  0.46707852
  1.         0.7579284  0.93882559 0.54455188 0.04913559 0.63580794
  0.32272479 0.62248055 0.15899885 0.86328646 0.21325946 0.74210532
  0.24349241]
 [0.73618521 0.14695615 0.32161556 0.52878065 0.84238995 0.11470842
  0.17975238 0.51270861 0.57482605 0.         0.4108377  0.46707852
  1.         0.7579284  0.93882559 0.54455188 0.04913559 0.63580794
  0.32272479 0.62248055 0.15899885 0.86328646 0.21325946 0.74210532
  0.24349241]
 [0.73618521 0.14695615 0.32161556 0.52878065 0.84238995 0.11470842
  0.17975238 0.51270861 0.57482605 0.         0.4108377  0.46707852
  1.         0.7579284  0.93882559 0.54455188 0.04913559 0.63580794
  0.32272479 0.62248055 0.15899885 0.86328646 0.21325946 0.74210532
  0.24349241]
 [0.73618521 0.14695615 0.32161556 0.52878065 0.84238995 0.11470842
  0.17975238 0.51270861 0.57482605 0.         0.4108377  0.46707852
  1.         0.7579284  0.93882559 0.54455188 0.04913559 0.63580794
  0.32272479 0.62248055 0.15899885 0.86328646 0.21325946 0.74210532
  0.24349241]
 [0.73618521 0.14695615 0.32161556 0.52878065 0.84238995 0.11470842
  0.17975238 0.51270861 0.57482605 0.         0.4108377  0.46707852
  1.         0.7579284  0.93882559 0.54455188 0.04913559 0.63580794
  0.32272479 0.62248055 0.15899885 0.86328646 0.21325946 0.74210532
  0.24349241]
 [0.73618521 0.14695615 0.32161556 0.52878065 0.84238995 0.11470842
  0.17975238 0.51270861 0.57482605 0.         0.4108377  0.46707852
  1.         0.7579284  0.93882559 0.54455188 0.04913559 0.63580794
  0.32272479 0.62248055 0.15899885 0.86328646 0.21325946 0.74210532
  0.24349241]
 [0.73618521 0.14695615 0.32161556 0.52878065 0.84238995 0.11470842
  0.17975238 0.51270861 0.57482605 0.         0.4108377  0.46707852
  1.         0.7579284  0.93882559 0.54455188 0.04913559 0.63580794
  0.32272479 0.62248055 0.15899885 0.86328646 0.21325946 0.74210532
  0.24349241]
 [0.73618521 0.14695615 0.32161556 0.52878065 0.84238995 0.11470842
  0.17975238 0.51270861 0.57482605 0.         0.4108377  0.46707852
  1.         0.7579284  0.93882559 0.54455188 0.04913559 0.63580794
  0.32272479 0.62248055 0.15899885 0.86328646 0.21325946 0.74210532
  0.24349241]
 [0.73618521 0.14695615 0.32161556 0.52878065 0.84238995 0.11470842
  0.17975238 0.51270861 0.57482605 0.         0.4108377  0.46707852
  1.         0.7579284  0.93882559 0.54455188 0.04913559 0.63580794
  0.32272479 0.62248055 0.15899885 0.86328646 0.21325946 0.74210532
  0.24349241]
 [0.73618521 0.14695615 0.32161556 0.52878065 0.84238995 0.11470842
  0.17975238 0.51270861 0.57482605 0.         0.4108377  0.46707852
  1.         0.7579284  0.93882559 0.54455188 0.04913559 0.63580794
  0.32272479 0.62248055 0.15899885 0.86328646 0.21325946 0.74210532
  0.24349241]
 [0.73618521 0.14695615 0.32161556 0.52878065 0.84238995 0.11470842
  0.17975238 0.51270861 0.57482605 0.         0.4108377  0.46707852
  1.         0.7579284  0.93882559 0.54455188 0.04913559 0.63580794
  0.32272479 0.62248055 0.15899885 0.86328646 0.21325946 0.74210532
  0.24349241]
 [0.73618521 0.14695615 0.32161556 0.52878065 0.84238995 0.11470842
  0.17975238 0.51270861 0.57482605 0.         0.4108377  0.46707852
  1.         0.7579284  0.93882559 0.54455188 0.04913559 0.63580794
  0.32272479 0.62248055 0.15899885 0.86328646 0.21325946 0.74210532
  0.24349241]
 [0.73618521 0.14695615 0.32161556 0.52878065 0.84238995 0.11470842
  0.17975238 0.51270861 0.57482605 0.         0.4108377  0.46707852
  1.         0.7579284  0.93882559 0.54455188 0.04913559 0.63580794
  0.32272479 0.62248055 0.15899885 0.86328646 0.21325946 0.74210532
  0.24349241]
 [0.73618521 0.14695615 0.32161556 0.52878065 0.84238995 0.11470842
  0.17975238 0.51270861 0.57482605 0.         0.4108377  0.46707852
  1.         0.7579284  0.93882559 0.54455188 0.04913559 0.63580794
  0.32272479 0.62248055 0.15899885 0.86328646 0.21325946 0.74210532
  0.24349241]
 [0.73618521 0.14695615 0.32161556 0.52878065 0.84238995 0.11470842
  0.17975238 0.51270861 0.57482605 0.         0.4108377  0.46707852
  1.         0.7579284  0.93882559 0.54455188 0.04913559 0.63580794
  0.32272479 0.62248055 0.15899885 0.86328646 0.21325946 0.74210532
  0.24349241]
 [0.73618521 0.14695615 0.32161556 0.52878065 0.84238995 0.11470842
  0.17975238 0.51270861 0.57482605 0.         0.4108377  0.46707852
  1.         0.7579284  0.93882559 0.54455188 0.04913559 0.63580794
  0.32272479 0.62248055 0.15899885 0.86328646 0.21325946 0.74210532
  0.24349241]
 [0.73618521 0.14695615 0.32161556 0.52878065 0.84238995 0.11470842
  0.17975238 0.51270861 0.57482605 0.         0.4108377  0.46707852
  1.         0.7579284  0.93882559 0.54455188 0.04913559 0.63580794
  0.32272479 0.62248055 0.15899885 0.86328646 0.21325946 0.74210532
  0.24349241]
 [0.73618521 0.14695615 0.32161556 0.52878065 0.84238995 0.11470842
  0.17975238 0.51270861 0.57482605 0.         0.4108377  0.46707852
  1.         0.7579284  0.93882559 0.54455188 0.04913559 0.63580794
  0.32272479 0.62248055 0.15899885 0.86328646 0.21325946 0.74210532
  0.24349241]
 [0.73618521 0.14695615 0.32161556 0.52878065 0.84238995 0.11470842
  0.17975238 0.51270861 0.57482605 0.         0.4108377  0.46707852
  1.         0.7579284  0.93882559 0.54455188 0.04913559 0.63580794
  0.32272479 0.62248055 0.15899885 0.86328646 0.21325946 0.74210532
  0.24349241]
 [0.73618521 0.14695615 0.32161556 0.52878065 0.84238995 0.11470842
  0.17975238 0.51270861 0.57482605 0.         0.4108377  0.46707852
  1.         0.7579284  0.93882559 0.54455188 0.04913559 0.63580794
  0.32272479 0.62248055 0.15899885 0.86328646 0.21325946 0.74210532
  0.24349241]]"
99,"[[0.16073884 0.96293069 0.         0.34750461 0.10748883 0.49514561
  0.24976223 0.03553737 0.56833448 0.57604254 0.89156426 0.94855573
  0.47020271 0.63529557 0.31371211 0.68284422 1.         0.2752376
  0.84863843 0.94096695 0.18309751 0.17644713 0.27467127 0.07652602
  0.56688696]
 [0.16073884 0.96293069 0.         0.34750461 0.10748883 0.49514561
  0.24976223 0.03553737 0.56833448 0.57604254 0.89156426 0.94855573
  0.47020271 0.63529557 0.31371211 0.68284422 1.         0.2752376
  0.84863843 0.94096695 0.18309751 0.17644713 0.27467127 0.07652602
  0.56688696]
 [0.16073884 0.96293069 0.         0.34750461 0.10748883 0.49514561
  0.24976223 0.03553737 0.56833448 0.57604254 0.89156426 0.94855573
  0.47020271 0.63529557 0.31371211 0.68284422 1.         0.2752376
  0.84863843 0.94096695 0.18309751 0.17644713 0.27467127 0.07652602
  0.56688696]
 [0.16073884 0.96293069 0.         0.34750461 0.10748883 0.49514561
  0.24976223 0.03553737 0.56833448 0.57604254 0.89156426 0.94855573
  0.47020271 0.63529557 0.31371211 0.68284422 1.         0.2752376
  0.84863843 0.94096695 0.18309751 0.17644713 0.27467127 0.07652602
  0.56688696]
 [0.16073884 0.96293069 0.         0.34750461 0.10748883 0.49514561
  0.24976223 0.03553737 0.56833448 0.57604254 0.89156426 0.94855573
  0.47020271 0.63529557 0.31371211 0.68284422 1.         0.2752376
  0.84863843 0.94096695 0.18309751 0.17644713 0.27467127 0.07652602
  0.56688696]
 [0.16073884 0.96293069 0.         0.34750461 0.10748883 0.49514561
  0.24976223 0.03553737 0.56833448 0.57604254 0.89156426 0.94855573
  0.47020271 0.63529557 0.31371211 0.68284422 1.         0.2752376
  0.84863843 0.94096695 0.18309751 0.17644713 0.27467127 0.07652602
  0.56688696]
 [0.16073884 0.96293069 0.         0.34750461 0.10748883 0.49514561
  0.24976223 0.03553737 0.56833448 0.57604254 0.89156426 0.94855573
  0.47020271 0.63529557 0.31371211 0.68284422 1.         0.2752376
  0.84863843 0.94096695 0.18309751 0.17644713 0.27467127 0.07652602
  0.56688696]
 [0.16073884 0.96293069 0.         0.34750461 0.10748883 0.49514561
  0.24976223 0.03553737 0.56833448 0.57604254 0.89156426 0.94855573
  0.47020271 0.63529557 0.31371211 0.68284422 1.         0.2752376
  0.84863843 0.94096695 0.18309751 0.17644713 0.27467127 0.07652602
  0.56688696]
 [0.16073884 0.96293069 0.         0.34750461 0.10748883 0.49514561
  0.24976223 0.03553737 0.56833448 0.57604254 0.89156426 0.94855573
  0.47020271 0.63529557 0.31371211 0.68284422 1.         0.2752376
  0.84863843 0.94096695 0.18309751 0.17644713 0.27467127 0.07652602
  0.56688696]
 [0.16073884 0.96293069 0.         0.34750461 0.10748883 0.49514561
  0.24976223 0.03553737 0.56833448 0.57604254 0.89156426 0.94855573
  0.47020271 0.63529557 0.31371211 0.68284422 1.         0.2752376
  0.84863843 0.94096695 0.18309751 0.17644713 0.27467127 0.07652602
  0.56688696]
 [0.16073884 0.96293069 0.         0.34750461 0.10748883 0.49514561
  0.24976223 0.03553737 0.56833448 0.57604254 0.89156426 0.94855573
  0.47020271 0.63529557 0.31371211 0.68284422 1.         0.2752376
  0.84863843 0.94096695 0.18309751 0.17644713 0.27467127 0.07652602
  0.56688696]
 [0.16073884 0.96293069 0.         0.34750461 0.10748883 0.49514561
  0.24976223 0.03553737 0.56833448 0.57604254 0.89156426 0.94855573
  0.47020271 0.63529557 0.31371211 0.68284422 1.         0.2752376
  0.84863843 0.94096695 0.18309751 0.17644713 0.27467127 0.07652602
  0.56688696]
 [0.16073884 0.96293069 0.         0.34750461 0.10748883 0.49514561
  0.24976223 0.03553737 0.56833448 0.57604254 0.89156426 0.94855573
  0.47020271 0.63529557 0.31371211 0.68284422 1.         0.2752376
  0.84863843 0.94096695 0.18309751 0.17644713 0.27467127 0.07652602
  0.56688696]
 [0.16073884 0.96293069 0.         0.34750461 0.10748883 0.49514561
  0.24976223 0.03553737 0.56833448 0.57604254 0.89156426 0.94855573
  0.47020271 0.63529557 0.31371211 0.68284422 1.         0.2752376
  0.84863843 0.94096695 0.18309751 0.17644713 0.27467127 0.07652602
  0.56688696]
 [0.16073884 0.96293069 0.         0.34750461 0.10748883 0.49514561
  0.24976223 0.03553737 0.56833448 0.57604254 0.89156426 0.94855573
  0.47020271 0.63529557 0.31371211 0.68284422 1.         0.2752376
  0.84863843 0.94096695 0.18309751 0.17644713 0.27467127 0.07652602
  0.56688696]
 [0.16073884 0.96293069 0.         0.34750461 0.10748883 0.49514561
  0.24976223 0.03553737 0.56833448 0.57604254 0.89156426 0.94855573
  0.47020271 0.63529557 0.31371211 0.68284422 1.         0.2752376
  0.84863843 0.94096695 0.18309751 0.17644713 0.27467127 0.07652602
  0.56688696]
 [0.16073884 0.96293069 0.         0.34750461 0.10748883 0.49514561
  0.24976223 0.03553737 0.56833448 0.57604254 0.89156426 0.94855573
  0.47020271 0.63529557 0.31371211 0.68284422 1.         0.2752376
  0.84863843 0.94096695 0.18309751 0.17644713 0.27467127 0.07652602
  0.56688696]
 [0.16073884 0.96293069 0.         0.34750461 0.10748883 0.49514561
  0.24976223 0.03553737 0.56833448 0.57604254 0.89156426 0.94855573
  0.47020271 0.63529557 0.31371211 0.68284422 1.         0.2752376
  0.84863843 0.94096695 0.18309751 0.17644713 0.27467127 0.07652602
  0.56688696]
 [0.16073884 0.96293069 0.         0.34750461 0.10748883 0.49514561
  0.24976223 0.03553737 0.56833448 0.57604254 0.89156426 0.94855573
  0.47020271 0.63529557 0.31371211 0.68284422 1.         0.2752376
  0.84863843 0.94096695 0.18309751 0.17644713 0.27467127 0.07652602
  0.56688696]
 [0.16073884 0.96293069 0.         0.34750461 0.10748883 0.49514561
  0.24976223 0.03553737 0.56833448 0.57604254 0.89156426 0.94855573
  0.47020271 0.63529557 0.31371211 0.68284422 1.         0.2752376
  0.84863843 0.94096695 0.18309751 0.17644713 0.27467127 0.07652602
  0.56688696]
 [0.16073884 0.96293069 0.         0.34750461 0.10748883 0.49514561
  0.24976223 0.03553737 0.56833448 0.57604254 0.89156426 0.94855573
  0.47020271 0.63529557 0.31371211 0.68284422 1.         0.2752376
  0.84863843 0.94096695 0.18309751 0.17644713 0.27467127 0.07652602
  0.56688696]
 [0.16073884 0.96293069 0.         0.34750461 0.10748883 0.49514561
  0.24976223 0.03553737 0.56833448 0.57604254 0.89156426 0.94855573
  0.47020271 0.63529557 0.31371211 0.68284422 1.         0.2752376
  0.84863843 0.94096695 0.18309751 0.17644713 0.27467127 0.07652602
  0.56688696]
 [0.16073884 0.96293069 0.         0.34750461 0.10748883 0.49514561
  0.24976223 0.03553737 0.56833448 0.57604254 0.89156426 0.94855573
  0.47020271 0.63529557 0.31371211 0.68284422 1.         0.2752376
  0.84863843 0.94096695 0.18309751 0.17644713 0.27467127 0.07652602
  0.56688696]
 [0.16073884 0.96293069 0.         0.34750461 0.10748883 0.49514561
  0.24976223 0.03553737 0.56833448 0.57604254 0.89156426 0.94855573
  0.47020271 0.63529557 0.31371211 0.68284422 1.         0.2752376
  0.84863843 0.94096695 0.18309751 0.17644713 0.27467127 0.07652602
  0.56688696]
 [0.16073884 0.96293069 0.         0.34750461 0.10748883 0.49514561
  0.24976223 0.03553737 0.56833448 0.57604254 0.89156426 0.94855573
  0.47020271 0.63529557 0.31371211 0.68284422 1.         0.2752376
  0.84863843 0.94096695 0.18309751 0.17644713 0.27467127 0.07652602
  0.56688696]]"
100,"[[0.09420229 0.68295144 0.99934694 0.90620815 0.4969902  0.88176758
  0.42855353 0.98268531 0.         0.19401136 0.82971352 0.38310877
  0.73593707 0.1523546  0.65138336 0.1168017  1.         0.2323415
  0.58484311 0.69158614 0.70932656 0.71892579 0.59052839 0.08904071
  0.11351544]
 [0.09420229 0.68295144 0.99934694 0.90620815 0.4969902  0.88176758
  0.42855353 0.98268531 0.         0.19401136 0.82971352 0.38310877
  0.73593707 0.1523546  0.65138336 0.1168017  1.         0.2323415
  0.58484311 0.69158614 0.70932656 0.71892579 0.59052839 0.08904071
  0.11351544]
 [0.09420229 0.68295144 0.99934694 0.90620815 0.4969902  0.88176758
  0.42855353 0.98268531 0.         0.19401136 0.82971352 0.38310877
  0.73593707 0.1523546  0.65138336 0.1168017  1.         0.2323415
  0.58484311 0.69158614 0.70932656 0.71892579 0.59052839 0.08904071
  0.11351544]
 [0.09420229 0.68295144 0.99934694 0.90620815 0.4969902  0.88176758
  0.42855353 0.98268531 0.         0.19401136 0.82971352 0.38310877
  0.73593707 0.1523546  0.65138336 0.1168017  1.         0.2323415
  0.58484311 0.69158614 0.70932656 0.71892579 0.59052839 0.08904071
  0.11351544]
 [0.09420229 0.68295144 0.99934694 0.90620815 0.4969902  0.88176758
  0.42855353 0.98268531 0.         0.19401136 0.82971352 0.38310877
  0.73593707 0.1523546  0.65138336 0.1168017  1.         0.2323415
  0.58484311 0.69158614 0.70932656 0.71892579 0.59052839 0.08904071
  0.11351544]
 [0.09420229 0.68295144 0.99934694 0.90620815 0.4969902  0.88176758
  0.42855353 0.98268531 0.         0.19401136 0.82971352 0.38310877
  0.73593707 0.1523546  0.65138336 0.1168017  1.         0.2323415
  0.58484311 0.69158614 0.70932656 0.71892579 0.59052839 0.08904071
  0.11351544]
 [0.09420229 0.68295144 0.99934694 0.90620815 0.4969902  0.88176758
  0.42855353 0.98268531 0.         0.19401136 0.82971352 0.38310877
  0.73593707 0.1523546  0.65138336 0.1168017  1.         0.2323415
  0.58484311 0.69158614 0.70932656 0.71892579 0.59052839 0.08904071
  0.11351544]
 [0.09420229 0.68295144 0.99934694 0.90620815 0.4969902  0.88176758
  0.42855353 0.98268531 0.         0.19401136 0.82971352 0.38310877
  0.73593707 0.1523546  0.65138336 0.1168017  1.         0.2323415
  0.58484311 0.69158614 0.70932656 0.71892579 0.59052839 0.08904071
  0.11351544]
 [0.09420229 0.68295144 0.99934694 0.90620815 0.4969902  0.88176758
  0.42855353 0.98268531 0.         0.19401136 0.82971352 0.38310877
  0.73593707 0.1523546  0.65138336 0.1168017  1.         0.2323415
  0.58484311 0.69158614 0.70932656 0.71892579 0.59052839 0.08904071
  0.11351544]
 [0.09420229 0.68295144 0.99934694 0.90620815 0.4969902  0.88176758
  0.42855353 0.98268531 0.         0.19401136 0.82971352 0.38310877
  0.73593707 0.1523546  0.65138336 0.1168017  1.         0.2323415
  0.58484311 0.69158614 0.70932656 0.71892579 0.59052839 0.08904071
  0.11351544]
 [0.09420229 0.68295144 0.99934694 0.90620815 0.4969902  0.88176758
  0.42855353 0.98268531 0.         0.19401136 0.82971352 0.38310877
  0.73593707 0.1523546  0.65138336 0.1168017  1.         0.2323415
  0.58484311 0.69158614 0.70932656 0.71892579 0.59052839 0.08904071
  0.11351544]
 [0.09420229 0.68295144 0.99934694 0.90620815 0.4969902  0.88176758
  0.42855353 0.98268531 0.         0.19401136 0.82971352 0.38310877
  0.73593707 0.1523546  0.65138336 0.1168017  1.         0.2323415
  0.58484311 0.69158614 0.70932656 0.71892579 0.59052839 0.08904071
  0.11351544]
 [0.09420229 0.68295144 0.99934694 0.90620815 0.4969902  0.88176758
  0.42855353 0.98268531 0.         0.19401136 0.82971352 0.38310877
  0.73593707 0.1523546  0.65138336 0.1168017  1.         0.2323415
  0.58484311 0.69158614 0.70932656 0.71892579 0.59052839 0.08904071
  0.11351544]
 [0.09420229 0.68295144 0.99934694 0.90620815 0.4969902  0.88176758
  0.42855353 0.98268531 0.         0.19401136 0.82971352 0.38310877
  0.73593707 0.1523546  0.65138336 0.1168017  1.         0.2323415
  0.58484311 0.69158614 0.70932656 0.71892579 0.59052839 0.08904071
  0.11351544]
 [0.09420229 0.68295144 0.99934694 0.90620815 0.4969902  0.88176758
  0.42855353 0.98268531 0.         0.19401136 0.82971352 0.38310877
  0.73593707 0.1523546  0.65138336 0.1168017  1.         0.2323415
  0.58484311 0.69158614 0.70932656 0.71892579 0.59052839 0.08904071
  0.11351544]
 [0.09420229 0.68295144 0.99934694 0.90620815 0.4969902  0.88176758
  0.42855353 0.98268531 0.         0.19401136 0.82971352 0.38310877
  0.73593707 0.1523546  0.65138336 0.1168017  1.         0.2323415
  0.58484311 0.69158614 0.70932656 0.71892579 0.59052839 0.08904071
  0.11351544]
 [0.09420229 0.68295144 0.99934694 0.90620815 0.4969902  0.88176758
  0.42855353 0.98268531 0.         0.19401136 0.82971352 0.38310877
  0.73593707 0.1523546  0.65138336 0.1168017  1.         0.2323415
  0.58484311 0.69158614 0.70932656 0.71892579 0.59052839 0.08904071
  0.11351544]
 [0.09420229 0.68295144 0.99934694 0.90620815 0.4969902  0.88176758
  0.42855353 0.98268531 0.         0.19401136 0.82971352 0.38310877
  0.73593707 0.1523546  0.65138336 0.1168017  1.         0.2323415
  0.58484311 0.69158614 0.70932656 0.71892579 0.59052839 0.08904071
  0.11351544]
 [0.09420229 0.68295144 0.99934694 0.90620815 0.4969902  0.88176758
  0.42855353 0.98268531 0.         0.19401136 0.82971352 0.38310877
  0.73593707 0.1523546  0.65138336 0.1168017  1.         0.2323415
  0.58484311 0.69158614 0.70932656 0.71892579 0.59052839 0.08904071
  0.11351544]
 [0.09420229 0.68295144 0.99934694 0.90620815 0.4969902  0.88176758
  0.42855353 0.98268531 0.         0.19401136 0.82971352 0.38310877
  0.73593707 0.1523546  0.65138336 0.1168017  1.         0.2323415
  0.58484311 0.69158614 0.70932656 0.71892579 0.59052839 0.08904071
  0.11351544]
 [0.09420229 0.68295144 0.99934694 0.90620815 0.4969902  0.88176758
  0.42855353 0.98268531 0.         0.19401136 0.82971352 0.38310877
  0.73593707 0.1523546  0.65138336 0.1168017  1.         0.2323415
  0.58484311 0.69158614 0.70932656 0.71892579 0.59052839 0.08904071
  0.11351544]
 [0.09420229 0.68295144 0.99934694 0.90620815 0.4969902  0.88176758
  0.42855353 0.98268531 0.         0.19401136 0.82971352 0.38310877
  0.73593707 0.1523546  0.65138336 0.1168017  1.         0.2323415
  0.58484311 0.69158614 0.70932656 0.71892579 0.59052839 0.08904071
  0.11351544]
 [0.09420229 0.68295144 0.99934694 0.90620815 0.4969902  0.88176758
  0.42855353 0.98268531 0.         0.19401136 0.82971352 0.38310877
  0.73593707 0.1523546  0.65138336 0.1168017  1.         0.2323415
  0.58484311 0.69158614 0.70932656 0.71892579 0.59052839 0.08904071
  0.11351544]
 [0.09420229 0.68295144 0.99934694 0.90620815 0.4969902  0.88176758
  0.42855353 0.98268531 0.         0.19401136 0.82971352 0.38310877
  0.73593707 0.1523546  0.65138336 0.1168017  1.         0.2323415
  0.58484311 0.69158614 0.70932656 0.71892579 0.59052839 0.08904071
  0.11351544]
 [0.09420229 0.68295144 0.99934694 0.90620815 0.4969902  0.88176758
  0.42855353 0.98268531 0.         0.19401136 0.82971352 0.38310877
  0.73593707 0.1523546  0.65138336 0.1168017  1.         0.2323415
  0.58484311 0.69158614 0.70932656 0.71892579 0.59052839 0.08904071
  0.11351544]]"
101,"[[0.66557282 1.         0.18818589 0.69753912 0.06370407 0.07139204
  0.26814569 0.38847902 0.86473686 0.54125817 0.01168602 0.5267795
  0.02506432 0.         0.57453599 0.87584994 0.86356232 0.56842348
  0.48096867 0.62683503 0.67226722 0.46015615 0.2126186  0.99212265
  0.86668377 0.77997506 0.12482784 0.76078718 0.45201126 0.5087216 ]
 [0.66557282 1.         0.18818589 0.69753912 0.06370407 0.07139204
  0.26814569 0.38847902 0.86473686 0.54125817 0.01168602 0.5267795
  0.02506432 0.         0.57453599 0.87584994 0.86356232 0.56842348
  0.48096867 0.62683503 0.67226722 0.46015615 0.2126186  0.99212265
  0.86668377 0.77997506 0.12482784 0.76078718 0.45201126 0.5087216 ]
 [0.66557282 1.         0.18818589 0.69753912 0.06370407 0.07139204
  0.26814569 0.38847902 0.86473686 0.54125817 0.01168602 0.5267795
  0.02506432 0.         0.57453599 0.87584994 0.86356232 0.56842348
  0.48096867 0.62683503 0.67226722 0.46015615 0.2126186  0.99212265
  0.86668377 0.77997506 0.12482784 0.76078718 0.45201126 0.5087216 ]
 [0.66557282 1.         0.18818589 0.69753912 0.06370407 0.07139204
  0.26814569 0.38847902 0.86473686 0.54125817 0.01168602 0.5267795
  0.02506432 0.         0.57453599 0.87584994 0.86356232 0.56842348
  0.48096867 0.62683503 0.67226722 0.46015615 0.2126186  0.99212265
  0.86668377 0.77997506 0.12482784 0.76078718 0.45201126 0.5087216 ]
 [0.66557282 1.         0.18818589 0.69753912 0.06370407 0.07139204
  0.26814569 0.38847902 0.86473686 0.54125817 0.01168602 0.5267795
  0.02506432 0.         0.57453599 0.87584994 0.86356232 0.56842348
  0.48096867 0.62683503 0.67226722 0.46015615 0.2126186  0.99212265
  0.86668377 0.77997506 0.12482784 0.76078718 0.45201126 0.5087216 ]
 [0.66557282 1.         0.18818589 0.69753912 0.06370407 0.07139204
  0.26814569 0.38847902 0.86473686 0.54125817 0.01168602 0.5267795
  0.02506432 0.         0.57453599 0.87584994 0.86356232 0.56842348
  0.48096867 0.62683503 0.67226722 0.46015615 0.2126186  0.99212265
  0.86668377 0.77997506 0.12482784 0.76078718 0.45201126 0.5087216 ]
 [0.66557282 1.         0.18818589 0.69753912 0.06370407 0.07139204
  0.26814569 0.38847902 0.86473686 0.54125817 0.01168602 0.5267795
  0.02506432 0.         0.57453599 0.87584994 0.86356232 0.56842348
  0.48096867 0.62683503 0.67226722 0.46015615 0.2126186  0.99212265
  0.86668377 0.77997506 0.12482784 0.76078718 0.45201126 0.5087216 ]
 [0.66557282 1.         0.18818589 0.69753912 0.06370407 0.07139204
  0.26814569 0.38847902 0.86473686 0.54125817 0.01168602 0.5267795
  0.02506432 0.         0.57453599 0.87584994 0.86356232 0.56842348
  0.48096867 0.62683503 0.67226722 0.46015615 0.2126186  0.99212265
  0.86668377 0.77997506 0.12482784 0.76078718 0.45201126 0.5087216 ]
 [0.66557282 1.         0.18818589 0.69753912 0.06370407 0.07139204
  0.26814569 0.38847902 0.86473686 0.54125817 0.01168602 0.5267795
  0.02506432 0.         0.57453599 0.87584994 0.86356232 0.56842348
  0.48096867 0.62683503 0.67226722 0.46015615 0.2126186  0.99212265
  0.86668377 0.77997506 0.12482784 0.76078718 0.45201126 0.5087216 ]
 [0.66557282 1.         0.18818589 0.69753912 0.06370407 0.07139204
  0.26814569 0.38847902 0.86473686 0.54125817 0.01168602 0.5267795
  0.02506432 0.         0.57453599 0.87584994 0.86356232 0.56842348
  0.48096867 0.62683503 0.67226722 0.46015615 0.2126186  0.99212265
  0.86668377 0.77997506 0.12482784 0.76078718 0.45201126 0.5087216 ]
 [0.66557282 1.         0.18818589 0.69753912 0.06370407 0.07139204
  0.26814569 0.38847902 0.86473686 0.54125817 0.01168602 0.5267795
  0.02506432 0.         0.57453599 0.87584994 0.86356232 0.56842348
  0.48096867 0.62683503 0.67226722 0.46015615 0.2126186  0.99212265
  0.86668377 0.77997506 0.12482784 0.76078718 0.45201126 0.5087216 ]
 [0.66557282 1.         0.18818589 0.69753912 0.06370407 0.07139204
  0.26814569 0.38847902 0.86473686 0.54125817 0.01168602 0.5267795
  0.02506432 0.         0.57453599 0.87584994 0.86356232 0.56842348
  0.48096867 0.62683503 0.67226722 0.46015615 0.2126186  0.99212265
  0.86668377 0.77997506 0.12482784 0.76078718 0.45201126 0.5087216 ]
 [0.66557282 1.         0.18818589 0.69753912 0.06370407 0.07139204
  0.26814569 0.38847902 0.86473686 0.54125817 0.01168602 0.5267795
  0.02506432 0.         0.57453599 0.87584994 0.86356232 0.56842348
  0.48096867 0.62683503 0.67226722 0.46015615 0.2126186  0.99212265
  0.86668377 0.77997506 0.12482784 0.76078718 0.45201126 0.5087216 ]
 [0.66557282 1.         0.18818589 0.69753912 0.06370407 0.07139204
  0.26814569 0.38847902 0.86473686 0.54125817 0.01168602 0.5267795
  0.02506432 0.         0.57453599 0.87584994 0.86356232 0.56842348
  0.48096867 0.62683503 0.67226722 0.46015615 0.2126186  0.99212265
  0.86668377 0.77997506 0.12482784 0.76078718 0.45201126 0.5087216 ]
 [0.66557282 1.         0.18818589 0.69753912 0.06370407 0.07139204
  0.26814569 0.38847902 0.86473686 0.54125817 0.01168602 0.5267795
  0.02506432 0.         0.57453599 0.87584994 0.86356232 0.56842348
  0.48096867 0.62683503 0.67226722 0.46015615 0.2126186  0.99212265
  0.86668377 0.77997506 0.12482784 0.76078718 0.45201126 0.5087216 ]
 [0.66557282 1.         0.18818589 0.69753912 0.06370407 0.07139204
  0.26814569 0.38847902 0.86473686 0.54125817 0.01168602 0.5267795
  0.02506432 0.         0.57453599 0.87584994 0.86356232 0.56842348
  0.48096867 0.62683503 0.67226722 0.46015615 0.2126186  0.99212265
  0.86668377 0.77997506 0.12482784 0.76078718 0.45201126 0.5087216 ]
 [0.66557282 1.         0.18818589 0.69753912 0.06370407 0.07139204
  0.26814569 0.38847902 0.86473686 0.54125817 0.01168602 0.5267795
  0.02506432 0.         0.57453599 0.87584994 0.86356232 0.56842348
  0.48096867 0.62683503 0.67226722 0.46015615 0.2126186  0.99212265
  0.86668377 0.77997506 0.12482784 0.76078718 0.45201126 0.5087216 ]
 [0.66557282 1.         0.18818589 0.69753912 0.06370407 0.07139204
  0.26814569 0.38847902 0.86473686 0.54125817 0.01168602 0.5267795
  0.02506432 0.         0.57453599 0.87584994 0.86356232 0.56842348
  0.48096867 0.62683503 0.67226722 0.46015615 0.2126186  0.99212265
  0.86668377 0.77997506 0.12482784 0.76078718 0.45201126 0.5087216 ]
 [0.66557282 1.         0.18818589 0.69753912 0.06370407 0.07139204
  0.26814569 0.38847902 0.86473686 0.54125817 0.01168602 0.5267795
  0.02506432 0.         0.57453599 0.87584994 0.86356232 0.56842348
  0.48096867 0.62683503 0.67226722 0.46015615 0.2126186  0.99212265
  0.86668377 0.77997506 0.12482784 0.76078718 0.45201126 0.5087216 ]
 [0.66557282 1.         0.18818589 0.69753912 0.06370407 0.07139204
  0.26814569 0.38847902 0.86473686 0.54125817 0.01168602 0.5267795
  0.02506432 0.         0.57453599 0.87584994 0.86356232 0.56842348
  0.48096867 0.62683503 0.67226722 0.46015615 0.2126186  0.99212265
  0.86668377 0.77997506 0.12482784 0.76078718 0.45201126 0.5087216 ]
 [0.66557282 1.         0.18818589 0.69753912 0.06370407 0.07139204
  0.26814569 0.38847902 0.86473686 0.54125817 0.01168602 0.5267795
  0.02506432 0.         0.57453599 0.87584994 0.86356232 0.56842348
  0.48096867 0.62683503 0.67226722 0.46015615 0.2126186  0.99212265
  0.86668377 0.77997506 0.12482784 0.76078718 0.45201126 0.5087216 ]
 [0.66557282 1.         0.18818589 0.69753912 0.06370407 0.07139204
  0.26814569 0.38847902 0.86473686 0.54125817 0.01168602 0.5267795
  0.02506432 0.         0.57453599 0.87584994 0.86356232 0.56842348
  0.48096867 0.62683503 0.67226722 0.46015615 0.2126186  0.99212265
  0.86668377 0.77997506 0.12482784 0.76078718 0.45201126 0.5087216 ]
 [0.66557282 1.         0.18818589 0.69753912 0.06370407 0.07139204
  0.26814569 0.38847902 0.86473686 0.54125817 0.01168602 0.5267795
  0.02506432 0.         0.57453599 0.87584994 0.86356232 0.56842348
  0.48096867 0.62683503 0.67226722 0.46015615 0.2126186  0.99212265
  0.86668377 0.77997506 0.12482784 0.76078718 0.45201126 0.5087216 ]
 [0.66557282 1.         0.18818589 0.69753912 0.06370407 0.07139204
  0.26814569 0.38847902 0.86473686 0.54125817 0.01168602 0.5267795
  0.02506432 0.         0.57453599 0.87584994 0.86356232 0.56842348
  0.48096867 0.62683503 0.67226722 0.46015615 0.2126186  0.99212265
  0.86668377 0.77997506 0.12482784 0.76078718 0.45201126 0.5087216 ]
 [0.66557282 1.         0.18818589 0.69753912 0.06370407 0.07139204
  0.26814569 0.38847902 0.86473686 0.54125817 0.01168602 0.5267795
  0.02506432 0.         0.57453599 0.87584994 0.86356232 0.56842348
  0.48096867 0.62683503 0.67226722 0.46015615 0.2126186  0.99212265
  0.86668377 0.77997506 0.12482784 0.76078718 0.45201126 0.5087216 ]
 [0.66557282 1.         0.18818589 0.69753912 0.06370407 0.07139204
  0.26814569 0.38847902 0.86473686 0.54125817 0.01168602 0.5267795
  0.02506432 0.         0.57453599 0.87584994 0.86356232 0.56842348
  0.48096867 0.62683503 0.67226722 0.46015615 0.2126186  0.99212265
  0.86668377 0.77997506 0.12482784 0.76078718 0.45201126 0.5087216 ]
 [0.66557282 1.         0.18818589 0.69753912 0.06370407 0.07139204
  0.26814569 0.38847902 0.86473686 0.54125817 0.01168602 0.5267795
  0.02506432 0.         0.57453599 0.87584994 0.86356232 0.56842348
  0.48096867 0.62683503 0.67226722 0.46015615 0.2126186  0.99212265
  0.86668377 0.77997506 0.12482784 0.76078718 0.45201126 0.5087216 ]
 [0.66557282 1.         0.18818589 0.69753912 0.06370407 0.07139204
  0.26814569 0.38847902 0.86473686 0.54125817 0.01168602 0.5267795
  0.02506432 0.         0.57453599 0.87584994 0.86356232 0.56842348
  0.48096867 0.62683503 0.67226722 0.46015615 0.2126186  0.99212265
  0.86668377 0.77997506 0.12482784 0.76078718 0.45201126 0.5087216 ]
 [0.66557282 1.         0.18818589 0.69753912 0.06370407 0.07139204
  0.26814569 0.38847902 0.86473686 0.54125817 0.01168602 0.5267795
  0.02506432 0.         0.57453599 0.87584994 0.86356232 0.56842348
  0.48096867 0.62683503 0.67226722 0.46015615 0.2126186  0.99212265
  0.86668377 0.77997506 0.12482784 0.76078718 0.45201126 0.5087216 ]
 [0.66557282 1.         0.18818589 0.69753912 0.06370407 0.07139204
  0.26814569 0.38847902 0.86473686 0.54125817 0.01168602 0.5267795
  0.02506432 0.         0.57453599 0.87584994 0.86356232 0.56842348
  0.48096867 0.62683503 0.67226722 0.46015615 0.2126186  0.99212265
  0.86668377 0.77997506 0.12482784 0.76078718 0.45201126 0.5087216 ]]"
102,"[[0.66848425 0.61723644 0.27144371 0.88245815 0.75775086 1.
  0.56500988 0.29508384 0.26704699 0.14652189 0.30651727 0.99954645
  0.22093227 0.29582633 0.82227453 0.36488677 0.43978906 0.55556623
  0.26605038 0.18046879 0.80715059 0.00355111 0.73673699 0.
  0.81584238 0.9155688  0.45796198 0.37438586 0.07264873 0.57791783]
 [0.66848425 0.61723644 0.27144371 0.88245815 0.75775086 1.
  0.56500988 0.29508384 0.26704699 0.14652189 0.30651727 0.99954645
  0.22093227 0.29582633 0.82227453 0.36488677 0.43978906 0.55556623
  0.26605038 0.18046879 0.80715059 0.00355111 0.73673699 0.
  0.81584238 0.9155688  0.45796198 0.37438586 0.07264873 0.57791783]
 [0.66848425 0.61723644 0.27144371 0.88245815 0.75775086 1.
  0.56500988 0.29508384 0.26704699 0.14652189 0.30651727 0.99954645
  0.22093227 0.29582633 0.82227453 0.36488677 0.43978906 0.55556623
  0.26605038 0.18046879 0.80715059 0.00355111 0.73673699 0.
  0.81584238 0.9155688  0.45796198 0.37438586 0.07264873 0.57791783]
 [0.66848425 0.61723644 0.27144371 0.88245815 0.75775086 1.
  0.56500988 0.29508384 0.26704699 0.14652189 0.30651727 0.99954645
  0.22093227 0.29582633 0.82227453 0.36488677 0.43978906 0.55556623
  0.26605038 0.18046879 0.80715059 0.00355111 0.73673699 0.
  0.81584238 0.9155688  0.45796198 0.37438586 0.07264873 0.57791783]
 [0.66848425 0.61723644 0.27144371 0.88245815 0.75775086 1.
  0.56500988 0.29508384 0.26704699 0.14652189 0.30651727 0.99954645
  0.22093227 0.29582633 0.82227453 0.36488677 0.43978906 0.55556623
  0.26605038 0.18046879 0.80715059 0.00355111 0.73673699 0.
  0.81584238 0.9155688  0.45796198 0.37438586 0.07264873 0.57791783]
 [0.66848425 0.61723644 0.27144371 0.88245815 0.75775086 1.
  0.56500988 0.29508384 0.26704699 0.14652189 0.30651727 0.99954645
  0.22093227 0.29582633 0.82227453 0.36488677 0.43978906 0.55556623
  0.26605038 0.18046879 0.80715059 0.00355111 0.73673699 0.
  0.81584238 0.9155688  0.45796198 0.37438586 0.07264873 0.57791783]
 [0.66848425 0.61723644 0.27144371 0.88245815 0.75775086 1.
  0.56500988 0.29508384 0.26704699 0.14652189 0.30651727 0.99954645
  0.22093227 0.29582633 0.82227453 0.36488677 0.43978906 0.55556623
  0.26605038 0.18046879 0.80715059 0.00355111 0.73673699 0.
  0.81584238 0.9155688  0.45796198 0.37438586 0.07264873 0.57791783]
 [0.66848425 0.61723644 0.27144371 0.88245815 0.75775086 1.
  0.56500988 0.29508384 0.26704699 0.14652189 0.30651727 0.99954645
  0.22093227 0.29582633 0.82227453 0.36488677 0.43978906 0.55556623
  0.26605038 0.18046879 0.80715059 0.00355111 0.73673699 0.
  0.81584238 0.9155688  0.45796198 0.37438586 0.07264873 0.57791783]
 [0.66848425 0.61723644 0.27144371 0.88245815 0.75775086 1.
  0.56500988 0.29508384 0.26704699 0.14652189 0.30651727 0.99954645
  0.22093227 0.29582633 0.82227453 0.36488677 0.43978906 0.55556623
  0.26605038 0.18046879 0.80715059 0.00355111 0.73673699 0.
  0.81584238 0.9155688  0.45796198 0.37438586 0.07264873 0.57791783]
 [0.66848425 0.61723644 0.27144371 0.88245815 0.75775086 1.
  0.56500988 0.29508384 0.26704699 0.14652189 0.30651727 0.99954645
  0.22093227 0.29582633 0.82227453 0.36488677 0.43978906 0.55556623
  0.26605038 0.18046879 0.80715059 0.00355111 0.73673699 0.
  0.81584238 0.9155688  0.45796198 0.37438586 0.07264873 0.57791783]
 [0.66848425 0.61723644 0.27144371 0.88245815 0.75775086 1.
  0.56500988 0.29508384 0.26704699 0.14652189 0.30651727 0.99954645
  0.22093227 0.29582633 0.82227453 0.36488677 0.43978906 0.55556623
  0.26605038 0.18046879 0.80715059 0.00355111 0.73673699 0.
  0.81584238 0.9155688  0.45796198 0.37438586 0.07264873 0.57791783]
 [0.66848425 0.61723644 0.27144371 0.88245815 0.75775086 1.
  0.56500988 0.29508384 0.26704699 0.14652189 0.30651727 0.99954645
  0.22093227 0.29582633 0.82227453 0.36488677 0.43978906 0.55556623
  0.26605038 0.18046879 0.80715059 0.00355111 0.73673699 0.
  0.81584238 0.9155688  0.45796198 0.37438586 0.07264873 0.57791783]
 [0.66848425 0.61723644 0.27144371 0.88245815 0.75775086 1.
  0.56500988 0.29508384 0.26704699 0.14652189 0.30651727 0.99954645
  0.22093227 0.29582633 0.82227453 0.36488677 0.43978906 0.55556623
  0.26605038 0.18046879 0.80715059 0.00355111 0.73673699 0.
  0.81584238 0.9155688  0.45796198 0.37438586 0.07264873 0.57791783]
 [0.66848425 0.61723644 0.27144371 0.88245815 0.75775086 1.
  0.56500988 0.29508384 0.26704699 0.14652189 0.30651727 0.99954645
  0.22093227 0.29582633 0.82227453 0.36488677 0.43978906 0.55556623
  0.26605038 0.18046879 0.80715059 0.00355111 0.73673699 0.
  0.81584238 0.9155688  0.45796198 0.37438586 0.07264873 0.57791783]
 [0.66848425 0.61723644 0.27144371 0.88245815 0.75775086 1.
  0.56500988 0.29508384 0.26704699 0.14652189 0.30651727 0.99954645
  0.22093227 0.29582633 0.82227453 0.36488677 0.43978906 0.55556623
  0.26605038 0.18046879 0.80715059 0.00355111 0.73673699 0.
  0.81584238 0.9155688  0.45796198 0.37438586 0.07264873 0.57791783]
 [0.66848425 0.61723644 0.27144371 0.88245815 0.75775086 1.
  0.56500988 0.29508384 0.26704699 0.14652189 0.30651727 0.99954645
  0.22093227 0.29582633 0.82227453 0.36488677 0.43978906 0.55556623
  0.26605038 0.18046879 0.80715059 0.00355111 0.73673699 0.
  0.81584238 0.9155688  0.45796198 0.37438586 0.07264873 0.57791783]
 [0.66848425 0.61723644 0.27144371 0.88245815 0.75775086 1.
  0.56500988 0.29508384 0.26704699 0.14652189 0.30651727 0.99954645
  0.22093227 0.29582633 0.82227453 0.36488677 0.43978906 0.55556623
  0.26605038 0.18046879 0.80715059 0.00355111 0.73673699 0.
  0.81584238 0.9155688  0.45796198 0.37438586 0.07264873 0.57791783]
 [0.66848425 0.61723644 0.27144371 0.88245815 0.75775086 1.
  0.56500988 0.29508384 0.26704699 0.14652189 0.30651727 0.99954645
  0.22093227 0.29582633 0.82227453 0.36488677 0.43978906 0.55556623
  0.26605038 0.18046879 0.80715059 0.00355111 0.73673699 0.
  0.81584238 0.9155688  0.45796198 0.37438586 0.07264873 0.57791783]
 [0.66848425 0.61723644 0.27144371 0.88245815 0.75775086 1.
  0.56500988 0.29508384 0.26704699 0.14652189 0.30651727 0.99954645
  0.22093227 0.29582633 0.82227453 0.36488677 0.43978906 0.55556623
  0.26605038 0.18046879 0.80715059 0.00355111 0.73673699 0.
  0.81584238 0.9155688  0.45796198 0.37438586 0.07264873 0.57791783]
 [0.66848425 0.61723644 0.27144371 0.88245815 0.75775086 1.
  0.56500988 0.29508384 0.26704699 0.14652189 0.30651727 0.99954645
  0.22093227 0.29582633 0.82227453 0.36488677 0.43978906 0.55556623
  0.26605038 0.18046879 0.80715059 0.00355111 0.73673699 0.
  0.81584238 0.9155688  0.45796198 0.37438586 0.07264873 0.57791783]
 [0.66848425 0.61723644 0.27144371 0.88245815 0.75775086 1.
  0.56500988 0.29508384 0.26704699 0.14652189 0.30651727 0.99954645
  0.22093227 0.29582633 0.82227453 0.36488677 0.43978906 0.55556623
  0.26605038 0.18046879 0.80715059 0.00355111 0.73673699 0.
  0.81584238 0.9155688  0.45796198 0.37438586 0.07264873 0.57791783]
 [0.66848425 0.61723644 0.27144371 0.88245815 0.75775086 1.
  0.56500988 0.29508384 0.26704699 0.14652189 0.30651727 0.99954645
  0.22093227 0.29582633 0.82227453 0.36488677 0.43978906 0.55556623
  0.26605038 0.18046879 0.80715059 0.00355111 0.73673699 0.
  0.81584238 0.9155688  0.45796198 0.37438586 0.07264873 0.57791783]
 [0.66848425 0.61723644 0.27144371 0.88245815 0.75775086 1.
  0.56500988 0.29508384 0.26704699 0.14652189 0.30651727 0.99954645
  0.22093227 0.29582633 0.82227453 0.36488677 0.43978906 0.55556623
  0.26605038 0.18046879 0.80715059 0.00355111 0.73673699 0.
  0.81584238 0.9155688  0.45796198 0.37438586 0.07264873 0.57791783]
 [0.66848425 0.61723644 0.27144371 0.88245815 0.75775086 1.
  0.56500988 0.29508384 0.26704699 0.14652189 0.30651727 0.99954645
  0.22093227 0.29582633 0.82227453 0.36488677 0.43978906 0.55556623
  0.26605038 0.18046879 0.80715059 0.00355111 0.73673699 0.
  0.81584238 0.9155688  0.45796198 0.37438586 0.07264873 0.57791783]
 [0.66848425 0.61723644 0.27144371 0.88245815 0.75775086 1.
  0.56500988 0.29508384 0.26704699 0.14652189 0.30651727 0.99954645
  0.22093227 0.29582633 0.82227453 0.36488677 0.43978906 0.55556623
  0.26605038 0.18046879 0.80715059 0.00355111 0.73673699 0.
  0.81584238 0.9155688  0.45796198 0.37438586 0.07264873 0.57791783]
 [0.66848425 0.61723644 0.27144371 0.88245815 0.75775086 1.
  0.56500988 0.29508384 0.26704699 0.14652189 0.30651727 0.99954645
  0.22093227 0.29582633 0.82227453 0.36488677 0.43978906 0.55556623
  0.26605038 0.18046879 0.80715059 0.00355111 0.73673699 0.
  0.81584238 0.9155688  0.45796198 0.37438586 0.07264873 0.57791783]
 [0.66848425 0.61723644 0.27144371 0.88245815 0.75775086 1.
  0.56500988 0.29508384 0.26704699 0.14652189 0.30651727 0.99954645
  0.22093227 0.29582633 0.82227453 0.36488677 0.43978906 0.55556623
  0.26605038 0.18046879 0.80715059 0.00355111 0.73673699 0.
  0.81584238 0.9155688  0.45796198 0.37438586 0.07264873 0.57791783]
 [0.66848425 0.61723644 0.27144371 0.88245815 0.75775086 1.
  0.56500988 0.29508384 0.26704699 0.14652189 0.30651727 0.99954645
  0.22093227 0.29582633 0.82227453 0.36488677 0.43978906 0.55556623
  0.26605038 0.18046879 0.80715059 0.00355111 0.73673699 0.
  0.81584238 0.9155688  0.45796198 0.37438586 0.07264873 0.57791783]
 [0.66848425 0.61723644 0.27144371 0.88245815 0.75775086 1.
  0.56500988 0.29508384 0.26704699 0.14652189 0.30651727 0.99954645
  0.22093227 0.29582633 0.82227453 0.36488677 0.43978906 0.55556623
  0.26605038 0.18046879 0.80715059 0.00355111 0.73673699 0.
  0.81584238 0.9155688  0.45796198 0.37438586 0.07264873 0.57791783]
 [0.66848425 0.61723644 0.27144371 0.88245815 0.75775086 1.
  0.56500988 0.29508384 0.26704699 0.14652189 0.30651727 0.99954645
  0.22093227 0.29582633 0.82227453 0.36488677 0.43978906 0.55556623
  0.26605038 0.18046879 0.80715059 0.00355111 0.73673699 0.
  0.81584238 0.9155688  0.45796198 0.37438586 0.07264873 0.57791783]]"
103,"[[0.88858098 0.80787771 0.85205816 0.08408409 0.91250905 0.49143377
  0.30006927 0.04641174 0.79864986 0.72103178 0.40936551 0.
  0.86795439 0.7291305  0.54882183 0.22449343 0.59361541 0.49546106
  0.35943555 0.91654396 0.54931489 0.18517024 0.51760684 0.55611722
  0.25184897 0.49508648 0.37540844 0.8684179  1.         0.77978687]
 [0.88858098 0.80787771 0.85205816 0.08408409 0.91250905 0.49143377
  0.30006927 0.04641174 0.79864986 0.72103178 0.40936551 0.
  0.86795439 0.7291305  0.54882183 0.22449343 0.59361541 0.49546106
  0.35943555 0.91654396 0.54931489 0.18517024 0.51760684 0.55611722
  0.25184897 0.49508648 0.37540844 0.8684179  1.         0.77978687]
 [0.88858098 0.80787771 0.85205816 0.08408409 0.91250905 0.49143377
  0.30006927 0.04641174 0.79864986 0.72103178 0.40936551 0.
  0.86795439 0.7291305  0.54882183 0.22449343 0.59361541 0.49546106
  0.35943555 0.91654396 0.54931489 0.18517024 0.51760684 0.55611722
  0.25184897 0.49508648 0.37540844 0.8684179  1.         0.77978687]
 [0.88858098 0.80787771 0.85205816 0.08408409 0.91250905 0.49143377
  0.30006927 0.04641174 0.79864986 0.72103178 0.40936551 0.
  0.86795439 0.7291305  0.54882183 0.22449343 0.59361541 0.49546106
  0.35943555 0.91654396 0.54931489 0.18517024 0.51760684 0.55611722
  0.25184897 0.49508648 0.37540844 0.8684179  1.         0.77978687]
 [0.88858098 0.80787771 0.85205816 0.08408409 0.91250905 0.49143377
  0.30006927 0.04641174 0.79864986 0.72103178 0.40936551 0.
  0.86795439 0.7291305  0.54882183 0.22449343 0.59361541 0.49546106
  0.35943555 0.91654396 0.54931489 0.18517024 0.51760684 0.55611722
  0.25184897 0.49508648 0.37540844 0.8684179  1.         0.77978687]
 [0.88858098 0.80787771 0.85205816 0.08408409 0.91250905 0.49143377
  0.30006927 0.04641174 0.79864986 0.72103178 0.40936551 0.
  0.86795439 0.7291305  0.54882183 0.22449343 0.59361541 0.49546106
  0.35943555 0.91654396 0.54931489 0.18517024 0.51760684 0.55611722
  0.25184897 0.49508648 0.37540844 0.8684179  1.         0.77978687]
 [0.88858098 0.80787771 0.85205816 0.08408409 0.91250905 0.49143377
  0.30006927 0.04641174 0.79864986 0.72103178 0.40936551 0.
  0.86795439 0.7291305  0.54882183 0.22449343 0.59361541 0.49546106
  0.35943555 0.91654396 0.54931489 0.18517024 0.51760684 0.55611722
  0.25184897 0.49508648 0.37540844 0.8684179  1.         0.77978687]
 [0.88858098 0.80787771 0.85205816 0.08408409 0.91250905 0.49143377
  0.30006927 0.04641174 0.79864986 0.72103178 0.40936551 0.
  0.86795439 0.7291305  0.54882183 0.22449343 0.59361541 0.49546106
  0.35943555 0.91654396 0.54931489 0.18517024 0.51760684 0.55611722
  0.25184897 0.49508648 0.37540844 0.8684179  1.         0.77978687]
 [0.88858098 0.80787771 0.85205816 0.08408409 0.91250905 0.49143377
  0.30006927 0.04641174 0.79864986 0.72103178 0.40936551 0.
  0.86795439 0.7291305  0.54882183 0.22449343 0.59361541 0.49546106
  0.35943555 0.91654396 0.54931489 0.18517024 0.51760684 0.55611722
  0.25184897 0.49508648 0.37540844 0.8684179  1.         0.77978687]
 [0.88858098 0.80787771 0.85205816 0.08408409 0.91250905 0.49143377
  0.30006927 0.04641174 0.79864986 0.72103178 0.40936551 0.
  0.86795439 0.7291305  0.54882183 0.22449343 0.59361541 0.49546106
  0.35943555 0.91654396 0.54931489 0.18517024 0.51760684 0.55611722
  0.25184897 0.49508648 0.37540844 0.8684179  1.         0.77978687]
 [0.88858098 0.80787771 0.85205816 0.08408409 0.91250905 0.49143377
  0.30006927 0.04641174 0.79864986 0.72103178 0.40936551 0.
  0.86795439 0.7291305  0.54882183 0.22449343 0.59361541 0.49546106
  0.35943555 0.91654396 0.54931489 0.18517024 0.51760684 0.55611722
  0.25184897 0.49508648 0.37540844 0.8684179  1.         0.77978687]
 [0.88858098 0.80787771 0.85205816 0.08408409 0.91250905 0.49143377
  0.30006927 0.04641174 0.79864986 0.72103178 0.40936551 0.
  0.86795439 0.7291305  0.54882183 0.22449343 0.59361541 0.49546106
  0.35943555 0.91654396 0.54931489 0.18517024 0.51760684 0.55611722
  0.25184897 0.49508648 0.37540844 0.8684179  1.         0.77978687]
 [0.88858098 0.80787771 0.85205816 0.08408409 0.91250905 0.49143377
  0.30006927 0.04641174 0.79864986 0.72103178 0.40936551 0.
  0.86795439 0.7291305  0.54882183 0.22449343 0.59361541 0.49546106
  0.35943555 0.91654396 0.54931489 0.18517024 0.51760684 0.55611722
  0.25184897 0.49508648 0.37540844 0.8684179  1.         0.77978687]
 [0.88858098 0.80787771 0.85205816 0.08408409 0.91250905 0.49143377
  0.30006927 0.04641174 0.79864986 0.72103178 0.40936551 0.
  0.86795439 0.7291305  0.54882183 0.22449343 0.59361541 0.49546106
  0.35943555 0.91654396 0.54931489 0.18517024 0.51760684 0.55611722
  0.25184897 0.49508648 0.37540844 0.8684179  1.         0.77978687]
 [0.88858098 0.80787771 0.85205816 0.08408409 0.91250905 0.49143377
  0.30006927 0.04641174 0.79864986 0.72103178 0.40936551 0.
  0.86795439 0.7291305  0.54882183 0.22449343 0.59361541 0.49546106
  0.35943555 0.91654396 0.54931489 0.18517024 0.51760684 0.55611722
  0.25184897 0.49508648 0.37540844 0.8684179  1.         0.77978687]
 [0.88858098 0.80787771 0.85205816 0.08408409 0.91250905 0.49143377
  0.30006927 0.04641174 0.79864986 0.72103178 0.40936551 0.
  0.86795439 0.7291305  0.54882183 0.22449343 0.59361541 0.49546106
  0.35943555 0.91654396 0.54931489 0.18517024 0.51760684 0.55611722
  0.25184897 0.49508648 0.37540844 0.8684179  1.         0.77978687]
 [0.88858098 0.80787771 0.85205816 0.08408409 0.91250905 0.49143377
  0.30006927 0.04641174 0.79864986 0.72103178 0.40936551 0.
  0.86795439 0.7291305  0.54882183 0.22449343 0.59361541 0.49546106
  0.35943555 0.91654396 0.54931489 0.18517024 0.51760684 0.55611722
  0.25184897 0.49508648 0.37540844 0.8684179  1.         0.77978687]
 [0.88858098 0.80787771 0.85205816 0.08408409 0.91250905 0.49143377
  0.30006927 0.04641174 0.79864986 0.72103178 0.40936551 0.
  0.86795439 0.7291305  0.54882183 0.22449343 0.59361541 0.49546106
  0.35943555 0.91654396 0.54931489 0.18517024 0.51760684 0.55611722
  0.25184897 0.49508648 0.37540844 0.8684179  1.         0.77978687]
 [0.88858098 0.80787771 0.85205816 0.08408409 0.91250905 0.49143377
  0.30006927 0.04641174 0.79864986 0.72103178 0.40936551 0.
  0.86795439 0.7291305  0.54882183 0.22449343 0.59361541 0.49546106
  0.35943555 0.91654396 0.54931489 0.18517024 0.51760684 0.55611722
  0.25184897 0.49508648 0.37540844 0.8684179  1.         0.77978687]
 [0.88858098 0.80787771 0.85205816 0.08408409 0.91250905 0.49143377
  0.30006927 0.04641174 0.79864986 0.72103178 0.40936551 0.
  0.86795439 0.7291305  0.54882183 0.22449343 0.59361541 0.49546106
  0.35943555 0.91654396 0.54931489 0.18517024 0.51760684 0.55611722
  0.25184897 0.49508648 0.37540844 0.8684179  1.         0.77978687]
 [0.88858098 0.80787771 0.85205816 0.08408409 0.91250905 0.49143377
  0.30006927 0.04641174 0.79864986 0.72103178 0.40936551 0.
  0.86795439 0.7291305  0.54882183 0.22449343 0.59361541 0.49546106
  0.35943555 0.91654396 0.54931489 0.18517024 0.51760684 0.55611722
  0.25184897 0.49508648 0.37540844 0.8684179  1.         0.77978687]
 [0.88858098 0.80787771 0.85205816 0.08408409 0.91250905 0.49143377
  0.30006927 0.04641174 0.79864986 0.72103178 0.40936551 0.
  0.86795439 0.7291305  0.54882183 0.22449343 0.59361541 0.49546106
  0.35943555 0.91654396 0.54931489 0.18517024 0.51760684 0.55611722
  0.25184897 0.49508648 0.37540844 0.8684179  1.         0.77978687]
 [0.88858098 0.80787771 0.85205816 0.08408409 0.91250905 0.49143377
  0.30006927 0.04641174 0.79864986 0.72103178 0.40936551 0.
  0.86795439 0.7291305  0.54882183 0.22449343 0.59361541 0.49546106
  0.35943555 0.91654396 0.54931489 0.18517024 0.51760684 0.55611722
  0.25184897 0.49508648 0.37540844 0.8684179  1.         0.77978687]
 [0.88858098 0.80787771 0.85205816 0.08408409 0.91250905 0.49143377
  0.30006927 0.04641174 0.79864986 0.72103178 0.40936551 0.
  0.86795439 0.7291305  0.54882183 0.22449343 0.59361541 0.49546106
  0.35943555 0.91654396 0.54931489 0.18517024 0.51760684 0.55611722
  0.25184897 0.49508648 0.37540844 0.8684179  1.         0.77978687]
 [0.88858098 0.80787771 0.85205816 0.08408409 0.91250905 0.49143377
  0.30006927 0.04641174 0.79864986 0.72103178 0.40936551 0.
  0.86795439 0.7291305  0.54882183 0.22449343 0.59361541 0.49546106
  0.35943555 0.91654396 0.54931489 0.18517024 0.51760684 0.55611722
  0.25184897 0.49508648 0.37540844 0.8684179  1.         0.77978687]
 [0.88858098 0.80787771 0.85205816 0.08408409 0.91250905 0.49143377
  0.30006927 0.04641174 0.79864986 0.72103178 0.40936551 0.
  0.86795439 0.7291305  0.54882183 0.22449343 0.59361541 0.49546106
  0.35943555 0.91654396 0.54931489 0.18517024 0.51760684 0.55611722
  0.25184897 0.49508648 0.37540844 0.8684179  1.         0.77978687]
 [0.88858098 0.80787771 0.85205816 0.08408409 0.91250905 0.49143377
  0.30006927 0.04641174 0.79864986 0.72103178 0.40936551 0.
  0.86795439 0.7291305  0.54882183 0.22449343 0.59361541 0.49546106
  0.35943555 0.91654396 0.54931489 0.18517024 0.51760684 0.55611722
  0.25184897 0.49508648 0.37540844 0.8684179  1.         0.77978687]
 [0.88858098 0.80787771 0.85205816 0.08408409 0.91250905 0.49143377
  0.30006927 0.04641174 0.79864986 0.72103178 0.40936551 0.
  0.86795439 0.7291305  0.54882183 0.22449343 0.59361541 0.49546106
  0.35943555 0.91654396 0.54931489 0.18517024 0.51760684 0.55611722
  0.25184897 0.49508648 0.37540844 0.8684179  1.         0.77978687]
 [0.88858098 0.80787771 0.85205816 0.08408409 0.91250905 0.49143377
  0.30006927 0.04641174 0.79864986 0.72103178 0.40936551 0.
  0.86795439 0.7291305  0.54882183 0.22449343 0.59361541 0.49546106
  0.35943555 0.91654396 0.54931489 0.18517024 0.51760684 0.55611722
  0.25184897 0.49508648 0.37540844 0.8684179  1.         0.77978687]
 [0.88858098 0.80787771 0.85205816 0.08408409 0.91250905 0.49143377
  0.30006927 0.04641174 0.79864986 0.72103178 0.40936551 0.
  0.86795439 0.7291305  0.54882183 0.22449343 0.59361541 0.49546106
  0.35943555 0.91654396 0.54931489 0.18517024 0.51760684 0.55611722
  0.25184897 0.49508648 0.37540844 0.8684179  1.         0.77978687]]"
104,"[[0.20638557 0.57021241 0.3600487  0.70704682 0.54191461 0.5156762
  0.         0.85188847 0.58868965 0.54273543 0.08600122 0.96815789
  0.13326059 0.40916173 0.69312698 0.28033016 0.6612647  0.08428369
  0.72576201 0.61489429 0.63158965 1.         0.06769061 0.1444415
  0.92772603 0.90727309 0.11241374 0.90901615 0.56223512 0.94475793]
 [0.20638557 0.57021241 0.3600487  0.70704682 0.54191461 0.5156762
  0.         0.85188847 0.58868965 0.54273543 0.08600122 0.96815789
  0.13326059 0.40916173 0.69312698 0.28033016 0.6612647  0.08428369
  0.72576201 0.61489429 0.63158965 1.         0.06769061 0.1444415
  0.92772603 0.90727309 0.11241374 0.90901615 0.56223512 0.94475793]
 [0.20638557 0.57021241 0.3600487  0.70704682 0.54191461 0.5156762
  0.         0.85188847 0.58868965 0.54273543 0.08600122 0.96815789
  0.13326059 0.40916173 0.69312698 0.28033016 0.6612647  0.08428369
  0.72576201 0.61489429 0.63158965 1.         0.06769061 0.1444415
  0.92772603 0.90727309 0.11241374 0.90901615 0.56223512 0.94475793]
 [0.20638557 0.57021241 0.3600487  0.70704682 0.54191461 0.5156762
  0.         0.85188847 0.58868965 0.54273543 0.08600122 0.96815789
  0.13326059 0.40916173 0.69312698 0.28033016 0.6612647  0.08428369
  0.72576201 0.61489429 0.63158965 1.         0.06769061 0.1444415
  0.92772603 0.90727309 0.11241374 0.90901615 0.56223512 0.94475793]
 [0.20638557 0.57021241 0.3600487  0.70704682 0.54191461 0.5156762
  0.         0.85188847 0.58868965 0.54273543 0.08600122 0.96815789
  0.13326059 0.40916173 0.69312698 0.28033016 0.6612647  0.08428369
  0.72576201 0.61489429 0.63158965 1.         0.06769061 0.1444415
  0.92772603 0.90727309 0.11241374 0.90901615 0.56223512 0.94475793]
 [0.20638557 0.57021241 0.3600487  0.70704682 0.54191461 0.5156762
  0.         0.85188847 0.58868965 0.54273543 0.08600122 0.96815789
  0.13326059 0.40916173 0.69312698 0.28033016 0.6612647  0.08428369
  0.72576201 0.61489429 0.63158965 1.         0.06769061 0.1444415
  0.92772603 0.90727309 0.11241374 0.90901615 0.56223512 0.94475793]
 [0.20638557 0.57021241 0.3600487  0.70704682 0.54191461 0.5156762
  0.         0.85188847 0.58868965 0.54273543 0.08600122 0.96815789
  0.13326059 0.40916173 0.69312698 0.28033016 0.6612647  0.08428369
  0.72576201 0.61489429 0.63158965 1.         0.06769061 0.1444415
  0.92772603 0.90727309 0.11241374 0.90901615 0.56223512 0.94475793]
 [0.20638557 0.57021241 0.3600487  0.70704682 0.54191461 0.5156762
  0.         0.85188847 0.58868965 0.54273543 0.08600122 0.96815789
  0.13326059 0.40916173 0.69312698 0.28033016 0.6612647  0.08428369
  0.72576201 0.61489429 0.63158965 1.         0.06769061 0.1444415
  0.92772603 0.90727309 0.11241374 0.90901615 0.56223512 0.94475793]
 [0.20638557 0.57021241 0.3600487  0.70704682 0.54191461 0.5156762
  0.         0.85188847 0.58868965 0.54273543 0.08600122 0.96815789
  0.13326059 0.40916173 0.69312698 0.28033016 0.6612647  0.08428369
  0.72576201 0.61489429 0.63158965 1.         0.06769061 0.1444415
  0.92772603 0.90727309 0.11241374 0.90901615 0.56223512 0.94475793]
 [0.20638557 0.57021241 0.3600487  0.70704682 0.54191461 0.5156762
  0.         0.85188847 0.58868965 0.54273543 0.08600122 0.96815789
  0.13326059 0.40916173 0.69312698 0.28033016 0.6612647  0.08428369
  0.72576201 0.61489429 0.63158965 1.         0.06769061 0.1444415
  0.92772603 0.90727309 0.11241374 0.90901615 0.56223512 0.94475793]
 [0.20638557 0.57021241 0.3600487  0.70704682 0.54191461 0.5156762
  0.         0.85188847 0.58868965 0.54273543 0.08600122 0.96815789
  0.13326059 0.40916173 0.69312698 0.28033016 0.6612647  0.08428369
  0.72576201 0.61489429 0.63158965 1.         0.06769061 0.1444415
  0.92772603 0.90727309 0.11241374 0.90901615 0.56223512 0.94475793]
 [0.20638557 0.57021241 0.3600487  0.70704682 0.54191461 0.5156762
  0.         0.85188847 0.58868965 0.54273543 0.08600122 0.96815789
  0.13326059 0.40916173 0.69312698 0.28033016 0.6612647  0.08428369
  0.72576201 0.61489429 0.63158965 1.         0.06769061 0.1444415
  0.92772603 0.90727309 0.11241374 0.90901615 0.56223512 0.94475793]
 [0.20638557 0.57021241 0.3600487  0.70704682 0.54191461 0.5156762
  0.         0.85188847 0.58868965 0.54273543 0.08600122 0.96815789
  0.13326059 0.40916173 0.69312698 0.28033016 0.6612647  0.08428369
  0.72576201 0.61489429 0.63158965 1.         0.06769061 0.1444415
  0.92772603 0.90727309 0.11241374 0.90901615 0.56223512 0.94475793]
 [0.20638557 0.57021241 0.3600487  0.70704682 0.54191461 0.5156762
  0.         0.85188847 0.58868965 0.54273543 0.08600122 0.96815789
  0.13326059 0.40916173 0.69312698 0.28033016 0.6612647  0.08428369
  0.72576201 0.61489429 0.63158965 1.         0.06769061 0.1444415
  0.92772603 0.90727309 0.11241374 0.90901615 0.56223512 0.94475793]
 [0.20638557 0.57021241 0.3600487  0.70704682 0.54191461 0.5156762
  0.         0.85188847 0.58868965 0.54273543 0.08600122 0.96815789
  0.13326059 0.40916173 0.69312698 0.28033016 0.6612647  0.08428369
  0.72576201 0.61489429 0.63158965 1.         0.06769061 0.1444415
  0.92772603 0.90727309 0.11241374 0.90901615 0.56223512 0.94475793]
 [0.20638557 0.57021241 0.3600487  0.70704682 0.54191461 0.5156762
  0.         0.85188847 0.58868965 0.54273543 0.08600122 0.96815789
  0.13326059 0.40916173 0.69312698 0.28033016 0.6612647  0.08428369
  0.72576201 0.61489429 0.63158965 1.         0.06769061 0.1444415
  0.92772603 0.90727309 0.11241374 0.90901615 0.56223512 0.94475793]
 [0.20638557 0.57021241 0.3600487  0.70704682 0.54191461 0.5156762
  0.         0.85188847 0.58868965 0.54273543 0.08600122 0.96815789
  0.13326059 0.40916173 0.69312698 0.28033016 0.6612647  0.08428369
  0.72576201 0.61489429 0.63158965 1.         0.06769061 0.1444415
  0.92772603 0.90727309 0.11241374 0.90901615 0.56223512 0.94475793]
 [0.20638557 0.57021241 0.3600487  0.70704682 0.54191461 0.5156762
  0.         0.85188847 0.58868965 0.54273543 0.08600122 0.96815789
  0.13326059 0.40916173 0.69312698 0.28033016 0.6612647  0.08428369
  0.72576201 0.61489429 0.63158965 1.         0.06769061 0.1444415
  0.92772603 0.90727309 0.11241374 0.90901615 0.56223512 0.94475793]
 [0.20638557 0.57021241 0.3600487  0.70704682 0.54191461 0.5156762
  0.         0.85188847 0.58868965 0.54273543 0.08600122 0.96815789
  0.13326059 0.40916173 0.69312698 0.28033016 0.6612647  0.08428369
  0.72576201 0.61489429 0.63158965 1.         0.06769061 0.1444415
  0.92772603 0.90727309 0.11241374 0.90901615 0.56223512 0.94475793]
 [0.20638557 0.57021241 0.3600487  0.70704682 0.54191461 0.5156762
  0.         0.85188847 0.58868965 0.54273543 0.08600122 0.96815789
  0.13326059 0.40916173 0.69312698 0.28033016 0.6612647  0.08428369
  0.72576201 0.61489429 0.63158965 1.         0.06769061 0.1444415
  0.92772603 0.90727309 0.11241374 0.90901615 0.56223512 0.94475793]
 [0.20638557 0.57021241 0.3600487  0.70704682 0.54191461 0.5156762
  0.         0.85188847 0.58868965 0.54273543 0.08600122 0.96815789
  0.13326059 0.40916173 0.69312698 0.28033016 0.6612647  0.08428369
  0.72576201 0.61489429 0.63158965 1.         0.06769061 0.1444415
  0.92772603 0.90727309 0.11241374 0.90901615 0.56223512 0.94475793]
 [0.20638557 0.57021241 0.3600487  0.70704682 0.54191461 0.5156762
  0.         0.85188847 0.58868965 0.54273543 0.08600122 0.96815789
  0.13326059 0.40916173 0.69312698 0.28033016 0.6612647  0.08428369
  0.72576201 0.61489429 0.63158965 1.         0.06769061 0.1444415
  0.92772603 0.90727309 0.11241374 0.90901615 0.56223512 0.94475793]
 [0.20638557 0.57021241 0.3600487  0.70704682 0.54191461 0.5156762
  0.         0.85188847 0.58868965 0.54273543 0.08600122 0.96815789
  0.13326059 0.40916173 0.69312698 0.28033016 0.6612647  0.08428369
  0.72576201 0.61489429 0.63158965 1.         0.06769061 0.1444415
  0.92772603 0.90727309 0.11241374 0.90901615 0.56223512 0.94475793]
 [0.20638557 0.57021241 0.3600487  0.70704682 0.54191461 0.5156762
  0.         0.85188847 0.58868965 0.54273543 0.08600122 0.96815789
  0.13326059 0.40916173 0.69312698 0.28033016 0.6612647  0.08428369
  0.72576201 0.61489429 0.63158965 1.         0.06769061 0.1444415
  0.92772603 0.90727309 0.11241374 0.90901615 0.56223512 0.94475793]
 [0.20638557 0.57021241 0.3600487  0.70704682 0.54191461 0.5156762
  0.         0.85188847 0.58868965 0.54273543 0.08600122 0.96815789
  0.13326059 0.40916173 0.69312698 0.28033016 0.6612647  0.08428369
  0.72576201 0.61489429 0.63158965 1.         0.06769061 0.1444415
  0.92772603 0.90727309 0.11241374 0.90901615 0.56223512 0.94475793]
 [0.20638557 0.57021241 0.3600487  0.70704682 0.54191461 0.5156762
  0.         0.85188847 0.58868965 0.54273543 0.08600122 0.96815789
  0.13326059 0.40916173 0.69312698 0.28033016 0.6612647  0.08428369
  0.72576201 0.61489429 0.63158965 1.         0.06769061 0.1444415
  0.92772603 0.90727309 0.11241374 0.90901615 0.56223512 0.94475793]
 [0.20638557 0.57021241 0.3600487  0.70704682 0.54191461 0.5156762
  0.         0.85188847 0.58868965 0.54273543 0.08600122 0.96815789
  0.13326059 0.40916173 0.69312698 0.28033016 0.6612647  0.08428369
  0.72576201 0.61489429 0.63158965 1.         0.06769061 0.1444415
  0.92772603 0.90727309 0.11241374 0.90901615 0.56223512 0.94475793]
 [0.20638557 0.57021241 0.3600487  0.70704682 0.54191461 0.5156762
  0.         0.85188847 0.58868965 0.54273543 0.08600122 0.96815789
  0.13326059 0.40916173 0.69312698 0.28033016 0.6612647  0.08428369
  0.72576201 0.61489429 0.63158965 1.         0.06769061 0.1444415
  0.92772603 0.90727309 0.11241374 0.90901615 0.56223512 0.94475793]
 [0.20638557 0.57021241 0.3600487  0.70704682 0.54191461 0.5156762
  0.         0.85188847 0.58868965 0.54273543 0.08600122 0.96815789
  0.13326059 0.40916173 0.69312698 0.28033016 0.6612647  0.08428369
  0.72576201 0.61489429 0.63158965 1.         0.06769061 0.1444415
  0.92772603 0.90727309 0.11241374 0.90901615 0.56223512 0.94475793]
 [0.20638557 0.57021241 0.3600487  0.70704682 0.54191461 0.5156762
  0.         0.85188847 0.58868965 0.54273543 0.08600122 0.96815789
  0.13326059 0.40916173 0.69312698 0.28033016 0.6612647  0.08428369
  0.72576201 0.61489429 0.63158965 1.         0.06769061 0.1444415
  0.92772603 0.90727309 0.11241374 0.90901615 0.56223512 0.94475793]]"
105,"[[0.09820512 0.64843509 0.88700513 0.90150483 0.00208829 0.05766109
  0.22510189 0.45751117 0.7143699  0.63846901 0.8464821  0.16949615
  0.41073233 0.33578787 0.76438925 0.51371732 0.94890921 0.36772263
  0.         0.62295119 0.7509577  0.41959414 0.63567322 1.
  0.96132413 0.61850029 0.71477589 0.08678244 0.35064984 0.49989071]
 [0.09820512 0.64843509 0.88700513 0.90150483 0.00208829 0.05766109
  0.22510189 0.45751117 0.7143699  0.63846901 0.8464821  0.16949615
  0.41073233 0.33578787 0.76438925 0.51371732 0.94890921 0.36772263
  0.         0.62295119 0.7509577  0.41959414 0.63567322 1.
  0.96132413 0.61850029 0.71477589 0.08678244 0.35064984 0.49989071]
 [0.09820512 0.64843509 0.88700513 0.90150483 0.00208829 0.05766109
  0.22510189 0.45751117 0.7143699  0.63846901 0.8464821  0.16949615
  0.41073233 0.33578787 0.76438925 0.51371732 0.94890921 0.36772263
  0.         0.62295119 0.7509577  0.41959414 0.63567322 1.
  0.96132413 0.61850029 0.71477589 0.08678244 0.35064984 0.49989071]
 [0.09820512 0.64843509 0.88700513 0.90150483 0.00208829 0.05766109
  0.22510189 0.45751117 0.7143699  0.63846901 0.8464821  0.16949615
  0.41073233 0.33578787 0.76438925 0.51371732 0.94890921 0.36772263
  0.         0.62295119 0.7509577  0.41959414 0.63567322 1.
  0.96132413 0.61850029 0.71477589 0.08678244 0.35064984 0.49989071]
 [0.09820512 0.64843509 0.88700513 0.90150483 0.00208829 0.05766109
  0.22510189 0.45751117 0.7143699  0.63846901 0.8464821  0.16949615
  0.41073233 0.33578787 0.76438925 0.51371732 0.94890921 0.36772263
  0.         0.62295119 0.7509577  0.41959414 0.63567322 1.
  0.96132413 0.61850029 0.71477589 0.08678244 0.35064984 0.49989071]
 [0.09820512 0.64843509 0.88700513 0.90150483 0.00208829 0.05766109
  0.22510189 0.45751117 0.7143699  0.63846901 0.8464821  0.16949615
  0.41073233 0.33578787 0.76438925 0.51371732 0.94890921 0.36772263
  0.         0.62295119 0.7509577  0.41959414 0.63567322 1.
  0.96132413 0.61850029 0.71477589 0.08678244 0.35064984 0.49989071]
 [0.09820512 0.64843509 0.88700513 0.90150483 0.00208829 0.05766109
  0.22510189 0.45751117 0.7143699  0.63846901 0.8464821  0.16949615
  0.41073233 0.33578787 0.76438925 0.51371732 0.94890921 0.36772263
  0.         0.62295119 0.7509577  0.41959414 0.63567322 1.
  0.96132413 0.61850029 0.71477589 0.08678244 0.35064984 0.49989071]
 [0.09820512 0.64843509 0.88700513 0.90150483 0.00208829 0.05766109
  0.22510189 0.45751117 0.7143699  0.63846901 0.8464821  0.16949615
  0.41073233 0.33578787 0.76438925 0.51371732 0.94890921 0.36772263
  0.         0.62295119 0.7509577  0.41959414 0.63567322 1.
  0.96132413 0.61850029 0.71477589 0.08678244 0.35064984 0.49989071]
 [0.09820512 0.64843509 0.88700513 0.90150483 0.00208829 0.05766109
  0.22510189 0.45751117 0.7143699  0.63846901 0.8464821  0.16949615
  0.41073233 0.33578787 0.76438925 0.51371732 0.94890921 0.36772263
  0.         0.62295119 0.7509577  0.41959414 0.63567322 1.
  0.96132413 0.61850029 0.71477589 0.08678244 0.35064984 0.49989071]
 [0.09820512 0.64843509 0.88700513 0.90150483 0.00208829 0.05766109
  0.22510189 0.45751117 0.7143699  0.63846901 0.8464821  0.16949615
  0.41073233 0.33578787 0.76438925 0.51371732 0.94890921 0.36772263
  0.         0.62295119 0.7509577  0.41959414 0.63567322 1.
  0.96132413 0.61850029 0.71477589 0.08678244 0.35064984 0.49989071]
 [0.09820512 0.64843509 0.88700513 0.90150483 0.00208829 0.05766109
  0.22510189 0.45751117 0.7143699  0.63846901 0.8464821  0.16949615
  0.41073233 0.33578787 0.76438925 0.51371732 0.94890921 0.36772263
  0.         0.62295119 0.7509577  0.41959414 0.63567322 1.
  0.96132413 0.61850029 0.71477589 0.08678244 0.35064984 0.49989071]
 [0.09820512 0.64843509 0.88700513 0.90150483 0.00208829 0.05766109
  0.22510189 0.45751117 0.7143699  0.63846901 0.8464821  0.16949615
  0.41073233 0.33578787 0.76438925 0.51371732 0.94890921 0.36772263
  0.         0.62295119 0.7509577  0.41959414 0.63567322 1.
  0.96132413 0.61850029 0.71477589 0.08678244 0.35064984 0.49989071]
 [0.09820512 0.64843509 0.88700513 0.90150483 0.00208829 0.05766109
  0.22510189 0.45751117 0.7143699  0.63846901 0.8464821  0.16949615
  0.41073233 0.33578787 0.76438925 0.51371732 0.94890921 0.36772263
  0.         0.62295119 0.7509577  0.41959414 0.63567322 1.
  0.96132413 0.61850029 0.71477589 0.08678244 0.35064984 0.49989071]
 [0.09820512 0.64843509 0.88700513 0.90150483 0.00208829 0.05766109
  0.22510189 0.45751117 0.7143699  0.63846901 0.8464821  0.16949615
  0.41073233 0.33578787 0.76438925 0.51371732 0.94890921 0.36772263
  0.         0.62295119 0.7509577  0.41959414 0.63567322 1.
  0.96132413 0.61850029 0.71477589 0.08678244 0.35064984 0.49989071]
 [0.09820512 0.64843509 0.88700513 0.90150483 0.00208829 0.05766109
  0.22510189 0.45751117 0.7143699  0.63846901 0.8464821  0.16949615
  0.41073233 0.33578787 0.76438925 0.51371732 0.94890921 0.36772263
  0.         0.62295119 0.7509577  0.41959414 0.63567322 1.
  0.96132413 0.61850029 0.71477589 0.08678244 0.35064984 0.49989071]
 [0.09820512 0.64843509 0.88700513 0.90150483 0.00208829 0.05766109
  0.22510189 0.45751117 0.7143699  0.63846901 0.8464821  0.16949615
  0.41073233 0.33578787 0.76438925 0.51371732 0.94890921 0.36772263
  0.         0.62295119 0.7509577  0.41959414 0.63567322 1.
  0.96132413 0.61850029 0.71477589 0.08678244 0.35064984 0.49989071]
 [0.09820512 0.64843509 0.88700513 0.90150483 0.00208829 0.05766109
  0.22510189 0.45751117 0.7143699  0.63846901 0.8464821  0.16949615
  0.41073233 0.33578787 0.76438925 0.51371732 0.94890921 0.36772263
  0.         0.62295119 0.7509577  0.41959414 0.63567322 1.
  0.96132413 0.61850029 0.71477589 0.08678244 0.35064984 0.49989071]
 [0.09820512 0.64843509 0.88700513 0.90150483 0.00208829 0.05766109
  0.22510189 0.45751117 0.7143699  0.63846901 0.8464821  0.16949615
  0.41073233 0.33578787 0.76438925 0.51371732 0.94890921 0.36772263
  0.         0.62295119 0.7509577  0.41959414 0.63567322 1.
  0.96132413 0.61850029 0.71477589 0.08678244 0.35064984 0.49989071]
 [0.09820512 0.64843509 0.88700513 0.90150483 0.00208829 0.05766109
  0.22510189 0.45751117 0.7143699  0.63846901 0.8464821  0.16949615
  0.41073233 0.33578787 0.76438925 0.51371732 0.94890921 0.36772263
  0.         0.62295119 0.7509577  0.41959414 0.63567322 1.
  0.96132413 0.61850029 0.71477589 0.08678244 0.35064984 0.49989071]
 [0.09820512 0.64843509 0.88700513 0.90150483 0.00208829 0.05766109
  0.22510189 0.45751117 0.7143699  0.63846901 0.8464821  0.16949615
  0.41073233 0.33578787 0.76438925 0.51371732 0.94890921 0.36772263
  0.         0.62295119 0.7509577  0.41959414 0.63567322 1.
  0.96132413 0.61850029 0.71477589 0.08678244 0.35064984 0.49989071]
 [0.09820512 0.64843509 0.88700513 0.90150483 0.00208829 0.05766109
  0.22510189 0.45751117 0.7143699  0.63846901 0.8464821  0.16949615
  0.41073233 0.33578787 0.76438925 0.51371732 0.94890921 0.36772263
  0.         0.62295119 0.7509577  0.41959414 0.63567322 1.
  0.96132413 0.61850029 0.71477589 0.08678244 0.35064984 0.49989071]
 [0.09820512 0.64843509 0.88700513 0.90150483 0.00208829 0.05766109
  0.22510189 0.45751117 0.7143699  0.63846901 0.8464821  0.16949615
  0.41073233 0.33578787 0.76438925 0.51371732 0.94890921 0.36772263
  0.         0.62295119 0.7509577  0.41959414 0.63567322 1.
  0.96132413 0.61850029 0.71477589 0.08678244 0.35064984 0.49989071]
 [0.09820512 0.64843509 0.88700513 0.90150483 0.00208829 0.05766109
  0.22510189 0.45751117 0.7143699  0.63846901 0.8464821  0.16949615
  0.41073233 0.33578787 0.76438925 0.51371732 0.94890921 0.36772263
  0.         0.62295119 0.7509577  0.41959414 0.63567322 1.
  0.96132413 0.61850029 0.71477589 0.08678244 0.35064984 0.49989071]
 [0.09820512 0.64843509 0.88700513 0.90150483 0.00208829 0.05766109
  0.22510189 0.45751117 0.7143699  0.63846901 0.8464821  0.16949615
  0.41073233 0.33578787 0.76438925 0.51371732 0.94890921 0.36772263
  0.         0.62295119 0.7509577  0.41959414 0.63567322 1.
  0.96132413 0.61850029 0.71477589 0.08678244 0.35064984 0.49989071]
 [0.09820512 0.64843509 0.88700513 0.90150483 0.00208829 0.05766109
  0.22510189 0.45751117 0.7143699  0.63846901 0.8464821  0.16949615
  0.41073233 0.33578787 0.76438925 0.51371732 0.94890921 0.36772263
  0.         0.62295119 0.7509577  0.41959414 0.63567322 1.
  0.96132413 0.61850029 0.71477589 0.08678244 0.35064984 0.49989071]
 [0.09820512 0.64843509 0.88700513 0.90150483 0.00208829 0.05766109
  0.22510189 0.45751117 0.7143699  0.63846901 0.8464821  0.16949615
  0.41073233 0.33578787 0.76438925 0.51371732 0.94890921 0.36772263
  0.         0.62295119 0.7509577  0.41959414 0.63567322 1.
  0.96132413 0.61850029 0.71477589 0.08678244 0.35064984 0.49989071]
 [0.09820512 0.64843509 0.88700513 0.90150483 0.00208829 0.05766109
  0.22510189 0.45751117 0.7143699  0.63846901 0.8464821  0.16949615
  0.41073233 0.33578787 0.76438925 0.51371732 0.94890921 0.36772263
  0.         0.62295119 0.7509577  0.41959414 0.63567322 1.
  0.96132413 0.61850029 0.71477589 0.08678244 0.35064984 0.49989071]
 [0.09820512 0.64843509 0.88700513 0.90150483 0.00208829 0.05766109
  0.22510189 0.45751117 0.7143699  0.63846901 0.8464821  0.16949615
  0.41073233 0.33578787 0.76438925 0.51371732 0.94890921 0.36772263
  0.         0.62295119 0.7509577  0.41959414 0.63567322 1.
  0.96132413 0.61850029 0.71477589 0.08678244 0.35064984 0.49989071]
 [0.09820512 0.64843509 0.88700513 0.90150483 0.00208829 0.05766109
  0.22510189 0.45751117 0.7143699  0.63846901 0.8464821  0.16949615
  0.41073233 0.33578787 0.76438925 0.51371732 0.94890921 0.36772263
  0.         0.62295119 0.7509577  0.41959414 0.63567322 1.
  0.96132413 0.61850029 0.71477589 0.08678244 0.35064984 0.49989071]
 [0.09820512 0.64843509 0.88700513 0.90150483 0.00208829 0.05766109
  0.22510189 0.45751117 0.7143699  0.63846901 0.8464821  0.16949615
  0.41073233 0.33578787 0.76438925 0.51371732 0.94890921 0.36772263
  0.         0.62295119 0.7509577  0.41959414 0.63567322 1.
  0.96132413 0.61850029 0.71477589 0.08678244 0.35064984 0.49989071]]"
106,"[[1.         0.45934846 0.62161382 0.969373   0.38445506 0.06745813
  0.57275612 0.34585891 0.72965966 0.75444224 0.32248705 0.62353658
  0.8201029  0.28373673 0.58521244 0.         0.466534   0.67427962
  0.44803668 0.06843949 0.7903656  0.13171954 0.01536085 0.48833827
  0.11080395 0.87196627 0.7091471  0.10450684 0.33326295 0.1678822 ]
 [1.         0.45934846 0.62161382 0.969373   0.38445506 0.06745813
  0.57275612 0.34585891 0.72965966 0.75444224 0.32248705 0.62353658
  0.8201029  0.28373673 0.58521244 0.         0.466534   0.67427962
  0.44803668 0.06843949 0.7903656  0.13171954 0.01536085 0.48833827
  0.11080395 0.87196627 0.7091471  0.10450684 0.33326295 0.1678822 ]
 [1.         0.45934846 0.62161382 0.969373   0.38445506 0.06745813
  0.57275612 0.34585891 0.72965966 0.75444224 0.32248705 0.62353658
  0.8201029  0.28373673 0.58521244 0.         0.466534   0.67427962
  0.44803668 0.06843949 0.7903656  0.13171954 0.01536085 0.48833827
  0.11080395 0.87196627 0.7091471  0.10450684 0.33326295 0.1678822 ]
 [1.         0.45934846 0.62161382 0.969373   0.38445506 0.06745813
  0.57275612 0.34585891 0.72965966 0.75444224 0.32248705 0.62353658
  0.8201029  0.28373673 0.58521244 0.         0.466534   0.67427962
  0.44803668 0.06843949 0.7903656  0.13171954 0.01536085 0.48833827
  0.11080395 0.87196627 0.7091471  0.10450684 0.33326295 0.1678822 ]
 [1.         0.45934846 0.62161382 0.969373   0.38445506 0.06745813
  0.57275612 0.34585891 0.72965966 0.75444224 0.32248705 0.62353658
  0.8201029  0.28373673 0.58521244 0.         0.466534   0.67427962
  0.44803668 0.06843949 0.7903656  0.13171954 0.01536085 0.48833827
  0.11080395 0.87196627 0.7091471  0.10450684 0.33326295 0.1678822 ]
 [1.         0.45934846 0.62161382 0.969373   0.38445506 0.06745813
  0.57275612 0.34585891 0.72965966 0.75444224 0.32248705 0.62353658
  0.8201029  0.28373673 0.58521244 0.         0.466534   0.67427962
  0.44803668 0.06843949 0.7903656  0.13171954 0.01536085 0.48833827
  0.11080395 0.87196627 0.7091471  0.10450684 0.33326295 0.1678822 ]
 [1.         0.45934846 0.62161382 0.969373   0.38445506 0.06745813
  0.57275612 0.34585891 0.72965966 0.75444224 0.32248705 0.62353658
  0.8201029  0.28373673 0.58521244 0.         0.466534   0.67427962
  0.44803668 0.06843949 0.7903656  0.13171954 0.01536085 0.48833827
  0.11080395 0.87196627 0.7091471  0.10450684 0.33326295 0.1678822 ]
 [1.         0.45934846 0.62161382 0.969373   0.38445506 0.06745813
  0.57275612 0.34585891 0.72965966 0.75444224 0.32248705 0.62353658
  0.8201029  0.28373673 0.58521244 0.         0.466534   0.67427962
  0.44803668 0.06843949 0.7903656  0.13171954 0.01536085 0.48833827
  0.11080395 0.87196627 0.7091471  0.10450684 0.33326295 0.1678822 ]
 [1.         0.45934846 0.62161382 0.969373   0.38445506 0.06745813
  0.57275612 0.34585891 0.72965966 0.75444224 0.32248705 0.62353658
  0.8201029  0.28373673 0.58521244 0.         0.466534   0.67427962
  0.44803668 0.06843949 0.7903656  0.13171954 0.01536085 0.48833827
  0.11080395 0.87196627 0.7091471  0.10450684 0.33326295 0.1678822 ]
 [1.         0.45934846 0.62161382 0.969373   0.38445506 0.06745813
  0.57275612 0.34585891 0.72965966 0.75444224 0.32248705 0.62353658
  0.8201029  0.28373673 0.58521244 0.         0.466534   0.67427962
  0.44803668 0.06843949 0.7903656  0.13171954 0.01536085 0.48833827
  0.11080395 0.87196627 0.7091471  0.10450684 0.33326295 0.1678822 ]
 [1.         0.45934846 0.62161382 0.969373   0.38445506 0.06745813
  0.57275612 0.34585891 0.72965966 0.75444224 0.32248705 0.62353658
  0.8201029  0.28373673 0.58521244 0.         0.466534   0.67427962
  0.44803668 0.06843949 0.7903656  0.13171954 0.01536085 0.48833827
  0.11080395 0.87196627 0.7091471  0.10450684 0.33326295 0.1678822 ]
 [1.         0.45934846 0.62161382 0.969373   0.38445506 0.06745813
  0.57275612 0.34585891 0.72965966 0.75444224 0.32248705 0.62353658
  0.8201029  0.28373673 0.58521244 0.         0.466534   0.67427962
  0.44803668 0.06843949 0.7903656  0.13171954 0.01536085 0.48833827
  0.11080395 0.87196627 0.7091471  0.10450684 0.33326295 0.1678822 ]
 [1.         0.45934846 0.62161382 0.969373   0.38445506 0.06745813
  0.57275612 0.34585891 0.72965966 0.75444224 0.32248705 0.62353658
  0.8201029  0.28373673 0.58521244 0.         0.466534   0.67427962
  0.44803668 0.06843949 0.7903656  0.13171954 0.01536085 0.48833827
  0.11080395 0.87196627 0.7091471  0.10450684 0.33326295 0.1678822 ]
 [1.         0.45934846 0.62161382 0.969373   0.38445506 0.06745813
  0.57275612 0.34585891 0.72965966 0.75444224 0.32248705 0.62353658
  0.8201029  0.28373673 0.58521244 0.         0.466534   0.67427962
  0.44803668 0.06843949 0.7903656  0.13171954 0.01536085 0.48833827
  0.11080395 0.87196627 0.7091471  0.10450684 0.33326295 0.1678822 ]
 [1.         0.45934846 0.62161382 0.969373   0.38445506 0.06745813
  0.57275612 0.34585891 0.72965966 0.75444224 0.32248705 0.62353658
  0.8201029  0.28373673 0.58521244 0.         0.466534   0.67427962
  0.44803668 0.06843949 0.7903656  0.13171954 0.01536085 0.48833827
  0.11080395 0.87196627 0.7091471  0.10450684 0.33326295 0.1678822 ]
 [1.         0.45934846 0.62161382 0.969373   0.38445506 0.06745813
  0.57275612 0.34585891 0.72965966 0.75444224 0.32248705 0.62353658
  0.8201029  0.28373673 0.58521244 0.         0.466534   0.67427962
  0.44803668 0.06843949 0.7903656  0.13171954 0.01536085 0.48833827
  0.11080395 0.87196627 0.7091471  0.10450684 0.33326295 0.1678822 ]
 [1.         0.45934846 0.62161382 0.969373   0.38445506 0.06745813
  0.57275612 0.34585891 0.72965966 0.75444224 0.32248705 0.62353658
  0.8201029  0.28373673 0.58521244 0.         0.466534   0.67427962
  0.44803668 0.06843949 0.7903656  0.13171954 0.01536085 0.48833827
  0.11080395 0.87196627 0.7091471  0.10450684 0.33326295 0.1678822 ]
 [1.         0.45934846 0.62161382 0.969373   0.38445506 0.06745813
  0.57275612 0.34585891 0.72965966 0.75444224 0.32248705 0.62353658
  0.8201029  0.28373673 0.58521244 0.         0.466534   0.67427962
  0.44803668 0.06843949 0.7903656  0.13171954 0.01536085 0.48833827
  0.11080395 0.87196627 0.7091471  0.10450684 0.33326295 0.1678822 ]
 [1.         0.45934846 0.62161382 0.969373   0.38445506 0.06745813
  0.57275612 0.34585891 0.72965966 0.75444224 0.32248705 0.62353658
  0.8201029  0.28373673 0.58521244 0.         0.466534   0.67427962
  0.44803668 0.06843949 0.7903656  0.13171954 0.01536085 0.48833827
  0.11080395 0.87196627 0.7091471  0.10450684 0.33326295 0.1678822 ]
 [1.         0.45934846 0.62161382 0.969373   0.38445506 0.06745813
  0.57275612 0.34585891 0.72965966 0.75444224 0.32248705 0.62353658
  0.8201029  0.28373673 0.58521244 0.         0.466534   0.67427962
  0.44803668 0.06843949 0.7903656  0.13171954 0.01536085 0.48833827
  0.11080395 0.87196627 0.7091471  0.10450684 0.33326295 0.1678822 ]
 [1.         0.45934846 0.62161382 0.969373   0.38445506 0.06745813
  0.57275612 0.34585891 0.72965966 0.75444224 0.32248705 0.62353658
  0.8201029  0.28373673 0.58521244 0.         0.466534   0.67427962
  0.44803668 0.06843949 0.7903656  0.13171954 0.01536085 0.48833827
  0.11080395 0.87196627 0.7091471  0.10450684 0.33326295 0.1678822 ]
 [1.         0.45934846 0.62161382 0.969373   0.38445506 0.06745813
  0.57275612 0.34585891 0.72965966 0.75444224 0.32248705 0.62353658
  0.8201029  0.28373673 0.58521244 0.         0.466534   0.67427962
  0.44803668 0.06843949 0.7903656  0.13171954 0.01536085 0.48833827
  0.11080395 0.87196627 0.7091471  0.10450684 0.33326295 0.1678822 ]
 [1.         0.45934846 0.62161382 0.969373   0.38445506 0.06745813
  0.57275612 0.34585891 0.72965966 0.75444224 0.32248705 0.62353658
  0.8201029  0.28373673 0.58521244 0.         0.466534   0.67427962
  0.44803668 0.06843949 0.7903656  0.13171954 0.01536085 0.48833827
  0.11080395 0.87196627 0.7091471  0.10450684 0.33326295 0.1678822 ]
 [1.         0.45934846 0.62161382 0.969373   0.38445506 0.06745813
  0.57275612 0.34585891 0.72965966 0.75444224 0.32248705 0.62353658
  0.8201029  0.28373673 0.58521244 0.         0.466534   0.67427962
  0.44803668 0.06843949 0.7903656  0.13171954 0.01536085 0.48833827
  0.11080395 0.87196627 0.7091471  0.10450684 0.33326295 0.1678822 ]
 [1.         0.45934846 0.62161382 0.969373   0.38445506 0.06745813
  0.57275612 0.34585891 0.72965966 0.75444224 0.32248705 0.62353658
  0.8201029  0.28373673 0.58521244 0.         0.466534   0.67427962
  0.44803668 0.06843949 0.7903656  0.13171954 0.01536085 0.48833827
  0.11080395 0.87196627 0.7091471  0.10450684 0.33326295 0.1678822 ]
 [1.         0.45934846 0.62161382 0.969373   0.38445506 0.06745813
  0.57275612 0.34585891 0.72965966 0.75444224 0.32248705 0.62353658
  0.8201029  0.28373673 0.58521244 0.         0.466534   0.67427962
  0.44803668 0.06843949 0.7903656  0.13171954 0.01536085 0.48833827
  0.11080395 0.87196627 0.7091471  0.10450684 0.33326295 0.1678822 ]
 [1.         0.45934846 0.62161382 0.969373   0.38445506 0.06745813
  0.57275612 0.34585891 0.72965966 0.75444224 0.32248705 0.62353658
  0.8201029  0.28373673 0.58521244 0.         0.466534   0.67427962
  0.44803668 0.06843949 0.7903656  0.13171954 0.01536085 0.48833827
  0.11080395 0.87196627 0.7091471  0.10450684 0.33326295 0.1678822 ]
 [1.         0.45934846 0.62161382 0.969373   0.38445506 0.06745813
  0.57275612 0.34585891 0.72965966 0.75444224 0.32248705 0.62353658
  0.8201029  0.28373673 0.58521244 0.         0.466534   0.67427962
  0.44803668 0.06843949 0.7903656  0.13171954 0.01536085 0.48833827
  0.11080395 0.87196627 0.7091471  0.10450684 0.33326295 0.1678822 ]
 [1.         0.45934846 0.62161382 0.969373   0.38445506 0.06745813
  0.57275612 0.34585891 0.72965966 0.75444224 0.32248705 0.62353658
  0.8201029  0.28373673 0.58521244 0.         0.466534   0.67427962
  0.44803668 0.06843949 0.7903656  0.13171954 0.01536085 0.48833827
  0.11080395 0.87196627 0.7091471  0.10450684 0.33326295 0.1678822 ]
 [1.         0.45934846 0.62161382 0.969373   0.38445506 0.06745813
  0.57275612 0.34585891 0.72965966 0.75444224 0.32248705 0.62353658
  0.8201029  0.28373673 0.58521244 0.         0.466534   0.67427962
  0.44803668 0.06843949 0.7903656  0.13171954 0.01536085 0.48833827
  0.11080395 0.87196627 0.7091471  0.10450684 0.33326295 0.1678822 ]]"
107,"[[9.82740168e-01 9.30096333e-01 7.85855296e-02 9.05070798e-02
  7.96014871e-01 1.73292747e-01 8.52242429e-02 8.01209317e-01
  1.21987899e-01 4.93485868e-01 9.53014944e-01 7.21414694e-02
  5.88769606e-01 6.35629031e-02 1.00000000e+00 5.17803050e-01
  7.38244150e-01 5.57531359e-02 6.34108818e-02 1.30590945e-01
  1.72703422e-01 3.55793345e-01 1.97771037e-01 5.03686913e-01
  9.70983038e-01 0.00000000e+00 2.81415323e-02 4.98847143e-01
  2.10694147e-01 3.36269000e-04]
 [9.82740168e-01 9.30096333e-01 7.85855296e-02 9.05070798e-02
  7.96014871e-01 1.73292747e-01 8.52242429e-02 8.01209317e-01
  1.21987899e-01 4.93485868e-01 9.53014944e-01 7.21414694e-02
  5.88769606e-01 6.35629031e-02 1.00000000e+00 5.17803050e-01
  7.38244150e-01 5.57531359e-02 6.34108818e-02 1.30590945e-01
  1.72703422e-01 3.55793345e-01 1.97771037e-01 5.03686913e-01
  9.70983038e-01 0.00000000e+00 2.81415323e-02 4.98847143e-01
  2.10694147e-01 3.36269000e-04]
 [9.82740168e-01 9.30096333e-01 7.85855296e-02 9.05070798e-02
  7.96014871e-01 1.73292747e-01 8.52242429e-02 8.01209317e-01
  1.21987899e-01 4.93485868e-01 9.53014944e-01 7.21414694e-02
  5.88769606e-01 6.35629031e-02 1.00000000e+00 5.17803050e-01
  7.38244150e-01 5.57531359e-02 6.34108818e-02 1.30590945e-01
  1.72703422e-01 3.55793345e-01 1.97771037e-01 5.03686913e-01
  9.70983038e-01 0.00000000e+00 2.81415323e-02 4.98847143e-01
  2.10694147e-01 3.36269000e-04]
 [9.82740168e-01 9.30096333e-01 7.85855296e-02 9.05070798e-02
  7.96014871e-01 1.73292747e-01 8.52242429e-02 8.01209317e-01
  1.21987899e-01 4.93485868e-01 9.53014944e-01 7.21414694e-02
  5.88769606e-01 6.35629031e-02 1.00000000e+00 5.17803050e-01
  7.38244150e-01 5.57531359e-02 6.34108818e-02 1.30590945e-01
  1.72703422e-01 3.55793345e-01 1.97771037e-01 5.03686913e-01
  9.70983038e-01 0.00000000e+00 2.81415323e-02 4.98847143e-01
  2.10694147e-01 3.36269000e-04]
 [9.82740168e-01 9.30096333e-01 7.85855296e-02 9.05070798e-02
  7.96014871e-01 1.73292747e-01 8.52242429e-02 8.01209317e-01
  1.21987899e-01 4.93485868e-01 9.53014944e-01 7.21414694e-02
  5.88769606e-01 6.35629031e-02 1.00000000e+00 5.17803050e-01
  7.38244150e-01 5.57531359e-02 6.34108818e-02 1.30590945e-01
  1.72703422e-01 3.55793345e-01 1.97771037e-01 5.03686913e-01
  9.70983038e-01 0.00000000e+00 2.81415323e-02 4.98847143e-01
  2.10694147e-01 3.36269000e-04]
 [9.82740168e-01 9.30096333e-01 7.85855296e-02 9.05070798e-02
  7.96014871e-01 1.73292747e-01 8.52242429e-02 8.01209317e-01
  1.21987899e-01 4.93485868e-01 9.53014944e-01 7.21414694e-02
  5.88769606e-01 6.35629031e-02 1.00000000e+00 5.17803050e-01
  7.38244150e-01 5.57531359e-02 6.34108818e-02 1.30590945e-01
  1.72703422e-01 3.55793345e-01 1.97771037e-01 5.03686913e-01
  9.70983038e-01 0.00000000e+00 2.81415323e-02 4.98847143e-01
  2.10694147e-01 3.36269000e-04]
 [9.82740168e-01 9.30096333e-01 7.85855296e-02 9.05070798e-02
  7.96014871e-01 1.73292747e-01 8.52242429e-02 8.01209317e-01
  1.21987899e-01 4.93485868e-01 9.53014944e-01 7.21414694e-02
  5.88769606e-01 6.35629031e-02 1.00000000e+00 5.17803050e-01
  7.38244150e-01 5.57531359e-02 6.34108818e-02 1.30590945e-01
  1.72703422e-01 3.55793345e-01 1.97771037e-01 5.03686913e-01
  9.70983038e-01 0.00000000e+00 2.81415323e-02 4.98847143e-01
  2.10694147e-01 3.36269000e-04]
 [9.82740168e-01 9.30096333e-01 7.85855296e-02 9.05070798e-02
  7.96014871e-01 1.73292747e-01 8.52242429e-02 8.01209317e-01
  1.21987899e-01 4.93485868e-01 9.53014944e-01 7.21414694e-02
  5.88769606e-01 6.35629031e-02 1.00000000e+00 5.17803050e-01
  7.38244150e-01 5.57531359e-02 6.34108818e-02 1.30590945e-01
  1.72703422e-01 3.55793345e-01 1.97771037e-01 5.03686913e-01
  9.70983038e-01 0.00000000e+00 2.81415323e-02 4.98847143e-01
  2.10694147e-01 3.36269000e-04]
 [9.82740168e-01 9.30096333e-01 7.85855296e-02 9.05070798e-02
  7.96014871e-01 1.73292747e-01 8.52242429e-02 8.01209317e-01
  1.21987899e-01 4.93485868e-01 9.53014944e-01 7.21414694e-02
  5.88769606e-01 6.35629031e-02 1.00000000e+00 5.17803050e-01
  7.38244150e-01 5.57531359e-02 6.34108818e-02 1.30590945e-01
  1.72703422e-01 3.55793345e-01 1.97771037e-01 5.03686913e-01
  9.70983038e-01 0.00000000e+00 2.81415323e-02 4.98847143e-01
  2.10694147e-01 3.36269000e-04]
 [9.82740168e-01 9.30096333e-01 7.85855296e-02 9.05070798e-02
  7.96014871e-01 1.73292747e-01 8.52242429e-02 8.01209317e-01
  1.21987899e-01 4.93485868e-01 9.53014944e-01 7.21414694e-02
  5.88769606e-01 6.35629031e-02 1.00000000e+00 5.17803050e-01
  7.38244150e-01 5.57531359e-02 6.34108818e-02 1.30590945e-01
  1.72703422e-01 3.55793345e-01 1.97771037e-01 5.03686913e-01
  9.70983038e-01 0.00000000e+00 2.81415323e-02 4.98847143e-01
  2.10694147e-01 3.36269000e-04]
 [9.82740168e-01 9.30096333e-01 7.85855296e-02 9.05070798e-02
  7.96014871e-01 1.73292747e-01 8.52242429e-02 8.01209317e-01
  1.21987899e-01 4.93485868e-01 9.53014944e-01 7.21414694e-02
  5.88769606e-01 6.35629031e-02 1.00000000e+00 5.17803050e-01
  7.38244150e-01 5.57531359e-02 6.34108818e-02 1.30590945e-01
  1.72703422e-01 3.55793345e-01 1.97771037e-01 5.03686913e-01
  9.70983038e-01 0.00000000e+00 2.81415323e-02 4.98847143e-01
  2.10694147e-01 3.36269000e-04]
 [9.82740168e-01 9.30096333e-01 7.85855296e-02 9.05070798e-02
  7.96014871e-01 1.73292747e-01 8.52242429e-02 8.01209317e-01
  1.21987899e-01 4.93485868e-01 9.53014944e-01 7.21414694e-02
  5.88769606e-01 6.35629031e-02 1.00000000e+00 5.17803050e-01
  7.38244150e-01 5.57531359e-02 6.34108818e-02 1.30590945e-01
  1.72703422e-01 3.55793345e-01 1.97771037e-01 5.03686913e-01
  9.70983038e-01 0.00000000e+00 2.81415323e-02 4.98847143e-01
  2.10694147e-01 3.36269000e-04]
 [9.82740168e-01 9.30096333e-01 7.85855296e-02 9.05070798e-02
  7.96014871e-01 1.73292747e-01 8.52242429e-02 8.01209317e-01
  1.21987899e-01 4.93485868e-01 9.53014944e-01 7.21414694e-02
  5.88769606e-01 6.35629031e-02 1.00000000e+00 5.17803050e-01
  7.38244150e-01 5.57531359e-02 6.34108818e-02 1.30590945e-01
  1.72703422e-01 3.55793345e-01 1.97771037e-01 5.03686913e-01
  9.70983038e-01 0.00000000e+00 2.81415323e-02 4.98847143e-01
  2.10694147e-01 3.36269000e-04]
 [9.82740168e-01 9.30096333e-01 7.85855296e-02 9.05070798e-02
  7.96014871e-01 1.73292747e-01 8.52242429e-02 8.01209317e-01
  1.21987899e-01 4.93485868e-01 9.53014944e-01 7.21414694e-02
  5.88769606e-01 6.35629031e-02 1.00000000e+00 5.17803050e-01
  7.38244150e-01 5.57531359e-02 6.34108818e-02 1.30590945e-01
  1.72703422e-01 3.55793345e-01 1.97771037e-01 5.03686913e-01
  9.70983038e-01 0.00000000e+00 2.81415323e-02 4.98847143e-01
  2.10694147e-01 3.36269000e-04]
 [9.82740168e-01 9.30096333e-01 7.85855296e-02 9.05070798e-02
  7.96014871e-01 1.73292747e-01 8.52242429e-02 8.01209317e-01
  1.21987899e-01 4.93485868e-01 9.53014944e-01 7.21414694e-02
  5.88769606e-01 6.35629031e-02 1.00000000e+00 5.17803050e-01
  7.38244150e-01 5.57531359e-02 6.34108818e-02 1.30590945e-01
  1.72703422e-01 3.55793345e-01 1.97771037e-01 5.03686913e-01
  9.70983038e-01 0.00000000e+00 2.81415323e-02 4.98847143e-01
  2.10694147e-01 3.36269000e-04]
 [9.82740168e-01 9.30096333e-01 7.85855296e-02 9.05070798e-02
  7.96014871e-01 1.73292747e-01 8.52242429e-02 8.01209317e-01
  1.21987899e-01 4.93485868e-01 9.53014944e-01 7.21414694e-02
  5.88769606e-01 6.35629031e-02 1.00000000e+00 5.17803050e-01
  7.38244150e-01 5.57531359e-02 6.34108818e-02 1.30590945e-01
  1.72703422e-01 3.55793345e-01 1.97771037e-01 5.03686913e-01
  9.70983038e-01 0.00000000e+00 2.81415323e-02 4.98847143e-01
  2.10694147e-01 3.36269000e-04]
 [9.82740168e-01 9.30096333e-01 7.85855296e-02 9.05070798e-02
  7.96014871e-01 1.73292747e-01 8.52242429e-02 8.01209317e-01
  1.21987899e-01 4.93485868e-01 9.53014944e-01 7.21414694e-02
  5.88769606e-01 6.35629031e-02 1.00000000e+00 5.17803050e-01
  7.38244150e-01 5.57531359e-02 6.34108818e-02 1.30590945e-01
  1.72703422e-01 3.55793345e-01 1.97771037e-01 5.03686913e-01
  9.70983038e-01 0.00000000e+00 2.81415323e-02 4.98847143e-01
  2.10694147e-01 3.36269000e-04]
 [9.82740168e-01 9.30096333e-01 7.85855296e-02 9.05070798e-02
  7.96014871e-01 1.73292747e-01 8.52242429e-02 8.01209317e-01
  1.21987899e-01 4.93485868e-01 9.53014944e-01 7.21414694e-02
  5.88769606e-01 6.35629031e-02 1.00000000e+00 5.17803050e-01
  7.38244150e-01 5.57531359e-02 6.34108818e-02 1.30590945e-01
  1.72703422e-01 3.55793345e-01 1.97771037e-01 5.03686913e-01
  9.70983038e-01 0.00000000e+00 2.81415323e-02 4.98847143e-01
  2.10694147e-01 3.36269000e-04]
 [9.82740168e-01 9.30096333e-01 7.85855296e-02 9.05070798e-02
  7.96014871e-01 1.73292747e-01 8.52242429e-02 8.01209317e-01
  1.21987899e-01 4.93485868e-01 9.53014944e-01 7.21414694e-02
  5.88769606e-01 6.35629031e-02 1.00000000e+00 5.17803050e-01
  7.38244150e-01 5.57531359e-02 6.34108818e-02 1.30590945e-01
  1.72703422e-01 3.55793345e-01 1.97771037e-01 5.03686913e-01
  9.70983038e-01 0.00000000e+00 2.81415323e-02 4.98847143e-01
  2.10694147e-01 3.36269000e-04]
 [9.82740168e-01 9.30096333e-01 7.85855296e-02 9.05070798e-02
  7.96014871e-01 1.73292747e-01 8.52242429e-02 8.01209317e-01
  1.21987899e-01 4.93485868e-01 9.53014944e-01 7.21414694e-02
  5.88769606e-01 6.35629031e-02 1.00000000e+00 5.17803050e-01
  7.38244150e-01 5.57531359e-02 6.34108818e-02 1.30590945e-01
  1.72703422e-01 3.55793345e-01 1.97771037e-01 5.03686913e-01
  9.70983038e-01 0.00000000e+00 2.81415323e-02 4.98847143e-01
  2.10694147e-01 3.36269000e-04]
 [9.82740168e-01 9.30096333e-01 7.85855296e-02 9.05070798e-02
  7.96014871e-01 1.73292747e-01 8.52242429e-02 8.01209317e-01
  1.21987899e-01 4.93485868e-01 9.53014944e-01 7.21414694e-02
  5.88769606e-01 6.35629031e-02 1.00000000e+00 5.17803050e-01
  7.38244150e-01 5.57531359e-02 6.34108818e-02 1.30590945e-01
  1.72703422e-01 3.55793345e-01 1.97771037e-01 5.03686913e-01
  9.70983038e-01 0.00000000e+00 2.81415323e-02 4.98847143e-01
  2.10694147e-01 3.36269000e-04]
 [9.82740168e-01 9.30096333e-01 7.85855296e-02 9.05070798e-02
  7.96014871e-01 1.73292747e-01 8.52242429e-02 8.01209317e-01
  1.21987899e-01 4.93485868e-01 9.53014944e-01 7.21414694e-02
  5.88769606e-01 6.35629031e-02 1.00000000e+00 5.17803050e-01
  7.38244150e-01 5.57531359e-02 6.34108818e-02 1.30590945e-01
  1.72703422e-01 3.55793345e-01 1.97771037e-01 5.03686913e-01
  9.70983038e-01 0.00000000e+00 2.81415323e-02 4.98847143e-01
  2.10694147e-01 3.36269000e-04]
 [9.82740168e-01 9.30096333e-01 7.85855296e-02 9.05070798e-02
  7.96014871e-01 1.73292747e-01 8.52242429e-02 8.01209317e-01
  1.21987899e-01 4.93485868e-01 9.53014944e-01 7.21414694e-02
  5.88769606e-01 6.35629031e-02 1.00000000e+00 5.17803050e-01
  7.38244150e-01 5.57531359e-02 6.34108818e-02 1.30590945e-01
  1.72703422e-01 3.55793345e-01 1.97771037e-01 5.03686913e-01
  9.70983038e-01 0.00000000e+00 2.81415323e-02 4.98847143e-01
  2.10694147e-01 3.36269000e-04]
 [9.82740168e-01 9.30096333e-01 7.85855296e-02 9.05070798e-02
  7.96014871e-01 1.73292747e-01 8.52242429e-02 8.01209317e-01
  1.21987899e-01 4.93485868e-01 9.53014944e-01 7.21414694e-02
  5.88769606e-01 6.35629031e-02 1.00000000e+00 5.17803050e-01
  7.38244150e-01 5.57531359e-02 6.34108818e-02 1.30590945e-01
  1.72703422e-01 3.55793345e-01 1.97771037e-01 5.03686913e-01
  9.70983038e-01 0.00000000e+00 2.81415323e-02 4.98847143e-01
  2.10694147e-01 3.36269000e-04]
 [9.82740168e-01 9.30096333e-01 7.85855296e-02 9.05070798e-02
  7.96014871e-01 1.73292747e-01 8.52242429e-02 8.01209317e-01
  1.21987899e-01 4.93485868e-01 9.53014944e-01 7.21414694e-02
  5.88769606e-01 6.35629031e-02 1.00000000e+00 5.17803050e-01
  7.38244150e-01 5.57531359e-02 6.34108818e-02 1.30590945e-01
  1.72703422e-01 3.55793345e-01 1.97771037e-01 5.03686913e-01
  9.70983038e-01 0.00000000e+00 2.81415323e-02 4.98847143e-01
  2.10694147e-01 3.36269000e-04]
 [9.82740168e-01 9.30096333e-01 7.85855296e-02 9.05070798e-02
  7.96014871e-01 1.73292747e-01 8.52242429e-02 8.01209317e-01
  1.21987899e-01 4.93485868e-01 9.53014944e-01 7.21414694e-02
  5.88769606e-01 6.35629031e-02 1.00000000e+00 5.17803050e-01
  7.38244150e-01 5.57531359e-02 6.34108818e-02 1.30590945e-01
  1.72703422e-01 3.55793345e-01 1.97771037e-01 5.03686913e-01
  9.70983038e-01 0.00000000e+00 2.81415323e-02 4.98847143e-01
  2.10694147e-01 3.36269000e-04]
 [9.82740168e-01 9.30096333e-01 7.85855296e-02 9.05070798e-02
  7.96014871e-01 1.73292747e-01 8.52242429e-02 8.01209317e-01
  1.21987899e-01 4.93485868e-01 9.53014944e-01 7.21414694e-02
  5.88769606e-01 6.35629031e-02 1.00000000e+00 5.17803050e-01
  7.38244150e-01 5.57531359e-02 6.34108818e-02 1.30590945e-01
  1.72703422e-01 3.55793345e-01 1.97771037e-01 5.03686913e-01
  9.70983038e-01 0.00000000e+00 2.81415323e-02 4.98847143e-01
  2.10694147e-01 3.36269000e-04]
 [9.82740168e-01 9.30096333e-01 7.85855296e-02 9.05070798e-02
  7.96014871e-01 1.73292747e-01 8.52242429e-02 8.01209317e-01
  1.21987899e-01 4.93485868e-01 9.53014944e-01 7.21414694e-02
  5.88769606e-01 6.35629031e-02 1.00000000e+00 5.17803050e-01
  7.38244150e-01 5.57531359e-02 6.34108818e-02 1.30590945e-01
  1.72703422e-01 3.55793345e-01 1.97771037e-01 5.03686913e-01
  9.70983038e-01 0.00000000e+00 2.81415323e-02 4.98847143e-01
  2.10694147e-01 3.36269000e-04]
 [9.82740168e-01 9.30096333e-01 7.85855296e-02 9.05070798e-02
  7.96014871e-01 1.73292747e-01 8.52242429e-02 8.01209317e-01
  1.21987899e-01 4.93485868e-01 9.53014944e-01 7.21414694e-02
  5.88769606e-01 6.35629031e-02 1.00000000e+00 5.17803050e-01
  7.38244150e-01 5.57531359e-02 6.34108818e-02 1.30590945e-01
  1.72703422e-01 3.55793345e-01 1.97771037e-01 5.03686913e-01
  9.70983038e-01 0.00000000e+00 2.81415323e-02 4.98847143e-01
  2.10694147e-01 3.36269000e-04]
 [9.82740168e-01 9.30096333e-01 7.85855296e-02 9.05070798e-02
  7.96014871e-01 1.73292747e-01 8.52242429e-02 8.01209317e-01
  1.21987899e-01 4.93485868e-01 9.53014944e-01 7.21414694e-02
  5.88769606e-01 6.35629031e-02 1.00000000e+00 5.17803050e-01
  7.38244150e-01 5.57531359e-02 6.34108818e-02 1.30590945e-01
  1.72703422e-01 3.55793345e-01 1.97771037e-01 5.03686913e-01
  9.70983038e-01 0.00000000e+00 2.81415323e-02 4.98847143e-01
  2.10694147e-01 3.36269000e-04]]"
108,"[[0.99857047 0.29843944 0.49887243 0.66691243 0.35883695 0.75611647
  0.63442561 0.34879606 0.7499761  0.85834819 0.         0.94662771
  0.28787464 0.12237203 1.         0.20487336 0.49555802 0.36204196
  0.02743758 0.05713039 0.04909519 0.22332102 0.11451828 0.46589793
  0.32377366 0.29414509 0.33825021 0.59384689 0.03607481 0.35894065]
 [0.99857047 0.29843944 0.49887243 0.66691243 0.35883695 0.75611647
  0.63442561 0.34879606 0.7499761  0.85834819 0.         0.94662771
  0.28787464 0.12237203 1.         0.20487336 0.49555802 0.36204196
  0.02743758 0.05713039 0.04909519 0.22332102 0.11451828 0.46589793
  0.32377366 0.29414509 0.33825021 0.59384689 0.03607481 0.35894065]
 [0.99857047 0.29843944 0.49887243 0.66691243 0.35883695 0.75611647
  0.63442561 0.34879606 0.7499761  0.85834819 0.         0.94662771
  0.28787464 0.12237203 1.         0.20487336 0.49555802 0.36204196
  0.02743758 0.05713039 0.04909519 0.22332102 0.11451828 0.46589793
  0.32377366 0.29414509 0.33825021 0.59384689 0.03607481 0.35894065]
 [0.99857047 0.29843944 0.49887243 0.66691243 0.35883695 0.75611647
  0.63442561 0.34879606 0.7499761  0.85834819 0.         0.94662771
  0.28787464 0.12237203 1.         0.20487336 0.49555802 0.36204196
  0.02743758 0.05713039 0.04909519 0.22332102 0.11451828 0.46589793
  0.32377366 0.29414509 0.33825021 0.59384689 0.03607481 0.35894065]
 [0.99857047 0.29843944 0.49887243 0.66691243 0.35883695 0.75611647
  0.63442561 0.34879606 0.7499761  0.85834819 0.         0.94662771
  0.28787464 0.12237203 1.         0.20487336 0.49555802 0.36204196
  0.02743758 0.05713039 0.04909519 0.22332102 0.11451828 0.46589793
  0.32377366 0.29414509 0.33825021 0.59384689 0.03607481 0.35894065]
 [0.99857047 0.29843944 0.49887243 0.66691243 0.35883695 0.75611647
  0.63442561 0.34879606 0.7499761  0.85834819 0.         0.94662771
  0.28787464 0.12237203 1.         0.20487336 0.49555802 0.36204196
  0.02743758 0.05713039 0.04909519 0.22332102 0.11451828 0.46589793
  0.32377366 0.29414509 0.33825021 0.59384689 0.03607481 0.35894065]
 [0.99857047 0.29843944 0.49887243 0.66691243 0.35883695 0.75611647
  0.63442561 0.34879606 0.7499761  0.85834819 0.         0.94662771
  0.28787464 0.12237203 1.         0.20487336 0.49555802 0.36204196
  0.02743758 0.05713039 0.04909519 0.22332102 0.11451828 0.46589793
  0.32377366 0.29414509 0.33825021 0.59384689 0.03607481 0.35894065]
 [0.99857047 0.29843944 0.49887243 0.66691243 0.35883695 0.75611647
  0.63442561 0.34879606 0.7499761  0.85834819 0.         0.94662771
  0.28787464 0.12237203 1.         0.20487336 0.49555802 0.36204196
  0.02743758 0.05713039 0.04909519 0.22332102 0.11451828 0.46589793
  0.32377366 0.29414509 0.33825021 0.59384689 0.03607481 0.35894065]
 [0.99857047 0.29843944 0.49887243 0.66691243 0.35883695 0.75611647
  0.63442561 0.34879606 0.7499761  0.85834819 0.         0.94662771
  0.28787464 0.12237203 1.         0.20487336 0.49555802 0.36204196
  0.02743758 0.05713039 0.04909519 0.22332102 0.11451828 0.46589793
  0.32377366 0.29414509 0.33825021 0.59384689 0.03607481 0.35894065]
 [0.99857047 0.29843944 0.49887243 0.66691243 0.35883695 0.75611647
  0.63442561 0.34879606 0.7499761  0.85834819 0.         0.94662771
  0.28787464 0.12237203 1.         0.20487336 0.49555802 0.36204196
  0.02743758 0.05713039 0.04909519 0.22332102 0.11451828 0.46589793
  0.32377366 0.29414509 0.33825021 0.59384689 0.03607481 0.35894065]
 [0.99857047 0.29843944 0.49887243 0.66691243 0.35883695 0.75611647
  0.63442561 0.34879606 0.7499761  0.85834819 0.         0.94662771
  0.28787464 0.12237203 1.         0.20487336 0.49555802 0.36204196
  0.02743758 0.05713039 0.04909519 0.22332102 0.11451828 0.46589793
  0.32377366 0.29414509 0.33825021 0.59384689 0.03607481 0.35894065]
 [0.99857047 0.29843944 0.49887243 0.66691243 0.35883695 0.75611647
  0.63442561 0.34879606 0.7499761  0.85834819 0.         0.94662771
  0.28787464 0.12237203 1.         0.20487336 0.49555802 0.36204196
  0.02743758 0.05713039 0.04909519 0.22332102 0.11451828 0.46589793
  0.32377366 0.29414509 0.33825021 0.59384689 0.03607481 0.35894065]
 [0.99857047 0.29843944 0.49887243 0.66691243 0.35883695 0.75611647
  0.63442561 0.34879606 0.7499761  0.85834819 0.         0.94662771
  0.28787464 0.12237203 1.         0.20487336 0.49555802 0.36204196
  0.02743758 0.05713039 0.04909519 0.22332102 0.11451828 0.46589793
  0.32377366 0.29414509 0.33825021 0.59384689 0.03607481 0.35894065]
 [0.99857047 0.29843944 0.49887243 0.66691243 0.35883695 0.75611647
  0.63442561 0.34879606 0.7499761  0.85834819 0.         0.94662771
  0.28787464 0.12237203 1.         0.20487336 0.49555802 0.36204196
  0.02743758 0.05713039 0.04909519 0.22332102 0.11451828 0.46589793
  0.32377366 0.29414509 0.33825021 0.59384689 0.03607481 0.35894065]
 [0.99857047 0.29843944 0.49887243 0.66691243 0.35883695 0.75611647
  0.63442561 0.34879606 0.7499761  0.85834819 0.         0.94662771
  0.28787464 0.12237203 1.         0.20487336 0.49555802 0.36204196
  0.02743758 0.05713039 0.04909519 0.22332102 0.11451828 0.46589793
  0.32377366 0.29414509 0.33825021 0.59384689 0.03607481 0.35894065]
 [0.99857047 0.29843944 0.49887243 0.66691243 0.35883695 0.75611647
  0.63442561 0.34879606 0.7499761  0.85834819 0.         0.94662771
  0.28787464 0.12237203 1.         0.20487336 0.49555802 0.36204196
  0.02743758 0.05713039 0.04909519 0.22332102 0.11451828 0.46589793
  0.32377366 0.29414509 0.33825021 0.59384689 0.03607481 0.35894065]
 [0.99857047 0.29843944 0.49887243 0.66691243 0.35883695 0.75611647
  0.63442561 0.34879606 0.7499761  0.85834819 0.         0.94662771
  0.28787464 0.12237203 1.         0.20487336 0.49555802 0.36204196
  0.02743758 0.05713039 0.04909519 0.22332102 0.11451828 0.46589793
  0.32377366 0.29414509 0.33825021 0.59384689 0.03607481 0.35894065]
 [0.99857047 0.29843944 0.49887243 0.66691243 0.35883695 0.75611647
  0.63442561 0.34879606 0.7499761  0.85834819 0.         0.94662771
  0.28787464 0.12237203 1.         0.20487336 0.49555802 0.36204196
  0.02743758 0.05713039 0.04909519 0.22332102 0.11451828 0.46589793
  0.32377366 0.29414509 0.33825021 0.59384689 0.03607481 0.35894065]
 [0.99857047 0.29843944 0.49887243 0.66691243 0.35883695 0.75611647
  0.63442561 0.34879606 0.7499761  0.85834819 0.         0.94662771
  0.28787464 0.12237203 1.         0.20487336 0.49555802 0.36204196
  0.02743758 0.05713039 0.04909519 0.22332102 0.11451828 0.46589793
  0.32377366 0.29414509 0.33825021 0.59384689 0.03607481 0.35894065]
 [0.99857047 0.29843944 0.49887243 0.66691243 0.35883695 0.75611647
  0.63442561 0.34879606 0.7499761  0.85834819 0.         0.94662771
  0.28787464 0.12237203 1.         0.20487336 0.49555802 0.36204196
  0.02743758 0.05713039 0.04909519 0.22332102 0.11451828 0.46589793
  0.32377366 0.29414509 0.33825021 0.59384689 0.03607481 0.35894065]
 [0.99857047 0.29843944 0.49887243 0.66691243 0.35883695 0.75611647
  0.63442561 0.34879606 0.7499761  0.85834819 0.         0.94662771
  0.28787464 0.12237203 1.         0.20487336 0.49555802 0.36204196
  0.02743758 0.05713039 0.04909519 0.22332102 0.11451828 0.46589793
  0.32377366 0.29414509 0.33825021 0.59384689 0.03607481 0.35894065]
 [0.99857047 0.29843944 0.49887243 0.66691243 0.35883695 0.75611647
  0.63442561 0.34879606 0.7499761  0.85834819 0.         0.94662771
  0.28787464 0.12237203 1.         0.20487336 0.49555802 0.36204196
  0.02743758 0.05713039 0.04909519 0.22332102 0.11451828 0.46589793
  0.32377366 0.29414509 0.33825021 0.59384689 0.03607481 0.35894065]
 [0.99857047 0.29843944 0.49887243 0.66691243 0.35883695 0.75611647
  0.63442561 0.34879606 0.7499761  0.85834819 0.         0.94662771
  0.28787464 0.12237203 1.         0.20487336 0.49555802 0.36204196
  0.02743758 0.05713039 0.04909519 0.22332102 0.11451828 0.46589793
  0.32377366 0.29414509 0.33825021 0.59384689 0.03607481 0.35894065]
 [0.99857047 0.29843944 0.49887243 0.66691243 0.35883695 0.75611647
  0.63442561 0.34879606 0.7499761  0.85834819 0.         0.94662771
  0.28787464 0.12237203 1.         0.20487336 0.49555802 0.36204196
  0.02743758 0.05713039 0.04909519 0.22332102 0.11451828 0.46589793
  0.32377366 0.29414509 0.33825021 0.59384689 0.03607481 0.35894065]
 [0.99857047 0.29843944 0.49887243 0.66691243 0.35883695 0.75611647
  0.63442561 0.34879606 0.7499761  0.85834819 0.         0.94662771
  0.28787464 0.12237203 1.         0.20487336 0.49555802 0.36204196
  0.02743758 0.05713039 0.04909519 0.22332102 0.11451828 0.46589793
  0.32377366 0.29414509 0.33825021 0.59384689 0.03607481 0.35894065]
 [0.99857047 0.29843944 0.49887243 0.66691243 0.35883695 0.75611647
  0.63442561 0.34879606 0.7499761  0.85834819 0.         0.94662771
  0.28787464 0.12237203 1.         0.20487336 0.49555802 0.36204196
  0.02743758 0.05713039 0.04909519 0.22332102 0.11451828 0.46589793
  0.32377366 0.29414509 0.33825021 0.59384689 0.03607481 0.35894065]
 [0.99857047 0.29843944 0.49887243 0.66691243 0.35883695 0.75611647
  0.63442561 0.34879606 0.7499761  0.85834819 0.         0.94662771
  0.28787464 0.12237203 1.         0.20487336 0.49555802 0.36204196
  0.02743758 0.05713039 0.04909519 0.22332102 0.11451828 0.46589793
  0.32377366 0.29414509 0.33825021 0.59384689 0.03607481 0.35894065]
 [0.99857047 0.29843944 0.49887243 0.66691243 0.35883695 0.75611647
  0.63442561 0.34879606 0.7499761  0.85834819 0.         0.94662771
  0.28787464 0.12237203 1.         0.20487336 0.49555802 0.36204196
  0.02743758 0.05713039 0.04909519 0.22332102 0.11451828 0.46589793
  0.32377366 0.29414509 0.33825021 0.59384689 0.03607481 0.35894065]
 [0.99857047 0.29843944 0.49887243 0.66691243 0.35883695 0.75611647
  0.63442561 0.34879606 0.7499761  0.85834819 0.         0.94662771
  0.28787464 0.12237203 1.         0.20487336 0.49555802 0.36204196
  0.02743758 0.05713039 0.04909519 0.22332102 0.11451828 0.46589793
  0.32377366 0.29414509 0.33825021 0.59384689 0.03607481 0.35894065]
 [0.99857047 0.29843944 0.49887243 0.66691243 0.35883695 0.75611647
  0.63442561 0.34879606 0.7499761  0.85834819 0.         0.94662771
  0.28787464 0.12237203 1.         0.20487336 0.49555802 0.36204196
  0.02743758 0.05713039 0.04909519 0.22332102 0.11451828 0.46589793
  0.32377366 0.29414509 0.33825021 0.59384689 0.03607481 0.35894065]]"
109,"[[0.889247   0.69536979 0.4417419  0.22664915 0.01985052 0.50570892
  0.15595369 0.47120747 0.73744036 0.96607048 0.88410249 0.27581364
  0.01504399 0.81681143 0.         0.95817727 1.         0.27589365
  0.4522342  0.37709083 0.85718512 0.43365286 0.07022315 0.25920334
  0.66534331 0.00835244 0.85512392 0.49027952 0.75173559 0.2919437 ]
 [0.889247   0.69536979 0.4417419  0.22664915 0.01985052 0.50570892
  0.15595369 0.47120747 0.73744036 0.96607048 0.88410249 0.27581364
  0.01504399 0.81681143 0.         0.95817727 1.         0.27589365
  0.4522342  0.37709083 0.85718512 0.43365286 0.07022315 0.25920334
  0.66534331 0.00835244 0.85512392 0.49027952 0.75173559 0.2919437 ]
 [0.889247   0.69536979 0.4417419  0.22664915 0.01985052 0.50570892
  0.15595369 0.47120747 0.73744036 0.96607048 0.88410249 0.27581364
  0.01504399 0.81681143 0.         0.95817727 1.         0.27589365
  0.4522342  0.37709083 0.85718512 0.43365286 0.07022315 0.25920334
  0.66534331 0.00835244 0.85512392 0.49027952 0.75173559 0.2919437 ]
 [0.889247   0.69536979 0.4417419  0.22664915 0.01985052 0.50570892
  0.15595369 0.47120747 0.73744036 0.96607048 0.88410249 0.27581364
  0.01504399 0.81681143 0.         0.95817727 1.         0.27589365
  0.4522342  0.37709083 0.85718512 0.43365286 0.07022315 0.25920334
  0.66534331 0.00835244 0.85512392 0.49027952 0.75173559 0.2919437 ]
 [0.889247   0.69536979 0.4417419  0.22664915 0.01985052 0.50570892
  0.15595369 0.47120747 0.73744036 0.96607048 0.88410249 0.27581364
  0.01504399 0.81681143 0.         0.95817727 1.         0.27589365
  0.4522342  0.37709083 0.85718512 0.43365286 0.07022315 0.25920334
  0.66534331 0.00835244 0.85512392 0.49027952 0.75173559 0.2919437 ]
 [0.889247   0.69536979 0.4417419  0.22664915 0.01985052 0.50570892
  0.15595369 0.47120747 0.73744036 0.96607048 0.88410249 0.27581364
  0.01504399 0.81681143 0.         0.95817727 1.         0.27589365
  0.4522342  0.37709083 0.85718512 0.43365286 0.07022315 0.25920334
  0.66534331 0.00835244 0.85512392 0.49027952 0.75173559 0.2919437 ]
 [0.889247   0.69536979 0.4417419  0.22664915 0.01985052 0.50570892
  0.15595369 0.47120747 0.73744036 0.96607048 0.88410249 0.27581364
  0.01504399 0.81681143 0.         0.95817727 1.         0.27589365
  0.4522342  0.37709083 0.85718512 0.43365286 0.07022315 0.25920334
  0.66534331 0.00835244 0.85512392 0.49027952 0.75173559 0.2919437 ]
 [0.889247   0.69536979 0.4417419  0.22664915 0.01985052 0.50570892
  0.15595369 0.47120747 0.73744036 0.96607048 0.88410249 0.27581364
  0.01504399 0.81681143 0.         0.95817727 1.         0.27589365
  0.4522342  0.37709083 0.85718512 0.43365286 0.07022315 0.25920334
  0.66534331 0.00835244 0.85512392 0.49027952 0.75173559 0.2919437 ]
 [0.889247   0.69536979 0.4417419  0.22664915 0.01985052 0.50570892
  0.15595369 0.47120747 0.73744036 0.96607048 0.88410249 0.27581364
  0.01504399 0.81681143 0.         0.95817727 1.         0.27589365
  0.4522342  0.37709083 0.85718512 0.43365286 0.07022315 0.25920334
  0.66534331 0.00835244 0.85512392 0.49027952 0.75173559 0.2919437 ]
 [0.889247   0.69536979 0.4417419  0.22664915 0.01985052 0.50570892
  0.15595369 0.47120747 0.73744036 0.96607048 0.88410249 0.27581364
  0.01504399 0.81681143 0.         0.95817727 1.         0.27589365
  0.4522342  0.37709083 0.85718512 0.43365286 0.07022315 0.25920334
  0.66534331 0.00835244 0.85512392 0.49027952 0.75173559 0.2919437 ]
 [0.889247   0.69536979 0.4417419  0.22664915 0.01985052 0.50570892
  0.15595369 0.47120747 0.73744036 0.96607048 0.88410249 0.27581364
  0.01504399 0.81681143 0.         0.95817727 1.         0.27589365
  0.4522342  0.37709083 0.85718512 0.43365286 0.07022315 0.25920334
  0.66534331 0.00835244 0.85512392 0.49027952 0.75173559 0.2919437 ]
 [0.889247   0.69536979 0.4417419  0.22664915 0.01985052 0.50570892
  0.15595369 0.47120747 0.73744036 0.96607048 0.88410249 0.27581364
  0.01504399 0.81681143 0.         0.95817727 1.         0.27589365
  0.4522342  0.37709083 0.85718512 0.43365286 0.07022315 0.25920334
  0.66534331 0.00835244 0.85512392 0.49027952 0.75173559 0.2919437 ]
 [0.889247   0.69536979 0.4417419  0.22664915 0.01985052 0.50570892
  0.15595369 0.47120747 0.73744036 0.96607048 0.88410249 0.27581364
  0.01504399 0.81681143 0.         0.95817727 1.         0.27589365
  0.4522342  0.37709083 0.85718512 0.43365286 0.07022315 0.25920334
  0.66534331 0.00835244 0.85512392 0.49027952 0.75173559 0.2919437 ]
 [0.889247   0.69536979 0.4417419  0.22664915 0.01985052 0.50570892
  0.15595369 0.47120747 0.73744036 0.96607048 0.88410249 0.27581364
  0.01504399 0.81681143 0.         0.95817727 1.         0.27589365
  0.4522342  0.37709083 0.85718512 0.43365286 0.07022315 0.25920334
  0.66534331 0.00835244 0.85512392 0.49027952 0.75173559 0.2919437 ]
 [0.889247   0.69536979 0.4417419  0.22664915 0.01985052 0.50570892
  0.15595369 0.47120747 0.73744036 0.96607048 0.88410249 0.27581364
  0.01504399 0.81681143 0.         0.95817727 1.         0.27589365
  0.4522342  0.37709083 0.85718512 0.43365286 0.07022315 0.25920334
  0.66534331 0.00835244 0.85512392 0.49027952 0.75173559 0.2919437 ]
 [0.889247   0.69536979 0.4417419  0.22664915 0.01985052 0.50570892
  0.15595369 0.47120747 0.73744036 0.96607048 0.88410249 0.27581364
  0.01504399 0.81681143 0.         0.95817727 1.         0.27589365
  0.4522342  0.37709083 0.85718512 0.43365286 0.07022315 0.25920334
  0.66534331 0.00835244 0.85512392 0.49027952 0.75173559 0.2919437 ]
 [0.889247   0.69536979 0.4417419  0.22664915 0.01985052 0.50570892
  0.15595369 0.47120747 0.73744036 0.96607048 0.88410249 0.27581364
  0.01504399 0.81681143 0.         0.95817727 1.         0.27589365
  0.4522342  0.37709083 0.85718512 0.43365286 0.07022315 0.25920334
  0.66534331 0.00835244 0.85512392 0.49027952 0.75173559 0.2919437 ]
 [0.889247   0.69536979 0.4417419  0.22664915 0.01985052 0.50570892
  0.15595369 0.47120747 0.73744036 0.96607048 0.88410249 0.27581364
  0.01504399 0.81681143 0.         0.95817727 1.         0.27589365
  0.4522342  0.37709083 0.85718512 0.43365286 0.07022315 0.25920334
  0.66534331 0.00835244 0.85512392 0.49027952 0.75173559 0.2919437 ]
 [0.889247   0.69536979 0.4417419  0.22664915 0.01985052 0.50570892
  0.15595369 0.47120747 0.73744036 0.96607048 0.88410249 0.27581364
  0.01504399 0.81681143 0.         0.95817727 1.         0.27589365
  0.4522342  0.37709083 0.85718512 0.43365286 0.07022315 0.25920334
  0.66534331 0.00835244 0.85512392 0.49027952 0.75173559 0.2919437 ]
 [0.889247   0.69536979 0.4417419  0.22664915 0.01985052 0.50570892
  0.15595369 0.47120747 0.73744036 0.96607048 0.88410249 0.27581364
  0.01504399 0.81681143 0.         0.95817727 1.         0.27589365
  0.4522342  0.37709083 0.85718512 0.43365286 0.07022315 0.25920334
  0.66534331 0.00835244 0.85512392 0.49027952 0.75173559 0.2919437 ]
 [0.889247   0.69536979 0.4417419  0.22664915 0.01985052 0.50570892
  0.15595369 0.47120747 0.73744036 0.96607048 0.88410249 0.27581364
  0.01504399 0.81681143 0.         0.95817727 1.         0.27589365
  0.4522342  0.37709083 0.85718512 0.43365286 0.07022315 0.25920334
  0.66534331 0.00835244 0.85512392 0.49027952 0.75173559 0.2919437 ]
 [0.889247   0.69536979 0.4417419  0.22664915 0.01985052 0.50570892
  0.15595369 0.47120747 0.73744036 0.96607048 0.88410249 0.27581364
  0.01504399 0.81681143 0.         0.95817727 1.         0.27589365
  0.4522342  0.37709083 0.85718512 0.43365286 0.07022315 0.25920334
  0.66534331 0.00835244 0.85512392 0.49027952 0.75173559 0.2919437 ]
 [0.889247   0.69536979 0.4417419  0.22664915 0.01985052 0.50570892
  0.15595369 0.47120747 0.73744036 0.96607048 0.88410249 0.27581364
  0.01504399 0.81681143 0.         0.95817727 1.         0.27589365
  0.4522342  0.37709083 0.85718512 0.43365286 0.07022315 0.25920334
  0.66534331 0.00835244 0.85512392 0.49027952 0.75173559 0.2919437 ]
 [0.889247   0.69536979 0.4417419  0.22664915 0.01985052 0.50570892
  0.15595369 0.47120747 0.73744036 0.96607048 0.88410249 0.27581364
  0.01504399 0.81681143 0.         0.95817727 1.         0.27589365
  0.4522342  0.37709083 0.85718512 0.43365286 0.07022315 0.25920334
  0.66534331 0.00835244 0.85512392 0.49027952 0.75173559 0.2919437 ]
 [0.889247   0.69536979 0.4417419  0.22664915 0.01985052 0.50570892
  0.15595369 0.47120747 0.73744036 0.96607048 0.88410249 0.27581364
  0.01504399 0.81681143 0.         0.95817727 1.         0.27589365
  0.4522342  0.37709083 0.85718512 0.43365286 0.07022315 0.25920334
  0.66534331 0.00835244 0.85512392 0.49027952 0.75173559 0.2919437 ]
 [0.889247   0.69536979 0.4417419  0.22664915 0.01985052 0.50570892
  0.15595369 0.47120747 0.73744036 0.96607048 0.88410249 0.27581364
  0.01504399 0.81681143 0.         0.95817727 1.         0.27589365
  0.4522342  0.37709083 0.85718512 0.43365286 0.07022315 0.25920334
  0.66534331 0.00835244 0.85512392 0.49027952 0.75173559 0.2919437 ]
 [0.889247   0.69536979 0.4417419  0.22664915 0.01985052 0.50570892
  0.15595369 0.47120747 0.73744036 0.96607048 0.88410249 0.27581364
  0.01504399 0.81681143 0.         0.95817727 1.         0.27589365
  0.4522342  0.37709083 0.85718512 0.43365286 0.07022315 0.25920334
  0.66534331 0.00835244 0.85512392 0.49027952 0.75173559 0.2919437 ]
 [0.889247   0.69536979 0.4417419  0.22664915 0.01985052 0.50570892
  0.15595369 0.47120747 0.73744036 0.96607048 0.88410249 0.27581364
  0.01504399 0.81681143 0.         0.95817727 1.         0.27589365
  0.4522342  0.37709083 0.85718512 0.43365286 0.07022315 0.25920334
  0.66534331 0.00835244 0.85512392 0.49027952 0.75173559 0.2919437 ]
 [0.889247   0.69536979 0.4417419  0.22664915 0.01985052 0.50570892
  0.15595369 0.47120747 0.73744036 0.96607048 0.88410249 0.27581364
  0.01504399 0.81681143 0.         0.95817727 1.         0.27589365
  0.4522342  0.37709083 0.85718512 0.43365286 0.07022315 0.25920334
  0.66534331 0.00835244 0.85512392 0.49027952 0.75173559 0.2919437 ]
 [0.889247   0.69536979 0.4417419  0.22664915 0.01985052 0.50570892
  0.15595369 0.47120747 0.73744036 0.96607048 0.88410249 0.27581364
  0.01504399 0.81681143 0.         0.95817727 1.         0.27589365
  0.4522342  0.37709083 0.85718512 0.43365286 0.07022315 0.25920334
  0.66534331 0.00835244 0.85512392 0.49027952 0.75173559 0.2919437 ]]"
110,"[[1.         0.15180022 0.97397511 0.         0.046067   0.43709603
  0.5255935  0.50558796 0.71517345 0.22167262 0.36500819 0.31645217
  0.25077505 0.33100819 0.79844052 0.92441716 0.35993568 0.80950049
  0.98672592 0.07168214 0.9721287  0.09799074 0.47340401 0.36821654
  0.78236141 0.40368531 0.56097271 0.97358036 0.18591264 0.56881571]
 [1.         0.15180022 0.97397511 0.         0.046067   0.43709603
  0.5255935  0.50558796 0.71517345 0.22167262 0.36500819 0.31645217
  0.25077505 0.33100819 0.79844052 0.92441716 0.35993568 0.80950049
  0.98672592 0.07168214 0.9721287  0.09799074 0.47340401 0.36821654
  0.78236141 0.40368531 0.56097271 0.97358036 0.18591264 0.56881571]
 [1.         0.15180022 0.97397511 0.         0.046067   0.43709603
  0.5255935  0.50558796 0.71517345 0.22167262 0.36500819 0.31645217
  0.25077505 0.33100819 0.79844052 0.92441716 0.35993568 0.80950049
  0.98672592 0.07168214 0.9721287  0.09799074 0.47340401 0.36821654
  0.78236141 0.40368531 0.56097271 0.97358036 0.18591264 0.56881571]
 [1.         0.15180022 0.97397511 0.         0.046067   0.43709603
  0.5255935  0.50558796 0.71517345 0.22167262 0.36500819 0.31645217
  0.25077505 0.33100819 0.79844052 0.92441716 0.35993568 0.80950049
  0.98672592 0.07168214 0.9721287  0.09799074 0.47340401 0.36821654
  0.78236141 0.40368531 0.56097271 0.97358036 0.18591264 0.56881571]
 [1.         0.15180022 0.97397511 0.         0.046067   0.43709603
  0.5255935  0.50558796 0.71517345 0.22167262 0.36500819 0.31645217
  0.25077505 0.33100819 0.79844052 0.92441716 0.35993568 0.80950049
  0.98672592 0.07168214 0.9721287  0.09799074 0.47340401 0.36821654
  0.78236141 0.40368531 0.56097271 0.97358036 0.18591264 0.56881571]
 [1.         0.15180022 0.97397511 0.         0.046067   0.43709603
  0.5255935  0.50558796 0.71517345 0.22167262 0.36500819 0.31645217
  0.25077505 0.33100819 0.79844052 0.92441716 0.35993568 0.80950049
  0.98672592 0.07168214 0.9721287  0.09799074 0.47340401 0.36821654
  0.78236141 0.40368531 0.56097271 0.97358036 0.18591264 0.56881571]
 [1.         0.15180022 0.97397511 0.         0.046067   0.43709603
  0.5255935  0.50558796 0.71517345 0.22167262 0.36500819 0.31645217
  0.25077505 0.33100819 0.79844052 0.92441716 0.35993568 0.80950049
  0.98672592 0.07168214 0.9721287  0.09799074 0.47340401 0.36821654
  0.78236141 0.40368531 0.56097271 0.97358036 0.18591264 0.56881571]
 [1.         0.15180022 0.97397511 0.         0.046067   0.43709603
  0.5255935  0.50558796 0.71517345 0.22167262 0.36500819 0.31645217
  0.25077505 0.33100819 0.79844052 0.92441716 0.35993568 0.80950049
  0.98672592 0.07168214 0.9721287  0.09799074 0.47340401 0.36821654
  0.78236141 0.40368531 0.56097271 0.97358036 0.18591264 0.56881571]
 [1.         0.15180022 0.97397511 0.         0.046067   0.43709603
  0.5255935  0.50558796 0.71517345 0.22167262 0.36500819 0.31645217
  0.25077505 0.33100819 0.79844052 0.92441716 0.35993568 0.80950049
  0.98672592 0.07168214 0.9721287  0.09799074 0.47340401 0.36821654
  0.78236141 0.40368531 0.56097271 0.97358036 0.18591264 0.56881571]
 [1.         0.15180022 0.97397511 0.         0.046067   0.43709603
  0.5255935  0.50558796 0.71517345 0.22167262 0.36500819 0.31645217
  0.25077505 0.33100819 0.79844052 0.92441716 0.35993568 0.80950049
  0.98672592 0.07168214 0.9721287  0.09799074 0.47340401 0.36821654
  0.78236141 0.40368531 0.56097271 0.97358036 0.18591264 0.56881571]
 [1.         0.15180022 0.97397511 0.         0.046067   0.43709603
  0.5255935  0.50558796 0.71517345 0.22167262 0.36500819 0.31645217
  0.25077505 0.33100819 0.79844052 0.92441716 0.35993568 0.80950049
  0.98672592 0.07168214 0.9721287  0.09799074 0.47340401 0.36821654
  0.78236141 0.40368531 0.56097271 0.97358036 0.18591264 0.56881571]
 [1.         0.15180022 0.97397511 0.         0.046067   0.43709603
  0.5255935  0.50558796 0.71517345 0.22167262 0.36500819 0.31645217
  0.25077505 0.33100819 0.79844052 0.92441716 0.35993568 0.80950049
  0.98672592 0.07168214 0.9721287  0.09799074 0.47340401 0.36821654
  0.78236141 0.40368531 0.56097271 0.97358036 0.18591264 0.56881571]
 [1.         0.15180022 0.97397511 0.         0.046067   0.43709603
  0.5255935  0.50558796 0.71517345 0.22167262 0.36500819 0.31645217
  0.25077505 0.33100819 0.79844052 0.92441716 0.35993568 0.80950049
  0.98672592 0.07168214 0.9721287  0.09799074 0.47340401 0.36821654
  0.78236141 0.40368531 0.56097271 0.97358036 0.18591264 0.56881571]
 [1.         0.15180022 0.97397511 0.         0.046067   0.43709603
  0.5255935  0.50558796 0.71517345 0.22167262 0.36500819 0.31645217
  0.25077505 0.33100819 0.79844052 0.92441716 0.35993568 0.80950049
  0.98672592 0.07168214 0.9721287  0.09799074 0.47340401 0.36821654
  0.78236141 0.40368531 0.56097271 0.97358036 0.18591264 0.56881571]
 [1.         0.15180022 0.97397511 0.         0.046067   0.43709603
  0.5255935  0.50558796 0.71517345 0.22167262 0.36500819 0.31645217
  0.25077505 0.33100819 0.79844052 0.92441716 0.35993568 0.80950049
  0.98672592 0.07168214 0.9721287  0.09799074 0.47340401 0.36821654
  0.78236141 0.40368531 0.56097271 0.97358036 0.18591264 0.56881571]
 [1.         0.15180022 0.97397511 0.         0.046067   0.43709603
  0.5255935  0.50558796 0.71517345 0.22167262 0.36500819 0.31645217
  0.25077505 0.33100819 0.79844052 0.92441716 0.35993568 0.80950049
  0.98672592 0.07168214 0.9721287  0.09799074 0.47340401 0.36821654
  0.78236141 0.40368531 0.56097271 0.97358036 0.18591264 0.56881571]
 [1.         0.15180022 0.97397511 0.         0.046067   0.43709603
  0.5255935  0.50558796 0.71517345 0.22167262 0.36500819 0.31645217
  0.25077505 0.33100819 0.79844052 0.92441716 0.35993568 0.80950049
  0.98672592 0.07168214 0.9721287  0.09799074 0.47340401 0.36821654
  0.78236141 0.40368531 0.56097271 0.97358036 0.18591264 0.56881571]
 [1.         0.15180022 0.97397511 0.         0.046067   0.43709603
  0.5255935  0.50558796 0.71517345 0.22167262 0.36500819 0.31645217
  0.25077505 0.33100819 0.79844052 0.92441716 0.35993568 0.80950049
  0.98672592 0.07168214 0.9721287  0.09799074 0.47340401 0.36821654
  0.78236141 0.40368531 0.56097271 0.97358036 0.18591264 0.56881571]
 [1.         0.15180022 0.97397511 0.         0.046067   0.43709603
  0.5255935  0.50558796 0.71517345 0.22167262 0.36500819 0.31645217
  0.25077505 0.33100819 0.79844052 0.92441716 0.35993568 0.80950049
  0.98672592 0.07168214 0.9721287  0.09799074 0.47340401 0.36821654
  0.78236141 0.40368531 0.56097271 0.97358036 0.18591264 0.56881571]
 [1.         0.15180022 0.97397511 0.         0.046067   0.43709603
  0.5255935  0.50558796 0.71517345 0.22167262 0.36500819 0.31645217
  0.25077505 0.33100819 0.79844052 0.92441716 0.35993568 0.80950049
  0.98672592 0.07168214 0.9721287  0.09799074 0.47340401 0.36821654
  0.78236141 0.40368531 0.56097271 0.97358036 0.18591264 0.56881571]
 [1.         0.15180022 0.97397511 0.         0.046067   0.43709603
  0.5255935  0.50558796 0.71517345 0.22167262 0.36500819 0.31645217
  0.25077505 0.33100819 0.79844052 0.92441716 0.35993568 0.80950049
  0.98672592 0.07168214 0.9721287  0.09799074 0.47340401 0.36821654
  0.78236141 0.40368531 0.56097271 0.97358036 0.18591264 0.56881571]
 [1.         0.15180022 0.97397511 0.         0.046067   0.43709603
  0.5255935  0.50558796 0.71517345 0.22167262 0.36500819 0.31645217
  0.25077505 0.33100819 0.79844052 0.92441716 0.35993568 0.80950049
  0.98672592 0.07168214 0.9721287  0.09799074 0.47340401 0.36821654
  0.78236141 0.40368531 0.56097271 0.97358036 0.18591264 0.56881571]
 [1.         0.15180022 0.97397511 0.         0.046067   0.43709603
  0.5255935  0.50558796 0.71517345 0.22167262 0.36500819 0.31645217
  0.25077505 0.33100819 0.79844052 0.92441716 0.35993568 0.80950049
  0.98672592 0.07168214 0.9721287  0.09799074 0.47340401 0.36821654
  0.78236141 0.40368531 0.56097271 0.97358036 0.18591264 0.56881571]
 [1.         0.15180022 0.97397511 0.         0.046067   0.43709603
  0.5255935  0.50558796 0.71517345 0.22167262 0.36500819 0.31645217
  0.25077505 0.33100819 0.79844052 0.92441716 0.35993568 0.80950049
  0.98672592 0.07168214 0.9721287  0.09799074 0.47340401 0.36821654
  0.78236141 0.40368531 0.56097271 0.97358036 0.18591264 0.56881571]
 [1.         0.15180022 0.97397511 0.         0.046067   0.43709603
  0.5255935  0.50558796 0.71517345 0.22167262 0.36500819 0.31645217
  0.25077505 0.33100819 0.79844052 0.92441716 0.35993568 0.80950049
  0.98672592 0.07168214 0.9721287  0.09799074 0.47340401 0.36821654
  0.78236141 0.40368531 0.56097271 0.97358036 0.18591264 0.56881571]
 [1.         0.15180022 0.97397511 0.         0.046067   0.43709603
  0.5255935  0.50558796 0.71517345 0.22167262 0.36500819 0.31645217
  0.25077505 0.33100819 0.79844052 0.92441716 0.35993568 0.80950049
  0.98672592 0.07168214 0.9721287  0.09799074 0.47340401 0.36821654
  0.78236141 0.40368531 0.56097271 0.97358036 0.18591264 0.56881571]
 [1.         0.15180022 0.97397511 0.         0.046067   0.43709603
  0.5255935  0.50558796 0.71517345 0.22167262 0.36500819 0.31645217
  0.25077505 0.33100819 0.79844052 0.92441716 0.35993568 0.80950049
  0.98672592 0.07168214 0.9721287  0.09799074 0.47340401 0.36821654
  0.78236141 0.40368531 0.56097271 0.97358036 0.18591264 0.56881571]
 [1.         0.15180022 0.97397511 0.         0.046067   0.43709603
  0.5255935  0.50558796 0.71517345 0.22167262 0.36500819 0.31645217
  0.25077505 0.33100819 0.79844052 0.92441716 0.35993568 0.80950049
  0.98672592 0.07168214 0.9721287  0.09799074 0.47340401 0.36821654
  0.78236141 0.40368531 0.56097271 0.97358036 0.18591264 0.56881571]
 [1.         0.15180022 0.97397511 0.         0.046067   0.43709603
  0.5255935  0.50558796 0.71517345 0.22167262 0.36500819 0.31645217
  0.25077505 0.33100819 0.79844052 0.92441716 0.35993568 0.80950049
  0.98672592 0.07168214 0.9721287  0.09799074 0.47340401 0.36821654
  0.78236141 0.40368531 0.56097271 0.97358036 0.18591264 0.56881571]
 [1.         0.15180022 0.97397511 0.         0.046067   0.43709603
  0.5255935  0.50558796 0.71517345 0.22167262 0.36500819 0.31645217
  0.25077505 0.33100819 0.79844052 0.92441716 0.35993568 0.80950049
  0.98672592 0.07168214 0.9721287  0.09799074 0.47340401 0.36821654
  0.78236141 0.40368531 0.56097271 0.97358036 0.18591264 0.56881571]]"
111,"[[0.12954496 0.3573216  1.         0.88412718 0.14368984 0.1093627
  0.03994613 0.74542239 0.50635491 0.35960489 0.         0.30686756
  0.27807978 0.55624403 0.61836103 0.7172464  0.09732425 0.08803279
  0.68559598 0.13917178 0.21874722 0.89699887 0.10576436 0.54690245
  0.57792226 0.16396114 0.51339623 0.91146227 0.50316168 0.5650749 ]
 [0.12954496 0.3573216  1.         0.88412718 0.14368984 0.1093627
  0.03994613 0.74542239 0.50635491 0.35960489 0.         0.30686756
  0.27807978 0.55624403 0.61836103 0.7172464  0.09732425 0.08803279
  0.68559598 0.13917178 0.21874722 0.89699887 0.10576436 0.54690245
  0.57792226 0.16396114 0.51339623 0.91146227 0.50316168 0.5650749 ]
 [0.12954496 0.3573216  1.         0.88412718 0.14368984 0.1093627
  0.03994613 0.74542239 0.50635491 0.35960489 0.         0.30686756
  0.27807978 0.55624403 0.61836103 0.7172464  0.09732425 0.08803279
  0.68559598 0.13917178 0.21874722 0.89699887 0.10576436 0.54690245
  0.57792226 0.16396114 0.51339623 0.91146227 0.50316168 0.5650749 ]
 [0.12954496 0.3573216  1.         0.88412718 0.14368984 0.1093627
  0.03994613 0.74542239 0.50635491 0.35960489 0.         0.30686756
  0.27807978 0.55624403 0.61836103 0.7172464  0.09732425 0.08803279
  0.68559598 0.13917178 0.21874722 0.89699887 0.10576436 0.54690245
  0.57792226 0.16396114 0.51339623 0.91146227 0.50316168 0.5650749 ]
 [0.12954496 0.3573216  1.         0.88412718 0.14368984 0.1093627
  0.03994613 0.74542239 0.50635491 0.35960489 0.         0.30686756
  0.27807978 0.55624403 0.61836103 0.7172464  0.09732425 0.08803279
  0.68559598 0.13917178 0.21874722 0.89699887 0.10576436 0.54690245
  0.57792226 0.16396114 0.51339623 0.91146227 0.50316168 0.5650749 ]
 [0.12954496 0.3573216  1.         0.88412718 0.14368984 0.1093627
  0.03994613 0.74542239 0.50635491 0.35960489 0.         0.30686756
  0.27807978 0.55624403 0.61836103 0.7172464  0.09732425 0.08803279
  0.68559598 0.13917178 0.21874722 0.89699887 0.10576436 0.54690245
  0.57792226 0.16396114 0.51339623 0.91146227 0.50316168 0.5650749 ]
 [0.12954496 0.3573216  1.         0.88412718 0.14368984 0.1093627
  0.03994613 0.74542239 0.50635491 0.35960489 0.         0.30686756
  0.27807978 0.55624403 0.61836103 0.7172464  0.09732425 0.08803279
  0.68559598 0.13917178 0.21874722 0.89699887 0.10576436 0.54690245
  0.57792226 0.16396114 0.51339623 0.91146227 0.50316168 0.5650749 ]
 [0.12954496 0.3573216  1.         0.88412718 0.14368984 0.1093627
  0.03994613 0.74542239 0.50635491 0.35960489 0.         0.30686756
  0.27807978 0.55624403 0.61836103 0.7172464  0.09732425 0.08803279
  0.68559598 0.13917178 0.21874722 0.89699887 0.10576436 0.54690245
  0.57792226 0.16396114 0.51339623 0.91146227 0.50316168 0.5650749 ]
 [0.12954496 0.3573216  1.         0.88412718 0.14368984 0.1093627
  0.03994613 0.74542239 0.50635491 0.35960489 0.         0.30686756
  0.27807978 0.55624403 0.61836103 0.7172464  0.09732425 0.08803279
  0.68559598 0.13917178 0.21874722 0.89699887 0.10576436 0.54690245
  0.57792226 0.16396114 0.51339623 0.91146227 0.50316168 0.5650749 ]
 [0.12954496 0.3573216  1.         0.88412718 0.14368984 0.1093627
  0.03994613 0.74542239 0.50635491 0.35960489 0.         0.30686756
  0.27807978 0.55624403 0.61836103 0.7172464  0.09732425 0.08803279
  0.68559598 0.13917178 0.21874722 0.89699887 0.10576436 0.54690245
  0.57792226 0.16396114 0.51339623 0.91146227 0.50316168 0.5650749 ]
 [0.12954496 0.3573216  1.         0.88412718 0.14368984 0.1093627
  0.03994613 0.74542239 0.50635491 0.35960489 0.         0.30686756
  0.27807978 0.55624403 0.61836103 0.7172464  0.09732425 0.08803279
  0.68559598 0.13917178 0.21874722 0.89699887 0.10576436 0.54690245
  0.57792226 0.16396114 0.51339623 0.91146227 0.50316168 0.5650749 ]
 [0.12954496 0.3573216  1.         0.88412718 0.14368984 0.1093627
  0.03994613 0.74542239 0.50635491 0.35960489 0.         0.30686756
  0.27807978 0.55624403 0.61836103 0.7172464  0.09732425 0.08803279
  0.68559598 0.13917178 0.21874722 0.89699887 0.10576436 0.54690245
  0.57792226 0.16396114 0.51339623 0.91146227 0.50316168 0.5650749 ]
 [0.12954496 0.3573216  1.         0.88412718 0.14368984 0.1093627
  0.03994613 0.74542239 0.50635491 0.35960489 0.         0.30686756
  0.27807978 0.55624403 0.61836103 0.7172464  0.09732425 0.08803279
  0.68559598 0.13917178 0.21874722 0.89699887 0.10576436 0.54690245
  0.57792226 0.16396114 0.51339623 0.91146227 0.50316168 0.5650749 ]
 [0.12954496 0.3573216  1.         0.88412718 0.14368984 0.1093627
  0.03994613 0.74542239 0.50635491 0.35960489 0.         0.30686756
  0.27807978 0.55624403 0.61836103 0.7172464  0.09732425 0.08803279
  0.68559598 0.13917178 0.21874722 0.89699887 0.10576436 0.54690245
  0.57792226 0.16396114 0.51339623 0.91146227 0.50316168 0.5650749 ]
 [0.12954496 0.3573216  1.         0.88412718 0.14368984 0.1093627
  0.03994613 0.74542239 0.50635491 0.35960489 0.         0.30686756
  0.27807978 0.55624403 0.61836103 0.7172464  0.09732425 0.08803279
  0.68559598 0.13917178 0.21874722 0.89699887 0.10576436 0.54690245
  0.57792226 0.16396114 0.51339623 0.91146227 0.50316168 0.5650749 ]
 [0.12954496 0.3573216  1.         0.88412718 0.14368984 0.1093627
  0.03994613 0.74542239 0.50635491 0.35960489 0.         0.30686756
  0.27807978 0.55624403 0.61836103 0.7172464  0.09732425 0.08803279
  0.68559598 0.13917178 0.21874722 0.89699887 0.10576436 0.54690245
  0.57792226 0.16396114 0.51339623 0.91146227 0.50316168 0.5650749 ]
 [0.12954496 0.3573216  1.         0.88412718 0.14368984 0.1093627
  0.03994613 0.74542239 0.50635491 0.35960489 0.         0.30686756
  0.27807978 0.55624403 0.61836103 0.7172464  0.09732425 0.08803279
  0.68559598 0.13917178 0.21874722 0.89699887 0.10576436 0.54690245
  0.57792226 0.16396114 0.51339623 0.91146227 0.50316168 0.5650749 ]
 [0.12954496 0.3573216  1.         0.88412718 0.14368984 0.1093627
  0.03994613 0.74542239 0.50635491 0.35960489 0.         0.30686756
  0.27807978 0.55624403 0.61836103 0.7172464  0.09732425 0.08803279
  0.68559598 0.13917178 0.21874722 0.89699887 0.10576436 0.54690245
  0.57792226 0.16396114 0.51339623 0.91146227 0.50316168 0.5650749 ]
 [0.12954496 0.3573216  1.         0.88412718 0.14368984 0.1093627
  0.03994613 0.74542239 0.50635491 0.35960489 0.         0.30686756
  0.27807978 0.55624403 0.61836103 0.7172464  0.09732425 0.08803279
  0.68559598 0.13917178 0.21874722 0.89699887 0.10576436 0.54690245
  0.57792226 0.16396114 0.51339623 0.91146227 0.50316168 0.5650749 ]
 [0.12954496 0.3573216  1.         0.88412718 0.14368984 0.1093627
  0.03994613 0.74542239 0.50635491 0.35960489 0.         0.30686756
  0.27807978 0.55624403 0.61836103 0.7172464  0.09732425 0.08803279
  0.68559598 0.13917178 0.21874722 0.89699887 0.10576436 0.54690245
  0.57792226 0.16396114 0.51339623 0.91146227 0.50316168 0.5650749 ]
 [0.12954496 0.3573216  1.         0.88412718 0.14368984 0.1093627
  0.03994613 0.74542239 0.50635491 0.35960489 0.         0.30686756
  0.27807978 0.55624403 0.61836103 0.7172464  0.09732425 0.08803279
  0.68559598 0.13917178 0.21874722 0.89699887 0.10576436 0.54690245
  0.57792226 0.16396114 0.51339623 0.91146227 0.50316168 0.5650749 ]
 [0.12954496 0.3573216  1.         0.88412718 0.14368984 0.1093627
  0.03994613 0.74542239 0.50635491 0.35960489 0.         0.30686756
  0.27807978 0.55624403 0.61836103 0.7172464  0.09732425 0.08803279
  0.68559598 0.13917178 0.21874722 0.89699887 0.10576436 0.54690245
  0.57792226 0.16396114 0.51339623 0.91146227 0.50316168 0.5650749 ]
 [0.12954496 0.3573216  1.         0.88412718 0.14368984 0.1093627
  0.03994613 0.74542239 0.50635491 0.35960489 0.         0.30686756
  0.27807978 0.55624403 0.61836103 0.7172464  0.09732425 0.08803279
  0.68559598 0.13917178 0.21874722 0.89699887 0.10576436 0.54690245
  0.57792226 0.16396114 0.51339623 0.91146227 0.50316168 0.5650749 ]
 [0.12954496 0.3573216  1.         0.88412718 0.14368984 0.1093627
  0.03994613 0.74542239 0.50635491 0.35960489 0.         0.30686756
  0.27807978 0.55624403 0.61836103 0.7172464  0.09732425 0.08803279
  0.68559598 0.13917178 0.21874722 0.89699887 0.10576436 0.54690245
  0.57792226 0.16396114 0.51339623 0.91146227 0.50316168 0.5650749 ]
 [0.12954496 0.3573216  1.         0.88412718 0.14368984 0.1093627
  0.03994613 0.74542239 0.50635491 0.35960489 0.         0.30686756
  0.27807978 0.55624403 0.61836103 0.7172464  0.09732425 0.08803279
  0.68559598 0.13917178 0.21874722 0.89699887 0.10576436 0.54690245
  0.57792226 0.16396114 0.51339623 0.91146227 0.50316168 0.5650749 ]
 [0.12954496 0.3573216  1.         0.88412718 0.14368984 0.1093627
  0.03994613 0.74542239 0.50635491 0.35960489 0.         0.30686756
  0.27807978 0.55624403 0.61836103 0.7172464  0.09732425 0.08803279
  0.68559598 0.13917178 0.21874722 0.89699887 0.10576436 0.54690245
  0.57792226 0.16396114 0.51339623 0.91146227 0.50316168 0.5650749 ]
 [0.12954496 0.3573216  1.         0.88412718 0.14368984 0.1093627
  0.03994613 0.74542239 0.50635491 0.35960489 0.         0.30686756
  0.27807978 0.55624403 0.61836103 0.7172464  0.09732425 0.08803279
  0.68559598 0.13917178 0.21874722 0.89699887 0.10576436 0.54690245
  0.57792226 0.16396114 0.51339623 0.91146227 0.50316168 0.5650749 ]
 [0.12954496 0.3573216  1.         0.88412718 0.14368984 0.1093627
  0.03994613 0.74542239 0.50635491 0.35960489 0.         0.30686756
  0.27807978 0.55624403 0.61836103 0.7172464  0.09732425 0.08803279
  0.68559598 0.13917178 0.21874722 0.89699887 0.10576436 0.54690245
  0.57792226 0.16396114 0.51339623 0.91146227 0.50316168 0.5650749 ]
 [0.12954496 0.3573216  1.         0.88412718 0.14368984 0.1093627
  0.03994613 0.74542239 0.50635491 0.35960489 0.         0.30686756
  0.27807978 0.55624403 0.61836103 0.7172464  0.09732425 0.08803279
  0.68559598 0.13917178 0.21874722 0.89699887 0.10576436 0.54690245
  0.57792226 0.16396114 0.51339623 0.91146227 0.50316168 0.5650749 ]
 [0.12954496 0.3573216  1.         0.88412718 0.14368984 0.1093627
  0.03994613 0.74542239 0.50635491 0.35960489 0.         0.30686756
  0.27807978 0.55624403 0.61836103 0.7172464  0.09732425 0.08803279
  0.68559598 0.13917178 0.21874722 0.89699887 0.10576436 0.54690245
  0.57792226 0.16396114 0.51339623 0.91146227 0.50316168 0.5650749 ]]"
112,"[[0.41720341 0.90251442 0.47187921 0.24653512 0.89573163 1.
  0.77923851 0.41552011 0.17614044 0.15025993 0.31641766 0.77700239
  0.9539533  0.26938994 0.94231257 0.96837368 0.54256    0.55470587
  0.63492615 0.86110012 0.52873609 0.29251191 0.42994981 0.02464781
  0.29618067 0.47447791 0.82344651 0.5664801  0.25203199 0.        ]
 [0.41720341 0.90251442 0.47187921 0.24653512 0.89573163 1.
  0.77923851 0.41552011 0.17614044 0.15025993 0.31641766 0.77700239
  0.9539533  0.26938994 0.94231257 0.96837368 0.54256    0.55470587
  0.63492615 0.86110012 0.52873609 0.29251191 0.42994981 0.02464781
  0.29618067 0.47447791 0.82344651 0.5664801  0.25203199 0.        ]
 [0.41720341 0.90251442 0.47187921 0.24653512 0.89573163 1.
  0.77923851 0.41552011 0.17614044 0.15025993 0.31641766 0.77700239
  0.9539533  0.26938994 0.94231257 0.96837368 0.54256    0.55470587
  0.63492615 0.86110012 0.52873609 0.29251191 0.42994981 0.02464781
  0.29618067 0.47447791 0.82344651 0.5664801  0.25203199 0.        ]
 [0.41720341 0.90251442 0.47187921 0.24653512 0.89573163 1.
  0.77923851 0.41552011 0.17614044 0.15025993 0.31641766 0.77700239
  0.9539533  0.26938994 0.94231257 0.96837368 0.54256    0.55470587
  0.63492615 0.86110012 0.52873609 0.29251191 0.42994981 0.02464781
  0.29618067 0.47447791 0.82344651 0.5664801  0.25203199 0.        ]
 [0.41720341 0.90251442 0.47187921 0.24653512 0.89573163 1.
  0.77923851 0.41552011 0.17614044 0.15025993 0.31641766 0.77700239
  0.9539533  0.26938994 0.94231257 0.96837368 0.54256    0.55470587
  0.63492615 0.86110012 0.52873609 0.29251191 0.42994981 0.02464781
  0.29618067 0.47447791 0.82344651 0.5664801  0.25203199 0.        ]
 [0.41720341 0.90251442 0.47187921 0.24653512 0.89573163 1.
  0.77923851 0.41552011 0.17614044 0.15025993 0.31641766 0.77700239
  0.9539533  0.26938994 0.94231257 0.96837368 0.54256    0.55470587
  0.63492615 0.86110012 0.52873609 0.29251191 0.42994981 0.02464781
  0.29618067 0.47447791 0.82344651 0.5664801  0.25203199 0.        ]
 [0.41720341 0.90251442 0.47187921 0.24653512 0.89573163 1.
  0.77923851 0.41552011 0.17614044 0.15025993 0.31641766 0.77700239
  0.9539533  0.26938994 0.94231257 0.96837368 0.54256    0.55470587
  0.63492615 0.86110012 0.52873609 0.29251191 0.42994981 0.02464781
  0.29618067 0.47447791 0.82344651 0.5664801  0.25203199 0.        ]
 [0.41720341 0.90251442 0.47187921 0.24653512 0.89573163 1.
  0.77923851 0.41552011 0.17614044 0.15025993 0.31641766 0.77700239
  0.9539533  0.26938994 0.94231257 0.96837368 0.54256    0.55470587
  0.63492615 0.86110012 0.52873609 0.29251191 0.42994981 0.02464781
  0.29618067 0.47447791 0.82344651 0.5664801  0.25203199 0.        ]
 [0.41720341 0.90251442 0.47187921 0.24653512 0.89573163 1.
  0.77923851 0.41552011 0.17614044 0.15025993 0.31641766 0.77700239
  0.9539533  0.26938994 0.94231257 0.96837368 0.54256    0.55470587
  0.63492615 0.86110012 0.52873609 0.29251191 0.42994981 0.02464781
  0.29618067 0.47447791 0.82344651 0.5664801  0.25203199 0.        ]
 [0.41720341 0.90251442 0.47187921 0.24653512 0.89573163 1.
  0.77923851 0.41552011 0.17614044 0.15025993 0.31641766 0.77700239
  0.9539533  0.26938994 0.94231257 0.96837368 0.54256    0.55470587
  0.63492615 0.86110012 0.52873609 0.29251191 0.42994981 0.02464781
  0.29618067 0.47447791 0.82344651 0.5664801  0.25203199 0.        ]
 [0.41720341 0.90251442 0.47187921 0.24653512 0.89573163 1.
  0.77923851 0.41552011 0.17614044 0.15025993 0.31641766 0.77700239
  0.9539533  0.26938994 0.94231257 0.96837368 0.54256    0.55470587
  0.63492615 0.86110012 0.52873609 0.29251191 0.42994981 0.02464781
  0.29618067 0.47447791 0.82344651 0.5664801  0.25203199 0.        ]
 [0.41720341 0.90251442 0.47187921 0.24653512 0.89573163 1.
  0.77923851 0.41552011 0.17614044 0.15025993 0.31641766 0.77700239
  0.9539533  0.26938994 0.94231257 0.96837368 0.54256    0.55470587
  0.63492615 0.86110012 0.52873609 0.29251191 0.42994981 0.02464781
  0.29618067 0.47447791 0.82344651 0.5664801  0.25203199 0.        ]
 [0.41720341 0.90251442 0.47187921 0.24653512 0.89573163 1.
  0.77923851 0.41552011 0.17614044 0.15025993 0.31641766 0.77700239
  0.9539533  0.26938994 0.94231257 0.96837368 0.54256    0.55470587
  0.63492615 0.86110012 0.52873609 0.29251191 0.42994981 0.02464781
  0.29618067 0.47447791 0.82344651 0.5664801  0.25203199 0.        ]
 [0.41720341 0.90251442 0.47187921 0.24653512 0.89573163 1.
  0.77923851 0.41552011 0.17614044 0.15025993 0.31641766 0.77700239
  0.9539533  0.26938994 0.94231257 0.96837368 0.54256    0.55470587
  0.63492615 0.86110012 0.52873609 0.29251191 0.42994981 0.02464781
  0.29618067 0.47447791 0.82344651 0.5664801  0.25203199 0.        ]
 [0.41720341 0.90251442 0.47187921 0.24653512 0.89573163 1.
  0.77923851 0.41552011 0.17614044 0.15025993 0.31641766 0.77700239
  0.9539533  0.26938994 0.94231257 0.96837368 0.54256    0.55470587
  0.63492615 0.86110012 0.52873609 0.29251191 0.42994981 0.02464781
  0.29618067 0.47447791 0.82344651 0.5664801  0.25203199 0.        ]
 [0.41720341 0.90251442 0.47187921 0.24653512 0.89573163 1.
  0.77923851 0.41552011 0.17614044 0.15025993 0.31641766 0.77700239
  0.9539533  0.26938994 0.94231257 0.96837368 0.54256    0.55470587
  0.63492615 0.86110012 0.52873609 0.29251191 0.42994981 0.02464781
  0.29618067 0.47447791 0.82344651 0.5664801  0.25203199 0.        ]
 [0.41720341 0.90251442 0.47187921 0.24653512 0.89573163 1.
  0.77923851 0.41552011 0.17614044 0.15025993 0.31641766 0.77700239
  0.9539533  0.26938994 0.94231257 0.96837368 0.54256    0.55470587
  0.63492615 0.86110012 0.52873609 0.29251191 0.42994981 0.02464781
  0.29618067 0.47447791 0.82344651 0.5664801  0.25203199 0.        ]
 [0.41720341 0.90251442 0.47187921 0.24653512 0.89573163 1.
  0.77923851 0.41552011 0.17614044 0.15025993 0.31641766 0.77700239
  0.9539533  0.26938994 0.94231257 0.96837368 0.54256    0.55470587
  0.63492615 0.86110012 0.52873609 0.29251191 0.42994981 0.02464781
  0.29618067 0.47447791 0.82344651 0.5664801  0.25203199 0.        ]
 [0.41720341 0.90251442 0.47187921 0.24653512 0.89573163 1.
  0.77923851 0.41552011 0.17614044 0.15025993 0.31641766 0.77700239
  0.9539533  0.26938994 0.94231257 0.96837368 0.54256    0.55470587
  0.63492615 0.86110012 0.52873609 0.29251191 0.42994981 0.02464781
  0.29618067 0.47447791 0.82344651 0.5664801  0.25203199 0.        ]
 [0.41720341 0.90251442 0.47187921 0.24653512 0.89573163 1.
  0.77923851 0.41552011 0.17614044 0.15025993 0.31641766 0.77700239
  0.9539533  0.26938994 0.94231257 0.96837368 0.54256    0.55470587
  0.63492615 0.86110012 0.52873609 0.29251191 0.42994981 0.02464781
  0.29618067 0.47447791 0.82344651 0.5664801  0.25203199 0.        ]
 [0.41720341 0.90251442 0.47187921 0.24653512 0.89573163 1.
  0.77923851 0.41552011 0.17614044 0.15025993 0.31641766 0.77700239
  0.9539533  0.26938994 0.94231257 0.96837368 0.54256    0.55470587
  0.63492615 0.86110012 0.52873609 0.29251191 0.42994981 0.02464781
  0.29618067 0.47447791 0.82344651 0.5664801  0.25203199 0.        ]
 [0.41720341 0.90251442 0.47187921 0.24653512 0.89573163 1.
  0.77923851 0.41552011 0.17614044 0.15025993 0.31641766 0.77700239
  0.9539533  0.26938994 0.94231257 0.96837368 0.54256    0.55470587
  0.63492615 0.86110012 0.52873609 0.29251191 0.42994981 0.02464781
  0.29618067 0.47447791 0.82344651 0.5664801  0.25203199 0.        ]
 [0.41720341 0.90251442 0.47187921 0.24653512 0.89573163 1.
  0.77923851 0.41552011 0.17614044 0.15025993 0.31641766 0.77700239
  0.9539533  0.26938994 0.94231257 0.96837368 0.54256    0.55470587
  0.63492615 0.86110012 0.52873609 0.29251191 0.42994981 0.02464781
  0.29618067 0.47447791 0.82344651 0.5664801  0.25203199 0.        ]
 [0.41720341 0.90251442 0.47187921 0.24653512 0.89573163 1.
  0.77923851 0.41552011 0.17614044 0.15025993 0.31641766 0.77700239
  0.9539533  0.26938994 0.94231257 0.96837368 0.54256    0.55470587
  0.63492615 0.86110012 0.52873609 0.29251191 0.42994981 0.02464781
  0.29618067 0.47447791 0.82344651 0.5664801  0.25203199 0.        ]
 [0.41720341 0.90251442 0.47187921 0.24653512 0.89573163 1.
  0.77923851 0.41552011 0.17614044 0.15025993 0.31641766 0.77700239
  0.9539533  0.26938994 0.94231257 0.96837368 0.54256    0.55470587
  0.63492615 0.86110012 0.52873609 0.29251191 0.42994981 0.02464781
  0.29618067 0.47447791 0.82344651 0.5664801  0.25203199 0.        ]
 [0.41720341 0.90251442 0.47187921 0.24653512 0.89573163 1.
  0.77923851 0.41552011 0.17614044 0.15025993 0.31641766 0.77700239
  0.9539533  0.26938994 0.94231257 0.96837368 0.54256    0.55470587
  0.63492615 0.86110012 0.52873609 0.29251191 0.42994981 0.02464781
  0.29618067 0.47447791 0.82344651 0.5664801  0.25203199 0.        ]
 [0.41720341 0.90251442 0.47187921 0.24653512 0.89573163 1.
  0.77923851 0.41552011 0.17614044 0.15025993 0.31641766 0.77700239
  0.9539533  0.26938994 0.94231257 0.96837368 0.54256    0.55470587
  0.63492615 0.86110012 0.52873609 0.29251191 0.42994981 0.02464781
  0.29618067 0.47447791 0.82344651 0.5664801  0.25203199 0.        ]
 [0.41720341 0.90251442 0.47187921 0.24653512 0.89573163 1.
  0.77923851 0.41552011 0.17614044 0.15025993 0.31641766 0.77700239
  0.9539533  0.26938994 0.94231257 0.96837368 0.54256    0.55470587
  0.63492615 0.86110012 0.52873609 0.29251191 0.42994981 0.02464781
  0.29618067 0.47447791 0.82344651 0.5664801  0.25203199 0.        ]
 [0.41720341 0.90251442 0.47187921 0.24653512 0.89573163 1.
  0.77923851 0.41552011 0.17614044 0.15025993 0.31641766 0.77700239
  0.9539533  0.26938994 0.94231257 0.96837368 0.54256    0.55470587
  0.63492615 0.86110012 0.52873609 0.29251191 0.42994981 0.02464781
  0.29618067 0.47447791 0.82344651 0.5664801  0.25203199 0.        ]
 [0.41720341 0.90251442 0.47187921 0.24653512 0.89573163 1.
  0.77923851 0.41552011 0.17614044 0.15025993 0.31641766 0.77700239
  0.9539533  0.26938994 0.94231257 0.96837368 0.54256    0.55470587
  0.63492615 0.86110012 0.52873609 0.29251191 0.42994981 0.02464781
  0.29618067 0.47447791 0.82344651 0.5664801  0.25203199 0.        ]]"
113,"[[0.79953786 0.94543782 0.29487527 0.43430612 0.89028995 0.99011965
  0.5033275  0.8670983  0.0143661  0.65149788 0.32336164 0.37446862
  0.72350169 0.75800392 0.57380785 0.42952262 0.29430505 0.67135701
  0.14004507 0.58255761 0.02054778 0.46321162 0.63502764 0.91033
  0.81753015 0.64381581 0.33677878 0.04523998 0.         1.        ]
 [0.79953786 0.94543782 0.29487527 0.43430612 0.89028995 0.99011965
  0.5033275  0.8670983  0.0143661  0.65149788 0.32336164 0.37446862
  0.72350169 0.75800392 0.57380785 0.42952262 0.29430505 0.67135701
  0.14004507 0.58255761 0.02054778 0.46321162 0.63502764 0.91033
  0.81753015 0.64381581 0.33677878 0.04523998 0.         1.        ]
 [0.79953786 0.94543782 0.29487527 0.43430612 0.89028995 0.99011965
  0.5033275  0.8670983  0.0143661  0.65149788 0.32336164 0.37446862
  0.72350169 0.75800392 0.57380785 0.42952262 0.29430505 0.67135701
  0.14004507 0.58255761 0.02054778 0.46321162 0.63502764 0.91033
  0.81753015 0.64381581 0.33677878 0.04523998 0.         1.        ]
 [0.79953786 0.94543782 0.29487527 0.43430612 0.89028995 0.99011965
  0.5033275  0.8670983  0.0143661  0.65149788 0.32336164 0.37446862
  0.72350169 0.75800392 0.57380785 0.42952262 0.29430505 0.67135701
  0.14004507 0.58255761 0.02054778 0.46321162 0.63502764 0.91033
  0.81753015 0.64381581 0.33677878 0.04523998 0.         1.        ]
 [0.79953786 0.94543782 0.29487527 0.43430612 0.89028995 0.99011965
  0.5033275  0.8670983  0.0143661  0.65149788 0.32336164 0.37446862
  0.72350169 0.75800392 0.57380785 0.42952262 0.29430505 0.67135701
  0.14004507 0.58255761 0.02054778 0.46321162 0.63502764 0.91033
  0.81753015 0.64381581 0.33677878 0.04523998 0.         1.        ]
 [0.79953786 0.94543782 0.29487527 0.43430612 0.89028995 0.99011965
  0.5033275  0.8670983  0.0143661  0.65149788 0.32336164 0.37446862
  0.72350169 0.75800392 0.57380785 0.42952262 0.29430505 0.67135701
  0.14004507 0.58255761 0.02054778 0.46321162 0.63502764 0.91033
  0.81753015 0.64381581 0.33677878 0.04523998 0.         1.        ]
 [0.79953786 0.94543782 0.29487527 0.43430612 0.89028995 0.99011965
  0.5033275  0.8670983  0.0143661  0.65149788 0.32336164 0.37446862
  0.72350169 0.75800392 0.57380785 0.42952262 0.29430505 0.67135701
  0.14004507 0.58255761 0.02054778 0.46321162 0.63502764 0.91033
  0.81753015 0.64381581 0.33677878 0.04523998 0.         1.        ]
 [0.79953786 0.94543782 0.29487527 0.43430612 0.89028995 0.99011965
  0.5033275  0.8670983  0.0143661  0.65149788 0.32336164 0.37446862
  0.72350169 0.75800392 0.57380785 0.42952262 0.29430505 0.67135701
  0.14004507 0.58255761 0.02054778 0.46321162 0.63502764 0.91033
  0.81753015 0.64381581 0.33677878 0.04523998 0.         1.        ]
 [0.79953786 0.94543782 0.29487527 0.43430612 0.89028995 0.99011965
  0.5033275  0.8670983  0.0143661  0.65149788 0.32336164 0.37446862
  0.72350169 0.75800392 0.57380785 0.42952262 0.29430505 0.67135701
  0.14004507 0.58255761 0.02054778 0.46321162 0.63502764 0.91033
  0.81753015 0.64381581 0.33677878 0.04523998 0.         1.        ]
 [0.79953786 0.94543782 0.29487527 0.43430612 0.89028995 0.99011965
  0.5033275  0.8670983  0.0143661  0.65149788 0.32336164 0.37446862
  0.72350169 0.75800392 0.57380785 0.42952262 0.29430505 0.67135701
  0.14004507 0.58255761 0.02054778 0.46321162 0.63502764 0.91033
  0.81753015 0.64381581 0.33677878 0.04523998 0.         1.        ]
 [0.79953786 0.94543782 0.29487527 0.43430612 0.89028995 0.99011965
  0.5033275  0.8670983  0.0143661  0.65149788 0.32336164 0.37446862
  0.72350169 0.75800392 0.57380785 0.42952262 0.29430505 0.67135701
  0.14004507 0.58255761 0.02054778 0.46321162 0.63502764 0.91033
  0.81753015 0.64381581 0.33677878 0.04523998 0.         1.        ]
 [0.79953786 0.94543782 0.29487527 0.43430612 0.89028995 0.99011965
  0.5033275  0.8670983  0.0143661  0.65149788 0.32336164 0.37446862
  0.72350169 0.75800392 0.57380785 0.42952262 0.29430505 0.67135701
  0.14004507 0.58255761 0.02054778 0.46321162 0.63502764 0.91033
  0.81753015 0.64381581 0.33677878 0.04523998 0.         1.        ]
 [0.79953786 0.94543782 0.29487527 0.43430612 0.89028995 0.99011965
  0.5033275  0.8670983  0.0143661  0.65149788 0.32336164 0.37446862
  0.72350169 0.75800392 0.57380785 0.42952262 0.29430505 0.67135701
  0.14004507 0.58255761 0.02054778 0.46321162 0.63502764 0.91033
  0.81753015 0.64381581 0.33677878 0.04523998 0.         1.        ]
 [0.79953786 0.94543782 0.29487527 0.43430612 0.89028995 0.99011965
  0.5033275  0.8670983  0.0143661  0.65149788 0.32336164 0.37446862
  0.72350169 0.75800392 0.57380785 0.42952262 0.29430505 0.67135701
  0.14004507 0.58255761 0.02054778 0.46321162 0.63502764 0.91033
  0.81753015 0.64381581 0.33677878 0.04523998 0.         1.        ]
 [0.79953786 0.94543782 0.29487527 0.43430612 0.89028995 0.99011965
  0.5033275  0.8670983  0.0143661  0.65149788 0.32336164 0.37446862
  0.72350169 0.75800392 0.57380785 0.42952262 0.29430505 0.67135701
  0.14004507 0.58255761 0.02054778 0.46321162 0.63502764 0.91033
  0.81753015 0.64381581 0.33677878 0.04523998 0.         1.        ]
 [0.79953786 0.94543782 0.29487527 0.43430612 0.89028995 0.99011965
  0.5033275  0.8670983  0.0143661  0.65149788 0.32336164 0.37446862
  0.72350169 0.75800392 0.57380785 0.42952262 0.29430505 0.67135701
  0.14004507 0.58255761 0.02054778 0.46321162 0.63502764 0.91033
  0.81753015 0.64381581 0.33677878 0.04523998 0.         1.        ]
 [0.79953786 0.94543782 0.29487527 0.43430612 0.89028995 0.99011965
  0.5033275  0.8670983  0.0143661  0.65149788 0.32336164 0.37446862
  0.72350169 0.75800392 0.57380785 0.42952262 0.29430505 0.67135701
  0.14004507 0.58255761 0.02054778 0.46321162 0.63502764 0.91033
  0.81753015 0.64381581 0.33677878 0.04523998 0.         1.        ]
 [0.79953786 0.94543782 0.29487527 0.43430612 0.89028995 0.99011965
  0.5033275  0.8670983  0.0143661  0.65149788 0.32336164 0.37446862
  0.72350169 0.75800392 0.57380785 0.42952262 0.29430505 0.67135701
  0.14004507 0.58255761 0.02054778 0.46321162 0.63502764 0.91033
  0.81753015 0.64381581 0.33677878 0.04523998 0.         1.        ]
 [0.79953786 0.94543782 0.29487527 0.43430612 0.89028995 0.99011965
  0.5033275  0.8670983  0.0143661  0.65149788 0.32336164 0.37446862
  0.72350169 0.75800392 0.57380785 0.42952262 0.29430505 0.67135701
  0.14004507 0.58255761 0.02054778 0.46321162 0.63502764 0.91033
  0.81753015 0.64381581 0.33677878 0.04523998 0.         1.        ]
 [0.79953786 0.94543782 0.29487527 0.43430612 0.89028995 0.99011965
  0.5033275  0.8670983  0.0143661  0.65149788 0.32336164 0.37446862
  0.72350169 0.75800392 0.57380785 0.42952262 0.29430505 0.67135701
  0.14004507 0.58255761 0.02054778 0.46321162 0.63502764 0.91033
  0.81753015 0.64381581 0.33677878 0.04523998 0.         1.        ]
 [0.79953786 0.94543782 0.29487527 0.43430612 0.89028995 0.99011965
  0.5033275  0.8670983  0.0143661  0.65149788 0.32336164 0.37446862
  0.72350169 0.75800392 0.57380785 0.42952262 0.29430505 0.67135701
  0.14004507 0.58255761 0.02054778 0.46321162 0.63502764 0.91033
  0.81753015 0.64381581 0.33677878 0.04523998 0.         1.        ]
 [0.79953786 0.94543782 0.29487527 0.43430612 0.89028995 0.99011965
  0.5033275  0.8670983  0.0143661  0.65149788 0.32336164 0.37446862
  0.72350169 0.75800392 0.57380785 0.42952262 0.29430505 0.67135701
  0.14004507 0.58255761 0.02054778 0.46321162 0.63502764 0.91033
  0.81753015 0.64381581 0.33677878 0.04523998 0.         1.        ]
 [0.79953786 0.94543782 0.29487527 0.43430612 0.89028995 0.99011965
  0.5033275  0.8670983  0.0143661  0.65149788 0.32336164 0.37446862
  0.72350169 0.75800392 0.57380785 0.42952262 0.29430505 0.67135701
  0.14004507 0.58255761 0.02054778 0.46321162 0.63502764 0.91033
  0.81753015 0.64381581 0.33677878 0.04523998 0.         1.        ]
 [0.79953786 0.94543782 0.29487527 0.43430612 0.89028995 0.99011965
  0.5033275  0.8670983  0.0143661  0.65149788 0.32336164 0.37446862
  0.72350169 0.75800392 0.57380785 0.42952262 0.29430505 0.67135701
  0.14004507 0.58255761 0.02054778 0.46321162 0.63502764 0.91033
  0.81753015 0.64381581 0.33677878 0.04523998 0.         1.        ]
 [0.79953786 0.94543782 0.29487527 0.43430612 0.89028995 0.99011965
  0.5033275  0.8670983  0.0143661  0.65149788 0.32336164 0.37446862
  0.72350169 0.75800392 0.57380785 0.42952262 0.29430505 0.67135701
  0.14004507 0.58255761 0.02054778 0.46321162 0.63502764 0.91033
  0.81753015 0.64381581 0.33677878 0.04523998 0.         1.        ]
 [0.79953786 0.94543782 0.29487527 0.43430612 0.89028995 0.99011965
  0.5033275  0.8670983  0.0143661  0.65149788 0.32336164 0.37446862
  0.72350169 0.75800392 0.57380785 0.42952262 0.29430505 0.67135701
  0.14004507 0.58255761 0.02054778 0.46321162 0.63502764 0.91033
  0.81753015 0.64381581 0.33677878 0.04523998 0.         1.        ]
 [0.79953786 0.94543782 0.29487527 0.43430612 0.89028995 0.99011965
  0.5033275  0.8670983  0.0143661  0.65149788 0.32336164 0.37446862
  0.72350169 0.75800392 0.57380785 0.42952262 0.29430505 0.67135701
  0.14004507 0.58255761 0.02054778 0.46321162 0.63502764 0.91033
  0.81753015 0.64381581 0.33677878 0.04523998 0.         1.        ]
 [0.79953786 0.94543782 0.29487527 0.43430612 0.89028995 0.99011965
  0.5033275  0.8670983  0.0143661  0.65149788 0.32336164 0.37446862
  0.72350169 0.75800392 0.57380785 0.42952262 0.29430505 0.67135701
  0.14004507 0.58255761 0.02054778 0.46321162 0.63502764 0.91033
  0.81753015 0.64381581 0.33677878 0.04523998 0.         1.        ]
 [0.79953786 0.94543782 0.29487527 0.43430612 0.89028995 0.99011965
  0.5033275  0.8670983  0.0143661  0.65149788 0.32336164 0.37446862
  0.72350169 0.75800392 0.57380785 0.42952262 0.29430505 0.67135701
  0.14004507 0.58255761 0.02054778 0.46321162 0.63502764 0.91033
  0.81753015 0.64381581 0.33677878 0.04523998 0.         1.        ]
 [0.79953786 0.94543782 0.29487527 0.43430612 0.89028995 0.99011965
  0.5033275  0.8670983  0.0143661  0.65149788 0.32336164 0.37446862
  0.72350169 0.75800392 0.57380785 0.42952262 0.29430505 0.67135701
  0.14004507 0.58255761 0.02054778 0.46321162 0.63502764 0.91033
  0.81753015 0.64381581 0.33677878 0.04523998 0.         1.        ]]"
114,"[[0.95486876 0.60333778 0.593235   0.66886875 0.55867756 0.3362609
  0.67269214 0.61099918 0.46013599 0.43256187 0.81061707 0.39668804
  0.52555874 0.15380651 0.         0.14339928 0.84093291 0.40659118
  0.24038462 0.04551158 0.21614059 0.03910782 0.50116911 0.36449554
  0.43660836 1.         0.25973467 0.78294136 0.78249644 0.62649332]
 [0.95486876 0.60333778 0.593235   0.66886875 0.55867756 0.3362609
  0.67269214 0.61099918 0.46013599 0.43256187 0.81061707 0.39668804
  0.52555874 0.15380651 0.         0.14339928 0.84093291 0.40659118
  0.24038462 0.04551158 0.21614059 0.03910782 0.50116911 0.36449554
  0.43660836 1.         0.25973467 0.78294136 0.78249644 0.62649332]
 [0.95486876 0.60333778 0.593235   0.66886875 0.55867756 0.3362609
  0.67269214 0.61099918 0.46013599 0.43256187 0.81061707 0.39668804
  0.52555874 0.15380651 0.         0.14339928 0.84093291 0.40659118
  0.24038462 0.04551158 0.21614059 0.03910782 0.50116911 0.36449554
  0.43660836 1.         0.25973467 0.78294136 0.78249644 0.62649332]
 [0.95486876 0.60333778 0.593235   0.66886875 0.55867756 0.3362609
  0.67269214 0.61099918 0.46013599 0.43256187 0.81061707 0.39668804
  0.52555874 0.15380651 0.         0.14339928 0.84093291 0.40659118
  0.24038462 0.04551158 0.21614059 0.03910782 0.50116911 0.36449554
  0.43660836 1.         0.25973467 0.78294136 0.78249644 0.62649332]
 [0.95486876 0.60333778 0.593235   0.66886875 0.55867756 0.3362609
  0.67269214 0.61099918 0.46013599 0.43256187 0.81061707 0.39668804
  0.52555874 0.15380651 0.         0.14339928 0.84093291 0.40659118
  0.24038462 0.04551158 0.21614059 0.03910782 0.50116911 0.36449554
  0.43660836 1.         0.25973467 0.78294136 0.78249644 0.62649332]
 [0.95486876 0.60333778 0.593235   0.66886875 0.55867756 0.3362609
  0.67269214 0.61099918 0.46013599 0.43256187 0.81061707 0.39668804
  0.52555874 0.15380651 0.         0.14339928 0.84093291 0.40659118
  0.24038462 0.04551158 0.21614059 0.03910782 0.50116911 0.36449554
  0.43660836 1.         0.25973467 0.78294136 0.78249644 0.62649332]
 [0.95486876 0.60333778 0.593235   0.66886875 0.55867756 0.3362609
  0.67269214 0.61099918 0.46013599 0.43256187 0.81061707 0.39668804
  0.52555874 0.15380651 0.         0.14339928 0.84093291 0.40659118
  0.24038462 0.04551158 0.21614059 0.03910782 0.50116911 0.36449554
  0.43660836 1.         0.25973467 0.78294136 0.78249644 0.62649332]
 [0.95486876 0.60333778 0.593235   0.66886875 0.55867756 0.3362609
  0.67269214 0.61099918 0.46013599 0.43256187 0.81061707 0.39668804
  0.52555874 0.15380651 0.         0.14339928 0.84093291 0.40659118
  0.24038462 0.04551158 0.21614059 0.03910782 0.50116911 0.36449554
  0.43660836 1.         0.25973467 0.78294136 0.78249644 0.62649332]
 [0.95486876 0.60333778 0.593235   0.66886875 0.55867756 0.3362609
  0.67269214 0.61099918 0.46013599 0.43256187 0.81061707 0.39668804
  0.52555874 0.15380651 0.         0.14339928 0.84093291 0.40659118
  0.24038462 0.04551158 0.21614059 0.03910782 0.50116911 0.36449554
  0.43660836 1.         0.25973467 0.78294136 0.78249644 0.62649332]
 [0.95486876 0.60333778 0.593235   0.66886875 0.55867756 0.3362609
  0.67269214 0.61099918 0.46013599 0.43256187 0.81061707 0.39668804
  0.52555874 0.15380651 0.         0.14339928 0.84093291 0.40659118
  0.24038462 0.04551158 0.21614059 0.03910782 0.50116911 0.36449554
  0.43660836 1.         0.25973467 0.78294136 0.78249644 0.62649332]
 [0.95486876 0.60333778 0.593235   0.66886875 0.55867756 0.3362609
  0.67269214 0.61099918 0.46013599 0.43256187 0.81061707 0.39668804
  0.52555874 0.15380651 0.         0.14339928 0.84093291 0.40659118
  0.24038462 0.04551158 0.21614059 0.03910782 0.50116911 0.36449554
  0.43660836 1.         0.25973467 0.78294136 0.78249644 0.62649332]
 [0.95486876 0.60333778 0.593235   0.66886875 0.55867756 0.3362609
  0.67269214 0.61099918 0.46013599 0.43256187 0.81061707 0.39668804
  0.52555874 0.15380651 0.         0.14339928 0.84093291 0.40659118
  0.24038462 0.04551158 0.21614059 0.03910782 0.50116911 0.36449554
  0.43660836 1.         0.25973467 0.78294136 0.78249644 0.62649332]
 [0.95486876 0.60333778 0.593235   0.66886875 0.55867756 0.3362609
  0.67269214 0.61099918 0.46013599 0.43256187 0.81061707 0.39668804
  0.52555874 0.15380651 0.         0.14339928 0.84093291 0.40659118
  0.24038462 0.04551158 0.21614059 0.03910782 0.50116911 0.36449554
  0.43660836 1.         0.25973467 0.78294136 0.78249644 0.62649332]
 [0.95486876 0.60333778 0.593235   0.66886875 0.55867756 0.3362609
  0.67269214 0.61099918 0.46013599 0.43256187 0.81061707 0.39668804
  0.52555874 0.15380651 0.         0.14339928 0.84093291 0.40659118
  0.24038462 0.04551158 0.21614059 0.03910782 0.50116911 0.36449554
  0.43660836 1.         0.25973467 0.78294136 0.78249644 0.62649332]
 [0.95486876 0.60333778 0.593235   0.66886875 0.55867756 0.3362609
  0.67269214 0.61099918 0.46013599 0.43256187 0.81061707 0.39668804
  0.52555874 0.15380651 0.         0.14339928 0.84093291 0.40659118
  0.24038462 0.04551158 0.21614059 0.03910782 0.50116911 0.36449554
  0.43660836 1.         0.25973467 0.78294136 0.78249644 0.62649332]
 [0.95486876 0.60333778 0.593235   0.66886875 0.55867756 0.3362609
  0.67269214 0.61099918 0.46013599 0.43256187 0.81061707 0.39668804
  0.52555874 0.15380651 0.         0.14339928 0.84093291 0.40659118
  0.24038462 0.04551158 0.21614059 0.03910782 0.50116911 0.36449554
  0.43660836 1.         0.25973467 0.78294136 0.78249644 0.62649332]
 [0.95486876 0.60333778 0.593235   0.66886875 0.55867756 0.3362609
  0.67269214 0.61099918 0.46013599 0.43256187 0.81061707 0.39668804
  0.52555874 0.15380651 0.         0.14339928 0.84093291 0.40659118
  0.24038462 0.04551158 0.21614059 0.03910782 0.50116911 0.36449554
  0.43660836 1.         0.25973467 0.78294136 0.78249644 0.62649332]
 [0.95486876 0.60333778 0.593235   0.66886875 0.55867756 0.3362609
  0.67269214 0.61099918 0.46013599 0.43256187 0.81061707 0.39668804
  0.52555874 0.15380651 0.         0.14339928 0.84093291 0.40659118
  0.24038462 0.04551158 0.21614059 0.03910782 0.50116911 0.36449554
  0.43660836 1.         0.25973467 0.78294136 0.78249644 0.62649332]
 [0.95486876 0.60333778 0.593235   0.66886875 0.55867756 0.3362609
  0.67269214 0.61099918 0.46013599 0.43256187 0.81061707 0.39668804
  0.52555874 0.15380651 0.         0.14339928 0.84093291 0.40659118
  0.24038462 0.04551158 0.21614059 0.03910782 0.50116911 0.36449554
  0.43660836 1.         0.25973467 0.78294136 0.78249644 0.62649332]
 [0.95486876 0.60333778 0.593235   0.66886875 0.55867756 0.3362609
  0.67269214 0.61099918 0.46013599 0.43256187 0.81061707 0.39668804
  0.52555874 0.15380651 0.         0.14339928 0.84093291 0.40659118
  0.24038462 0.04551158 0.21614059 0.03910782 0.50116911 0.36449554
  0.43660836 1.         0.25973467 0.78294136 0.78249644 0.62649332]
 [0.95486876 0.60333778 0.593235   0.66886875 0.55867756 0.3362609
  0.67269214 0.61099918 0.46013599 0.43256187 0.81061707 0.39668804
  0.52555874 0.15380651 0.         0.14339928 0.84093291 0.40659118
  0.24038462 0.04551158 0.21614059 0.03910782 0.50116911 0.36449554
  0.43660836 1.         0.25973467 0.78294136 0.78249644 0.62649332]
 [0.95486876 0.60333778 0.593235   0.66886875 0.55867756 0.3362609
  0.67269214 0.61099918 0.46013599 0.43256187 0.81061707 0.39668804
  0.52555874 0.15380651 0.         0.14339928 0.84093291 0.40659118
  0.24038462 0.04551158 0.21614059 0.03910782 0.50116911 0.36449554
  0.43660836 1.         0.25973467 0.78294136 0.78249644 0.62649332]
 [0.95486876 0.60333778 0.593235   0.66886875 0.55867756 0.3362609
  0.67269214 0.61099918 0.46013599 0.43256187 0.81061707 0.39668804
  0.52555874 0.15380651 0.         0.14339928 0.84093291 0.40659118
  0.24038462 0.04551158 0.21614059 0.03910782 0.50116911 0.36449554
  0.43660836 1.         0.25973467 0.78294136 0.78249644 0.62649332]
 [0.95486876 0.60333778 0.593235   0.66886875 0.55867756 0.3362609
  0.67269214 0.61099918 0.46013599 0.43256187 0.81061707 0.39668804
  0.52555874 0.15380651 0.         0.14339928 0.84093291 0.40659118
  0.24038462 0.04551158 0.21614059 0.03910782 0.50116911 0.36449554
  0.43660836 1.         0.25973467 0.78294136 0.78249644 0.62649332]
 [0.95486876 0.60333778 0.593235   0.66886875 0.55867756 0.3362609
  0.67269214 0.61099918 0.46013599 0.43256187 0.81061707 0.39668804
  0.52555874 0.15380651 0.         0.14339928 0.84093291 0.40659118
  0.24038462 0.04551158 0.21614059 0.03910782 0.50116911 0.36449554
  0.43660836 1.         0.25973467 0.78294136 0.78249644 0.62649332]
 [0.95486876 0.60333778 0.593235   0.66886875 0.55867756 0.3362609
  0.67269214 0.61099918 0.46013599 0.43256187 0.81061707 0.39668804
  0.52555874 0.15380651 0.         0.14339928 0.84093291 0.40659118
  0.24038462 0.04551158 0.21614059 0.03910782 0.50116911 0.36449554
  0.43660836 1.         0.25973467 0.78294136 0.78249644 0.62649332]
 [0.95486876 0.60333778 0.593235   0.66886875 0.55867756 0.3362609
  0.67269214 0.61099918 0.46013599 0.43256187 0.81061707 0.39668804
  0.52555874 0.15380651 0.         0.14339928 0.84093291 0.40659118
  0.24038462 0.04551158 0.21614059 0.03910782 0.50116911 0.36449554
  0.43660836 1.         0.25973467 0.78294136 0.78249644 0.62649332]
 [0.95486876 0.60333778 0.593235   0.66886875 0.55867756 0.3362609
  0.67269214 0.61099918 0.46013599 0.43256187 0.81061707 0.39668804
  0.52555874 0.15380651 0.         0.14339928 0.84093291 0.40659118
  0.24038462 0.04551158 0.21614059 0.03910782 0.50116911 0.36449554
  0.43660836 1.         0.25973467 0.78294136 0.78249644 0.62649332]
 [0.95486876 0.60333778 0.593235   0.66886875 0.55867756 0.3362609
  0.67269214 0.61099918 0.46013599 0.43256187 0.81061707 0.39668804
  0.52555874 0.15380651 0.         0.14339928 0.84093291 0.40659118
  0.24038462 0.04551158 0.21614059 0.03910782 0.50116911 0.36449554
  0.43660836 1.         0.25973467 0.78294136 0.78249644 0.62649332]
 [0.95486876 0.60333778 0.593235   0.66886875 0.55867756 0.3362609
  0.67269214 0.61099918 0.46013599 0.43256187 0.81061707 0.39668804
  0.52555874 0.15380651 0.         0.14339928 0.84093291 0.40659118
  0.24038462 0.04551158 0.21614059 0.03910782 0.50116911 0.36449554
  0.43660836 1.         0.25973467 0.78294136 0.78249644 0.62649332]]"
115,"[[0.11702007 0.80407557 0.46289501 0.00415391 0.39771436 0.79783257
  0.16964964 0.06556015 0.47716014 0.66530145 0.67380053 0.28806882
  0.64303174 0.         0.68999608 0.10591678 0.68520324 0.54448964
  0.61010153 0.84938329 0.51745429 0.50483352 0.96460869 1.
  0.6893339  0.07734945 0.63552793 0.59500886 0.91705221 0.85658314]
 [0.11702007 0.80407557 0.46289501 0.00415391 0.39771436 0.79783257
  0.16964964 0.06556015 0.47716014 0.66530145 0.67380053 0.28806882
  0.64303174 0.         0.68999608 0.10591678 0.68520324 0.54448964
  0.61010153 0.84938329 0.51745429 0.50483352 0.96460869 1.
  0.6893339  0.07734945 0.63552793 0.59500886 0.91705221 0.85658314]
 [0.11702007 0.80407557 0.46289501 0.00415391 0.39771436 0.79783257
  0.16964964 0.06556015 0.47716014 0.66530145 0.67380053 0.28806882
  0.64303174 0.         0.68999608 0.10591678 0.68520324 0.54448964
  0.61010153 0.84938329 0.51745429 0.50483352 0.96460869 1.
  0.6893339  0.07734945 0.63552793 0.59500886 0.91705221 0.85658314]
 [0.11702007 0.80407557 0.46289501 0.00415391 0.39771436 0.79783257
  0.16964964 0.06556015 0.47716014 0.66530145 0.67380053 0.28806882
  0.64303174 0.         0.68999608 0.10591678 0.68520324 0.54448964
  0.61010153 0.84938329 0.51745429 0.50483352 0.96460869 1.
  0.6893339  0.07734945 0.63552793 0.59500886 0.91705221 0.85658314]
 [0.11702007 0.80407557 0.46289501 0.00415391 0.39771436 0.79783257
  0.16964964 0.06556015 0.47716014 0.66530145 0.67380053 0.28806882
  0.64303174 0.         0.68999608 0.10591678 0.68520324 0.54448964
  0.61010153 0.84938329 0.51745429 0.50483352 0.96460869 1.
  0.6893339  0.07734945 0.63552793 0.59500886 0.91705221 0.85658314]
 [0.11702007 0.80407557 0.46289501 0.00415391 0.39771436 0.79783257
  0.16964964 0.06556015 0.47716014 0.66530145 0.67380053 0.28806882
  0.64303174 0.         0.68999608 0.10591678 0.68520324 0.54448964
  0.61010153 0.84938329 0.51745429 0.50483352 0.96460869 1.
  0.6893339  0.07734945 0.63552793 0.59500886 0.91705221 0.85658314]
 [0.11702007 0.80407557 0.46289501 0.00415391 0.39771436 0.79783257
  0.16964964 0.06556015 0.47716014 0.66530145 0.67380053 0.28806882
  0.64303174 0.         0.68999608 0.10591678 0.68520324 0.54448964
  0.61010153 0.84938329 0.51745429 0.50483352 0.96460869 1.
  0.6893339  0.07734945 0.63552793 0.59500886 0.91705221 0.85658314]
 [0.11702007 0.80407557 0.46289501 0.00415391 0.39771436 0.79783257
  0.16964964 0.06556015 0.47716014 0.66530145 0.67380053 0.28806882
  0.64303174 0.         0.68999608 0.10591678 0.68520324 0.54448964
  0.61010153 0.84938329 0.51745429 0.50483352 0.96460869 1.
  0.6893339  0.07734945 0.63552793 0.59500886 0.91705221 0.85658314]
 [0.11702007 0.80407557 0.46289501 0.00415391 0.39771436 0.79783257
  0.16964964 0.06556015 0.47716014 0.66530145 0.67380053 0.28806882
  0.64303174 0.         0.68999608 0.10591678 0.68520324 0.54448964
  0.61010153 0.84938329 0.51745429 0.50483352 0.96460869 1.
  0.6893339  0.07734945 0.63552793 0.59500886 0.91705221 0.85658314]
 [0.11702007 0.80407557 0.46289501 0.00415391 0.39771436 0.79783257
  0.16964964 0.06556015 0.47716014 0.66530145 0.67380053 0.28806882
  0.64303174 0.         0.68999608 0.10591678 0.68520324 0.54448964
  0.61010153 0.84938329 0.51745429 0.50483352 0.96460869 1.
  0.6893339  0.07734945 0.63552793 0.59500886 0.91705221 0.85658314]
 [0.11702007 0.80407557 0.46289501 0.00415391 0.39771436 0.79783257
  0.16964964 0.06556015 0.47716014 0.66530145 0.67380053 0.28806882
  0.64303174 0.         0.68999608 0.10591678 0.68520324 0.54448964
  0.61010153 0.84938329 0.51745429 0.50483352 0.96460869 1.
  0.6893339  0.07734945 0.63552793 0.59500886 0.91705221 0.85658314]
 [0.11702007 0.80407557 0.46289501 0.00415391 0.39771436 0.79783257
  0.16964964 0.06556015 0.47716014 0.66530145 0.67380053 0.28806882
  0.64303174 0.         0.68999608 0.10591678 0.68520324 0.54448964
  0.61010153 0.84938329 0.51745429 0.50483352 0.96460869 1.
  0.6893339  0.07734945 0.63552793 0.59500886 0.91705221 0.85658314]
 [0.11702007 0.80407557 0.46289501 0.00415391 0.39771436 0.79783257
  0.16964964 0.06556015 0.47716014 0.66530145 0.67380053 0.28806882
  0.64303174 0.         0.68999608 0.10591678 0.68520324 0.54448964
  0.61010153 0.84938329 0.51745429 0.50483352 0.96460869 1.
  0.6893339  0.07734945 0.63552793 0.59500886 0.91705221 0.85658314]
 [0.11702007 0.80407557 0.46289501 0.00415391 0.39771436 0.79783257
  0.16964964 0.06556015 0.47716014 0.66530145 0.67380053 0.28806882
  0.64303174 0.         0.68999608 0.10591678 0.68520324 0.54448964
  0.61010153 0.84938329 0.51745429 0.50483352 0.96460869 1.
  0.6893339  0.07734945 0.63552793 0.59500886 0.91705221 0.85658314]
 [0.11702007 0.80407557 0.46289501 0.00415391 0.39771436 0.79783257
  0.16964964 0.06556015 0.47716014 0.66530145 0.67380053 0.28806882
  0.64303174 0.         0.68999608 0.10591678 0.68520324 0.54448964
  0.61010153 0.84938329 0.51745429 0.50483352 0.96460869 1.
  0.6893339  0.07734945 0.63552793 0.59500886 0.91705221 0.85658314]
 [0.11702007 0.80407557 0.46289501 0.00415391 0.39771436 0.79783257
  0.16964964 0.06556015 0.47716014 0.66530145 0.67380053 0.28806882
  0.64303174 0.         0.68999608 0.10591678 0.68520324 0.54448964
  0.61010153 0.84938329 0.51745429 0.50483352 0.96460869 1.
  0.6893339  0.07734945 0.63552793 0.59500886 0.91705221 0.85658314]
 [0.11702007 0.80407557 0.46289501 0.00415391 0.39771436 0.79783257
  0.16964964 0.06556015 0.47716014 0.66530145 0.67380053 0.28806882
  0.64303174 0.         0.68999608 0.10591678 0.68520324 0.54448964
  0.61010153 0.84938329 0.51745429 0.50483352 0.96460869 1.
  0.6893339  0.07734945 0.63552793 0.59500886 0.91705221 0.85658314]
 [0.11702007 0.80407557 0.46289501 0.00415391 0.39771436 0.79783257
  0.16964964 0.06556015 0.47716014 0.66530145 0.67380053 0.28806882
  0.64303174 0.         0.68999608 0.10591678 0.68520324 0.54448964
  0.61010153 0.84938329 0.51745429 0.50483352 0.96460869 1.
  0.6893339  0.07734945 0.63552793 0.59500886 0.91705221 0.85658314]
 [0.11702007 0.80407557 0.46289501 0.00415391 0.39771436 0.79783257
  0.16964964 0.06556015 0.47716014 0.66530145 0.67380053 0.28806882
  0.64303174 0.         0.68999608 0.10591678 0.68520324 0.54448964
  0.61010153 0.84938329 0.51745429 0.50483352 0.96460869 1.
  0.6893339  0.07734945 0.63552793 0.59500886 0.91705221 0.85658314]
 [0.11702007 0.80407557 0.46289501 0.00415391 0.39771436 0.79783257
  0.16964964 0.06556015 0.47716014 0.66530145 0.67380053 0.28806882
  0.64303174 0.         0.68999608 0.10591678 0.68520324 0.54448964
  0.61010153 0.84938329 0.51745429 0.50483352 0.96460869 1.
  0.6893339  0.07734945 0.63552793 0.59500886 0.91705221 0.85658314]
 [0.11702007 0.80407557 0.46289501 0.00415391 0.39771436 0.79783257
  0.16964964 0.06556015 0.47716014 0.66530145 0.67380053 0.28806882
  0.64303174 0.         0.68999608 0.10591678 0.68520324 0.54448964
  0.61010153 0.84938329 0.51745429 0.50483352 0.96460869 1.
  0.6893339  0.07734945 0.63552793 0.59500886 0.91705221 0.85658314]
 [0.11702007 0.80407557 0.46289501 0.00415391 0.39771436 0.79783257
  0.16964964 0.06556015 0.47716014 0.66530145 0.67380053 0.28806882
  0.64303174 0.         0.68999608 0.10591678 0.68520324 0.54448964
  0.61010153 0.84938329 0.51745429 0.50483352 0.96460869 1.
  0.6893339  0.07734945 0.63552793 0.59500886 0.91705221 0.85658314]
 [0.11702007 0.80407557 0.46289501 0.00415391 0.39771436 0.79783257
  0.16964964 0.06556015 0.47716014 0.66530145 0.67380053 0.28806882
  0.64303174 0.         0.68999608 0.10591678 0.68520324 0.54448964
  0.61010153 0.84938329 0.51745429 0.50483352 0.96460869 1.
  0.6893339  0.07734945 0.63552793 0.59500886 0.91705221 0.85658314]
 [0.11702007 0.80407557 0.46289501 0.00415391 0.39771436 0.79783257
  0.16964964 0.06556015 0.47716014 0.66530145 0.67380053 0.28806882
  0.64303174 0.         0.68999608 0.10591678 0.68520324 0.54448964
  0.61010153 0.84938329 0.51745429 0.50483352 0.96460869 1.
  0.6893339  0.07734945 0.63552793 0.59500886 0.91705221 0.85658314]
 [0.11702007 0.80407557 0.46289501 0.00415391 0.39771436 0.79783257
  0.16964964 0.06556015 0.47716014 0.66530145 0.67380053 0.28806882
  0.64303174 0.         0.68999608 0.10591678 0.68520324 0.54448964
  0.61010153 0.84938329 0.51745429 0.50483352 0.96460869 1.
  0.6893339  0.07734945 0.63552793 0.59500886 0.91705221 0.85658314]
 [0.11702007 0.80407557 0.46289501 0.00415391 0.39771436 0.79783257
  0.16964964 0.06556015 0.47716014 0.66530145 0.67380053 0.28806882
  0.64303174 0.         0.68999608 0.10591678 0.68520324 0.54448964
  0.61010153 0.84938329 0.51745429 0.50483352 0.96460869 1.
  0.6893339  0.07734945 0.63552793 0.59500886 0.91705221 0.85658314]
 [0.11702007 0.80407557 0.46289501 0.00415391 0.39771436 0.79783257
  0.16964964 0.06556015 0.47716014 0.66530145 0.67380053 0.28806882
  0.64303174 0.         0.68999608 0.10591678 0.68520324 0.54448964
  0.61010153 0.84938329 0.51745429 0.50483352 0.96460869 1.
  0.6893339  0.07734945 0.63552793 0.59500886 0.91705221 0.85658314]
 [0.11702007 0.80407557 0.46289501 0.00415391 0.39771436 0.79783257
  0.16964964 0.06556015 0.47716014 0.66530145 0.67380053 0.28806882
  0.64303174 0.         0.68999608 0.10591678 0.68520324 0.54448964
  0.61010153 0.84938329 0.51745429 0.50483352 0.96460869 1.
  0.6893339  0.07734945 0.63552793 0.59500886 0.91705221 0.85658314]
 [0.11702007 0.80407557 0.46289501 0.00415391 0.39771436 0.79783257
  0.16964964 0.06556015 0.47716014 0.66530145 0.67380053 0.28806882
  0.64303174 0.         0.68999608 0.10591678 0.68520324 0.54448964
  0.61010153 0.84938329 0.51745429 0.50483352 0.96460869 1.
  0.6893339  0.07734945 0.63552793 0.59500886 0.91705221 0.85658314]
 [0.11702007 0.80407557 0.46289501 0.00415391 0.39771436 0.79783257
  0.16964964 0.06556015 0.47716014 0.66530145 0.67380053 0.28806882
  0.64303174 0.         0.68999608 0.10591678 0.68520324 0.54448964
  0.61010153 0.84938329 0.51745429 0.50483352 0.96460869 1.
  0.6893339  0.07734945 0.63552793 0.59500886 0.91705221 0.85658314]]"
116,"[[0.24036082 0.86794036 0.33454182 0.89439457 0.36036782 0.04981021
  1.         0.48260581 0.73297865 0.64620019 0.51023689 0.55327242
  0.90025573 0.27878811 0.95068766 0.79723994 0.12324538 0.85206457
  0.30654122 0.76837511 0.54630925 0.80039751 0.09817251 0.89646022
  0.53216357 0.35853667 0.12060023 0.5822761  0.         0.13475893]
 [0.24036082 0.86794036 0.33454182 0.89439457 0.36036782 0.04981021
  1.         0.48260581 0.73297865 0.64620019 0.51023689 0.55327242
  0.90025573 0.27878811 0.95068766 0.79723994 0.12324538 0.85206457
  0.30654122 0.76837511 0.54630925 0.80039751 0.09817251 0.89646022
  0.53216357 0.35853667 0.12060023 0.5822761  0.         0.13475893]
 [0.24036082 0.86794036 0.33454182 0.89439457 0.36036782 0.04981021
  1.         0.48260581 0.73297865 0.64620019 0.51023689 0.55327242
  0.90025573 0.27878811 0.95068766 0.79723994 0.12324538 0.85206457
  0.30654122 0.76837511 0.54630925 0.80039751 0.09817251 0.89646022
  0.53216357 0.35853667 0.12060023 0.5822761  0.         0.13475893]
 [0.24036082 0.86794036 0.33454182 0.89439457 0.36036782 0.04981021
  1.         0.48260581 0.73297865 0.64620019 0.51023689 0.55327242
  0.90025573 0.27878811 0.95068766 0.79723994 0.12324538 0.85206457
  0.30654122 0.76837511 0.54630925 0.80039751 0.09817251 0.89646022
  0.53216357 0.35853667 0.12060023 0.5822761  0.         0.13475893]
 [0.24036082 0.86794036 0.33454182 0.89439457 0.36036782 0.04981021
  1.         0.48260581 0.73297865 0.64620019 0.51023689 0.55327242
  0.90025573 0.27878811 0.95068766 0.79723994 0.12324538 0.85206457
  0.30654122 0.76837511 0.54630925 0.80039751 0.09817251 0.89646022
  0.53216357 0.35853667 0.12060023 0.5822761  0.         0.13475893]
 [0.24036082 0.86794036 0.33454182 0.89439457 0.36036782 0.04981021
  1.         0.48260581 0.73297865 0.64620019 0.51023689 0.55327242
  0.90025573 0.27878811 0.95068766 0.79723994 0.12324538 0.85206457
  0.30654122 0.76837511 0.54630925 0.80039751 0.09817251 0.89646022
  0.53216357 0.35853667 0.12060023 0.5822761  0.         0.13475893]
 [0.24036082 0.86794036 0.33454182 0.89439457 0.36036782 0.04981021
  1.         0.48260581 0.73297865 0.64620019 0.51023689 0.55327242
  0.90025573 0.27878811 0.95068766 0.79723994 0.12324538 0.85206457
  0.30654122 0.76837511 0.54630925 0.80039751 0.09817251 0.89646022
  0.53216357 0.35853667 0.12060023 0.5822761  0.         0.13475893]
 [0.24036082 0.86794036 0.33454182 0.89439457 0.36036782 0.04981021
  1.         0.48260581 0.73297865 0.64620019 0.51023689 0.55327242
  0.90025573 0.27878811 0.95068766 0.79723994 0.12324538 0.85206457
  0.30654122 0.76837511 0.54630925 0.80039751 0.09817251 0.89646022
  0.53216357 0.35853667 0.12060023 0.5822761  0.         0.13475893]
 [0.24036082 0.86794036 0.33454182 0.89439457 0.36036782 0.04981021
  1.         0.48260581 0.73297865 0.64620019 0.51023689 0.55327242
  0.90025573 0.27878811 0.95068766 0.79723994 0.12324538 0.85206457
  0.30654122 0.76837511 0.54630925 0.80039751 0.09817251 0.89646022
  0.53216357 0.35853667 0.12060023 0.5822761  0.         0.13475893]
 [0.24036082 0.86794036 0.33454182 0.89439457 0.36036782 0.04981021
  1.         0.48260581 0.73297865 0.64620019 0.51023689 0.55327242
  0.90025573 0.27878811 0.95068766 0.79723994 0.12324538 0.85206457
  0.30654122 0.76837511 0.54630925 0.80039751 0.09817251 0.89646022
  0.53216357 0.35853667 0.12060023 0.5822761  0.         0.13475893]
 [0.24036082 0.86794036 0.33454182 0.89439457 0.36036782 0.04981021
  1.         0.48260581 0.73297865 0.64620019 0.51023689 0.55327242
  0.90025573 0.27878811 0.95068766 0.79723994 0.12324538 0.85206457
  0.30654122 0.76837511 0.54630925 0.80039751 0.09817251 0.89646022
  0.53216357 0.35853667 0.12060023 0.5822761  0.         0.13475893]
 [0.24036082 0.86794036 0.33454182 0.89439457 0.36036782 0.04981021
  1.         0.48260581 0.73297865 0.64620019 0.51023689 0.55327242
  0.90025573 0.27878811 0.95068766 0.79723994 0.12324538 0.85206457
  0.30654122 0.76837511 0.54630925 0.80039751 0.09817251 0.89646022
  0.53216357 0.35853667 0.12060023 0.5822761  0.         0.13475893]
 [0.24036082 0.86794036 0.33454182 0.89439457 0.36036782 0.04981021
  1.         0.48260581 0.73297865 0.64620019 0.51023689 0.55327242
  0.90025573 0.27878811 0.95068766 0.79723994 0.12324538 0.85206457
  0.30654122 0.76837511 0.54630925 0.80039751 0.09817251 0.89646022
  0.53216357 0.35853667 0.12060023 0.5822761  0.         0.13475893]
 [0.24036082 0.86794036 0.33454182 0.89439457 0.36036782 0.04981021
  1.         0.48260581 0.73297865 0.64620019 0.51023689 0.55327242
  0.90025573 0.27878811 0.95068766 0.79723994 0.12324538 0.85206457
  0.30654122 0.76837511 0.54630925 0.80039751 0.09817251 0.89646022
  0.53216357 0.35853667 0.12060023 0.5822761  0.         0.13475893]
 [0.24036082 0.86794036 0.33454182 0.89439457 0.36036782 0.04981021
  1.         0.48260581 0.73297865 0.64620019 0.51023689 0.55327242
  0.90025573 0.27878811 0.95068766 0.79723994 0.12324538 0.85206457
  0.30654122 0.76837511 0.54630925 0.80039751 0.09817251 0.89646022
  0.53216357 0.35853667 0.12060023 0.5822761  0.         0.13475893]
 [0.24036082 0.86794036 0.33454182 0.89439457 0.36036782 0.04981021
  1.         0.48260581 0.73297865 0.64620019 0.51023689 0.55327242
  0.90025573 0.27878811 0.95068766 0.79723994 0.12324538 0.85206457
  0.30654122 0.76837511 0.54630925 0.80039751 0.09817251 0.89646022
  0.53216357 0.35853667 0.12060023 0.5822761  0.         0.13475893]
 [0.24036082 0.86794036 0.33454182 0.89439457 0.36036782 0.04981021
  1.         0.48260581 0.73297865 0.64620019 0.51023689 0.55327242
  0.90025573 0.27878811 0.95068766 0.79723994 0.12324538 0.85206457
  0.30654122 0.76837511 0.54630925 0.80039751 0.09817251 0.89646022
  0.53216357 0.35853667 0.12060023 0.5822761  0.         0.13475893]
 [0.24036082 0.86794036 0.33454182 0.89439457 0.36036782 0.04981021
  1.         0.48260581 0.73297865 0.64620019 0.51023689 0.55327242
  0.90025573 0.27878811 0.95068766 0.79723994 0.12324538 0.85206457
  0.30654122 0.76837511 0.54630925 0.80039751 0.09817251 0.89646022
  0.53216357 0.35853667 0.12060023 0.5822761  0.         0.13475893]
 [0.24036082 0.86794036 0.33454182 0.89439457 0.36036782 0.04981021
  1.         0.48260581 0.73297865 0.64620019 0.51023689 0.55327242
  0.90025573 0.27878811 0.95068766 0.79723994 0.12324538 0.85206457
  0.30654122 0.76837511 0.54630925 0.80039751 0.09817251 0.89646022
  0.53216357 0.35853667 0.12060023 0.5822761  0.         0.13475893]
 [0.24036082 0.86794036 0.33454182 0.89439457 0.36036782 0.04981021
  1.         0.48260581 0.73297865 0.64620019 0.51023689 0.55327242
  0.90025573 0.27878811 0.95068766 0.79723994 0.12324538 0.85206457
  0.30654122 0.76837511 0.54630925 0.80039751 0.09817251 0.89646022
  0.53216357 0.35853667 0.12060023 0.5822761  0.         0.13475893]
 [0.24036082 0.86794036 0.33454182 0.89439457 0.36036782 0.04981021
  1.         0.48260581 0.73297865 0.64620019 0.51023689 0.55327242
  0.90025573 0.27878811 0.95068766 0.79723994 0.12324538 0.85206457
  0.30654122 0.76837511 0.54630925 0.80039751 0.09817251 0.89646022
  0.53216357 0.35853667 0.12060023 0.5822761  0.         0.13475893]
 [0.24036082 0.86794036 0.33454182 0.89439457 0.36036782 0.04981021
  1.         0.48260581 0.73297865 0.64620019 0.51023689 0.55327242
  0.90025573 0.27878811 0.95068766 0.79723994 0.12324538 0.85206457
  0.30654122 0.76837511 0.54630925 0.80039751 0.09817251 0.89646022
  0.53216357 0.35853667 0.12060023 0.5822761  0.         0.13475893]
 [0.24036082 0.86794036 0.33454182 0.89439457 0.36036782 0.04981021
  1.         0.48260581 0.73297865 0.64620019 0.51023689 0.55327242
  0.90025573 0.27878811 0.95068766 0.79723994 0.12324538 0.85206457
  0.30654122 0.76837511 0.54630925 0.80039751 0.09817251 0.89646022
  0.53216357 0.35853667 0.12060023 0.5822761  0.         0.13475893]
 [0.24036082 0.86794036 0.33454182 0.89439457 0.36036782 0.04981021
  1.         0.48260581 0.73297865 0.64620019 0.51023689 0.55327242
  0.90025573 0.27878811 0.95068766 0.79723994 0.12324538 0.85206457
  0.30654122 0.76837511 0.54630925 0.80039751 0.09817251 0.89646022
  0.53216357 0.35853667 0.12060023 0.5822761  0.         0.13475893]
 [0.24036082 0.86794036 0.33454182 0.89439457 0.36036782 0.04981021
  1.         0.48260581 0.73297865 0.64620019 0.51023689 0.55327242
  0.90025573 0.27878811 0.95068766 0.79723994 0.12324538 0.85206457
  0.30654122 0.76837511 0.54630925 0.80039751 0.09817251 0.89646022
  0.53216357 0.35853667 0.12060023 0.5822761  0.         0.13475893]
 [0.24036082 0.86794036 0.33454182 0.89439457 0.36036782 0.04981021
  1.         0.48260581 0.73297865 0.64620019 0.51023689 0.55327242
  0.90025573 0.27878811 0.95068766 0.79723994 0.12324538 0.85206457
  0.30654122 0.76837511 0.54630925 0.80039751 0.09817251 0.89646022
  0.53216357 0.35853667 0.12060023 0.5822761  0.         0.13475893]
 [0.24036082 0.86794036 0.33454182 0.89439457 0.36036782 0.04981021
  1.         0.48260581 0.73297865 0.64620019 0.51023689 0.55327242
  0.90025573 0.27878811 0.95068766 0.79723994 0.12324538 0.85206457
  0.30654122 0.76837511 0.54630925 0.80039751 0.09817251 0.89646022
  0.53216357 0.35853667 0.12060023 0.5822761  0.         0.13475893]
 [0.24036082 0.86794036 0.33454182 0.89439457 0.36036782 0.04981021
  1.         0.48260581 0.73297865 0.64620019 0.51023689 0.55327242
  0.90025573 0.27878811 0.95068766 0.79723994 0.12324538 0.85206457
  0.30654122 0.76837511 0.54630925 0.80039751 0.09817251 0.89646022
  0.53216357 0.35853667 0.12060023 0.5822761  0.         0.13475893]
 [0.24036082 0.86794036 0.33454182 0.89439457 0.36036782 0.04981021
  1.         0.48260581 0.73297865 0.64620019 0.51023689 0.55327242
  0.90025573 0.27878811 0.95068766 0.79723994 0.12324538 0.85206457
  0.30654122 0.76837511 0.54630925 0.80039751 0.09817251 0.89646022
  0.53216357 0.35853667 0.12060023 0.5822761  0.         0.13475893]
 [0.24036082 0.86794036 0.33454182 0.89439457 0.36036782 0.04981021
  1.         0.48260581 0.73297865 0.64620019 0.51023689 0.55327242
  0.90025573 0.27878811 0.95068766 0.79723994 0.12324538 0.85206457
  0.30654122 0.76837511 0.54630925 0.80039751 0.09817251 0.89646022
  0.53216357 0.35853667 0.12060023 0.5822761  0.         0.13475893]]"
117,"[[0.82139931 0.07845818 0.1878722  0.48022542 0.09003022 0.06796123
  0.71830193 0.31210627 0.55501134 0.13630915 0.4974388  0.47340493
  0.20166979 0.29053431 0.81110041 0.61020197 0.4111539  0.64246318
  0.         0.74786223 0.80395134 0.45725682 1.         0.03946506
  0.00546747 0.81344291 0.42120571 0.55535018 0.45277133 0.86491802]
 [0.82139931 0.07845818 0.1878722  0.48022542 0.09003022 0.06796123
  0.71830193 0.31210627 0.55501134 0.13630915 0.4974388  0.47340493
  0.20166979 0.29053431 0.81110041 0.61020197 0.4111539  0.64246318
  0.         0.74786223 0.80395134 0.45725682 1.         0.03946506
  0.00546747 0.81344291 0.42120571 0.55535018 0.45277133 0.86491802]
 [0.82139931 0.07845818 0.1878722  0.48022542 0.09003022 0.06796123
  0.71830193 0.31210627 0.55501134 0.13630915 0.4974388  0.47340493
  0.20166979 0.29053431 0.81110041 0.61020197 0.4111539  0.64246318
  0.         0.74786223 0.80395134 0.45725682 1.         0.03946506
  0.00546747 0.81344291 0.42120571 0.55535018 0.45277133 0.86491802]
 [0.82139931 0.07845818 0.1878722  0.48022542 0.09003022 0.06796123
  0.71830193 0.31210627 0.55501134 0.13630915 0.4974388  0.47340493
  0.20166979 0.29053431 0.81110041 0.61020197 0.4111539  0.64246318
  0.         0.74786223 0.80395134 0.45725682 1.         0.03946506
  0.00546747 0.81344291 0.42120571 0.55535018 0.45277133 0.86491802]
 [0.82139931 0.07845818 0.1878722  0.48022542 0.09003022 0.06796123
  0.71830193 0.31210627 0.55501134 0.13630915 0.4974388  0.47340493
  0.20166979 0.29053431 0.81110041 0.61020197 0.4111539  0.64246318
  0.         0.74786223 0.80395134 0.45725682 1.         0.03946506
  0.00546747 0.81344291 0.42120571 0.55535018 0.45277133 0.86491802]
 [0.82139931 0.07845818 0.1878722  0.48022542 0.09003022 0.06796123
  0.71830193 0.31210627 0.55501134 0.13630915 0.4974388  0.47340493
  0.20166979 0.29053431 0.81110041 0.61020197 0.4111539  0.64246318
  0.         0.74786223 0.80395134 0.45725682 1.         0.03946506
  0.00546747 0.81344291 0.42120571 0.55535018 0.45277133 0.86491802]
 [0.82139931 0.07845818 0.1878722  0.48022542 0.09003022 0.06796123
  0.71830193 0.31210627 0.55501134 0.13630915 0.4974388  0.47340493
  0.20166979 0.29053431 0.81110041 0.61020197 0.4111539  0.64246318
  0.         0.74786223 0.80395134 0.45725682 1.         0.03946506
  0.00546747 0.81344291 0.42120571 0.55535018 0.45277133 0.86491802]
 [0.82139931 0.07845818 0.1878722  0.48022542 0.09003022 0.06796123
  0.71830193 0.31210627 0.55501134 0.13630915 0.4974388  0.47340493
  0.20166979 0.29053431 0.81110041 0.61020197 0.4111539  0.64246318
  0.         0.74786223 0.80395134 0.45725682 1.         0.03946506
  0.00546747 0.81344291 0.42120571 0.55535018 0.45277133 0.86491802]
 [0.82139931 0.07845818 0.1878722  0.48022542 0.09003022 0.06796123
  0.71830193 0.31210627 0.55501134 0.13630915 0.4974388  0.47340493
  0.20166979 0.29053431 0.81110041 0.61020197 0.4111539  0.64246318
  0.         0.74786223 0.80395134 0.45725682 1.         0.03946506
  0.00546747 0.81344291 0.42120571 0.55535018 0.45277133 0.86491802]
 [0.82139931 0.07845818 0.1878722  0.48022542 0.09003022 0.06796123
  0.71830193 0.31210627 0.55501134 0.13630915 0.4974388  0.47340493
  0.20166979 0.29053431 0.81110041 0.61020197 0.4111539  0.64246318
  0.         0.74786223 0.80395134 0.45725682 1.         0.03946506
  0.00546747 0.81344291 0.42120571 0.55535018 0.45277133 0.86491802]
 [0.82139931 0.07845818 0.1878722  0.48022542 0.09003022 0.06796123
  0.71830193 0.31210627 0.55501134 0.13630915 0.4974388  0.47340493
  0.20166979 0.29053431 0.81110041 0.61020197 0.4111539  0.64246318
  0.         0.74786223 0.80395134 0.45725682 1.         0.03946506
  0.00546747 0.81344291 0.42120571 0.55535018 0.45277133 0.86491802]
 [0.82139931 0.07845818 0.1878722  0.48022542 0.09003022 0.06796123
  0.71830193 0.31210627 0.55501134 0.13630915 0.4974388  0.47340493
  0.20166979 0.29053431 0.81110041 0.61020197 0.4111539  0.64246318
  0.         0.74786223 0.80395134 0.45725682 1.         0.03946506
  0.00546747 0.81344291 0.42120571 0.55535018 0.45277133 0.86491802]
 [0.82139931 0.07845818 0.1878722  0.48022542 0.09003022 0.06796123
  0.71830193 0.31210627 0.55501134 0.13630915 0.4974388  0.47340493
  0.20166979 0.29053431 0.81110041 0.61020197 0.4111539  0.64246318
  0.         0.74786223 0.80395134 0.45725682 1.         0.03946506
  0.00546747 0.81344291 0.42120571 0.55535018 0.45277133 0.86491802]
 [0.82139931 0.07845818 0.1878722  0.48022542 0.09003022 0.06796123
  0.71830193 0.31210627 0.55501134 0.13630915 0.4974388  0.47340493
  0.20166979 0.29053431 0.81110041 0.61020197 0.4111539  0.64246318
  0.         0.74786223 0.80395134 0.45725682 1.         0.03946506
  0.00546747 0.81344291 0.42120571 0.55535018 0.45277133 0.86491802]
 [0.82139931 0.07845818 0.1878722  0.48022542 0.09003022 0.06796123
  0.71830193 0.31210627 0.55501134 0.13630915 0.4974388  0.47340493
  0.20166979 0.29053431 0.81110041 0.61020197 0.4111539  0.64246318
  0.         0.74786223 0.80395134 0.45725682 1.         0.03946506
  0.00546747 0.81344291 0.42120571 0.55535018 0.45277133 0.86491802]
 [0.82139931 0.07845818 0.1878722  0.48022542 0.09003022 0.06796123
  0.71830193 0.31210627 0.55501134 0.13630915 0.4974388  0.47340493
  0.20166979 0.29053431 0.81110041 0.61020197 0.4111539  0.64246318
  0.         0.74786223 0.80395134 0.45725682 1.         0.03946506
  0.00546747 0.81344291 0.42120571 0.55535018 0.45277133 0.86491802]
 [0.82139931 0.07845818 0.1878722  0.48022542 0.09003022 0.06796123
  0.71830193 0.31210627 0.55501134 0.13630915 0.4974388  0.47340493
  0.20166979 0.29053431 0.81110041 0.61020197 0.4111539  0.64246318
  0.         0.74786223 0.80395134 0.45725682 1.         0.03946506
  0.00546747 0.81344291 0.42120571 0.55535018 0.45277133 0.86491802]
 [0.82139931 0.07845818 0.1878722  0.48022542 0.09003022 0.06796123
  0.71830193 0.31210627 0.55501134 0.13630915 0.4974388  0.47340493
  0.20166979 0.29053431 0.81110041 0.61020197 0.4111539  0.64246318
  0.         0.74786223 0.80395134 0.45725682 1.         0.03946506
  0.00546747 0.81344291 0.42120571 0.55535018 0.45277133 0.86491802]
 [0.82139931 0.07845818 0.1878722  0.48022542 0.09003022 0.06796123
  0.71830193 0.31210627 0.55501134 0.13630915 0.4974388  0.47340493
  0.20166979 0.29053431 0.81110041 0.61020197 0.4111539  0.64246318
  0.         0.74786223 0.80395134 0.45725682 1.         0.03946506
  0.00546747 0.81344291 0.42120571 0.55535018 0.45277133 0.86491802]
 [0.82139931 0.07845818 0.1878722  0.48022542 0.09003022 0.06796123
  0.71830193 0.31210627 0.55501134 0.13630915 0.4974388  0.47340493
  0.20166979 0.29053431 0.81110041 0.61020197 0.4111539  0.64246318
  0.         0.74786223 0.80395134 0.45725682 1.         0.03946506
  0.00546747 0.81344291 0.42120571 0.55535018 0.45277133 0.86491802]
 [0.82139931 0.07845818 0.1878722  0.48022542 0.09003022 0.06796123
  0.71830193 0.31210627 0.55501134 0.13630915 0.4974388  0.47340493
  0.20166979 0.29053431 0.81110041 0.61020197 0.4111539  0.64246318
  0.         0.74786223 0.80395134 0.45725682 1.         0.03946506
  0.00546747 0.81344291 0.42120571 0.55535018 0.45277133 0.86491802]
 [0.82139931 0.07845818 0.1878722  0.48022542 0.09003022 0.06796123
  0.71830193 0.31210627 0.55501134 0.13630915 0.4974388  0.47340493
  0.20166979 0.29053431 0.81110041 0.61020197 0.4111539  0.64246318
  0.         0.74786223 0.80395134 0.45725682 1.         0.03946506
  0.00546747 0.81344291 0.42120571 0.55535018 0.45277133 0.86491802]
 [0.82139931 0.07845818 0.1878722  0.48022542 0.09003022 0.06796123
  0.71830193 0.31210627 0.55501134 0.13630915 0.4974388  0.47340493
  0.20166979 0.29053431 0.81110041 0.61020197 0.4111539  0.64246318
  0.         0.74786223 0.80395134 0.45725682 1.         0.03946506
  0.00546747 0.81344291 0.42120571 0.55535018 0.45277133 0.86491802]
 [0.82139931 0.07845818 0.1878722  0.48022542 0.09003022 0.06796123
  0.71830193 0.31210627 0.55501134 0.13630915 0.4974388  0.47340493
  0.20166979 0.29053431 0.81110041 0.61020197 0.4111539  0.64246318
  0.         0.74786223 0.80395134 0.45725682 1.         0.03946506
  0.00546747 0.81344291 0.42120571 0.55535018 0.45277133 0.86491802]
 [0.82139931 0.07845818 0.1878722  0.48022542 0.09003022 0.06796123
  0.71830193 0.31210627 0.55501134 0.13630915 0.4974388  0.47340493
  0.20166979 0.29053431 0.81110041 0.61020197 0.4111539  0.64246318
  0.         0.74786223 0.80395134 0.45725682 1.         0.03946506
  0.00546747 0.81344291 0.42120571 0.55535018 0.45277133 0.86491802]
 [0.82139931 0.07845818 0.1878722  0.48022542 0.09003022 0.06796123
  0.71830193 0.31210627 0.55501134 0.13630915 0.4974388  0.47340493
  0.20166979 0.29053431 0.81110041 0.61020197 0.4111539  0.64246318
  0.         0.74786223 0.80395134 0.45725682 1.         0.03946506
  0.00546747 0.81344291 0.42120571 0.55535018 0.45277133 0.86491802]
 [0.82139931 0.07845818 0.1878722  0.48022542 0.09003022 0.06796123
  0.71830193 0.31210627 0.55501134 0.13630915 0.4974388  0.47340493
  0.20166979 0.29053431 0.81110041 0.61020197 0.4111539  0.64246318
  0.         0.74786223 0.80395134 0.45725682 1.         0.03946506
  0.00546747 0.81344291 0.42120571 0.55535018 0.45277133 0.86491802]
 [0.82139931 0.07845818 0.1878722  0.48022542 0.09003022 0.06796123
  0.71830193 0.31210627 0.55501134 0.13630915 0.4974388  0.47340493
  0.20166979 0.29053431 0.81110041 0.61020197 0.4111539  0.64246318
  0.         0.74786223 0.80395134 0.45725682 1.         0.03946506
  0.00546747 0.81344291 0.42120571 0.55535018 0.45277133 0.86491802]
 [0.82139931 0.07845818 0.1878722  0.48022542 0.09003022 0.06796123
  0.71830193 0.31210627 0.55501134 0.13630915 0.4974388  0.47340493
  0.20166979 0.29053431 0.81110041 0.61020197 0.4111539  0.64246318
  0.         0.74786223 0.80395134 0.45725682 1.         0.03946506
  0.00546747 0.81344291 0.42120571 0.55535018 0.45277133 0.86491802]
 [0.82139931 0.07845818 0.1878722  0.48022542 0.09003022 0.06796123
  0.71830193 0.31210627 0.55501134 0.13630915 0.4974388  0.47340493
  0.20166979 0.29053431 0.81110041 0.61020197 0.4111539  0.64246318
  0.         0.74786223 0.80395134 0.45725682 1.         0.03946506
  0.00546747 0.81344291 0.42120571 0.55535018 0.45277133 0.86491802]]"
118,"[[0.56557023 1.         0.9675827  0.82740457 0.80058473 0.69573215
  0.37338998 0.22113057 0.62605218 0.99235549 0.17534604 0.82514777
  0.67878994 0.98503641 0.33386767 0.56877377 0.69580682 0.08490063
  0.10620361 0.64049039 0.58068546 0.28309859 0.08190921 0.54085016
  0.92820109 0.75156763 0.28877602 0.72553542 0.         0.46500326]
 [0.56557023 1.         0.9675827  0.82740457 0.80058473 0.69573215
  0.37338998 0.22113057 0.62605218 0.99235549 0.17534604 0.82514777
  0.67878994 0.98503641 0.33386767 0.56877377 0.69580682 0.08490063
  0.10620361 0.64049039 0.58068546 0.28309859 0.08190921 0.54085016
  0.92820109 0.75156763 0.28877602 0.72553542 0.         0.46500326]
 [0.56557023 1.         0.9675827  0.82740457 0.80058473 0.69573215
  0.37338998 0.22113057 0.62605218 0.99235549 0.17534604 0.82514777
  0.67878994 0.98503641 0.33386767 0.56877377 0.69580682 0.08490063
  0.10620361 0.64049039 0.58068546 0.28309859 0.08190921 0.54085016
  0.92820109 0.75156763 0.28877602 0.72553542 0.         0.46500326]
 [0.56557023 1.         0.9675827  0.82740457 0.80058473 0.69573215
  0.37338998 0.22113057 0.62605218 0.99235549 0.17534604 0.82514777
  0.67878994 0.98503641 0.33386767 0.56877377 0.69580682 0.08490063
  0.10620361 0.64049039 0.58068546 0.28309859 0.08190921 0.54085016
  0.92820109 0.75156763 0.28877602 0.72553542 0.         0.46500326]
 [0.56557023 1.         0.9675827  0.82740457 0.80058473 0.69573215
  0.37338998 0.22113057 0.62605218 0.99235549 0.17534604 0.82514777
  0.67878994 0.98503641 0.33386767 0.56877377 0.69580682 0.08490063
  0.10620361 0.64049039 0.58068546 0.28309859 0.08190921 0.54085016
  0.92820109 0.75156763 0.28877602 0.72553542 0.         0.46500326]
 [0.56557023 1.         0.9675827  0.82740457 0.80058473 0.69573215
  0.37338998 0.22113057 0.62605218 0.99235549 0.17534604 0.82514777
  0.67878994 0.98503641 0.33386767 0.56877377 0.69580682 0.08490063
  0.10620361 0.64049039 0.58068546 0.28309859 0.08190921 0.54085016
  0.92820109 0.75156763 0.28877602 0.72553542 0.         0.46500326]
 [0.56557023 1.         0.9675827  0.82740457 0.80058473 0.69573215
  0.37338998 0.22113057 0.62605218 0.99235549 0.17534604 0.82514777
  0.67878994 0.98503641 0.33386767 0.56877377 0.69580682 0.08490063
  0.10620361 0.64049039 0.58068546 0.28309859 0.08190921 0.54085016
  0.92820109 0.75156763 0.28877602 0.72553542 0.         0.46500326]
 [0.56557023 1.         0.9675827  0.82740457 0.80058473 0.69573215
  0.37338998 0.22113057 0.62605218 0.99235549 0.17534604 0.82514777
  0.67878994 0.98503641 0.33386767 0.56877377 0.69580682 0.08490063
  0.10620361 0.64049039 0.58068546 0.28309859 0.08190921 0.54085016
  0.92820109 0.75156763 0.28877602 0.72553542 0.         0.46500326]
 [0.56557023 1.         0.9675827  0.82740457 0.80058473 0.69573215
  0.37338998 0.22113057 0.62605218 0.99235549 0.17534604 0.82514777
  0.67878994 0.98503641 0.33386767 0.56877377 0.69580682 0.08490063
  0.10620361 0.64049039 0.58068546 0.28309859 0.08190921 0.54085016
  0.92820109 0.75156763 0.28877602 0.72553542 0.         0.46500326]
 [0.56557023 1.         0.9675827  0.82740457 0.80058473 0.69573215
  0.37338998 0.22113057 0.62605218 0.99235549 0.17534604 0.82514777
  0.67878994 0.98503641 0.33386767 0.56877377 0.69580682 0.08490063
  0.10620361 0.64049039 0.58068546 0.28309859 0.08190921 0.54085016
  0.92820109 0.75156763 0.28877602 0.72553542 0.         0.46500326]
 [0.56557023 1.         0.9675827  0.82740457 0.80058473 0.69573215
  0.37338998 0.22113057 0.62605218 0.99235549 0.17534604 0.82514777
  0.67878994 0.98503641 0.33386767 0.56877377 0.69580682 0.08490063
  0.10620361 0.64049039 0.58068546 0.28309859 0.08190921 0.54085016
  0.92820109 0.75156763 0.28877602 0.72553542 0.         0.46500326]
 [0.56557023 1.         0.9675827  0.82740457 0.80058473 0.69573215
  0.37338998 0.22113057 0.62605218 0.99235549 0.17534604 0.82514777
  0.67878994 0.98503641 0.33386767 0.56877377 0.69580682 0.08490063
  0.10620361 0.64049039 0.58068546 0.28309859 0.08190921 0.54085016
  0.92820109 0.75156763 0.28877602 0.72553542 0.         0.46500326]
 [0.56557023 1.         0.9675827  0.82740457 0.80058473 0.69573215
  0.37338998 0.22113057 0.62605218 0.99235549 0.17534604 0.82514777
  0.67878994 0.98503641 0.33386767 0.56877377 0.69580682 0.08490063
  0.10620361 0.64049039 0.58068546 0.28309859 0.08190921 0.54085016
  0.92820109 0.75156763 0.28877602 0.72553542 0.         0.46500326]
 [0.56557023 1.         0.9675827  0.82740457 0.80058473 0.69573215
  0.37338998 0.22113057 0.62605218 0.99235549 0.17534604 0.82514777
  0.67878994 0.98503641 0.33386767 0.56877377 0.69580682 0.08490063
  0.10620361 0.64049039 0.58068546 0.28309859 0.08190921 0.54085016
  0.92820109 0.75156763 0.28877602 0.72553542 0.         0.46500326]
 [0.56557023 1.         0.9675827  0.82740457 0.80058473 0.69573215
  0.37338998 0.22113057 0.62605218 0.99235549 0.17534604 0.82514777
  0.67878994 0.98503641 0.33386767 0.56877377 0.69580682 0.08490063
  0.10620361 0.64049039 0.58068546 0.28309859 0.08190921 0.54085016
  0.92820109 0.75156763 0.28877602 0.72553542 0.         0.46500326]
 [0.56557023 1.         0.9675827  0.82740457 0.80058473 0.69573215
  0.37338998 0.22113057 0.62605218 0.99235549 0.17534604 0.82514777
  0.67878994 0.98503641 0.33386767 0.56877377 0.69580682 0.08490063
  0.10620361 0.64049039 0.58068546 0.28309859 0.08190921 0.54085016
  0.92820109 0.75156763 0.28877602 0.72553542 0.         0.46500326]
 [0.56557023 1.         0.9675827  0.82740457 0.80058473 0.69573215
  0.37338998 0.22113057 0.62605218 0.99235549 0.17534604 0.82514777
  0.67878994 0.98503641 0.33386767 0.56877377 0.69580682 0.08490063
  0.10620361 0.64049039 0.58068546 0.28309859 0.08190921 0.54085016
  0.92820109 0.75156763 0.28877602 0.72553542 0.         0.46500326]
 [0.56557023 1.         0.9675827  0.82740457 0.80058473 0.69573215
  0.37338998 0.22113057 0.62605218 0.99235549 0.17534604 0.82514777
  0.67878994 0.98503641 0.33386767 0.56877377 0.69580682 0.08490063
  0.10620361 0.64049039 0.58068546 0.28309859 0.08190921 0.54085016
  0.92820109 0.75156763 0.28877602 0.72553542 0.         0.46500326]
 [0.56557023 1.         0.9675827  0.82740457 0.80058473 0.69573215
  0.37338998 0.22113057 0.62605218 0.99235549 0.17534604 0.82514777
  0.67878994 0.98503641 0.33386767 0.56877377 0.69580682 0.08490063
  0.10620361 0.64049039 0.58068546 0.28309859 0.08190921 0.54085016
  0.92820109 0.75156763 0.28877602 0.72553542 0.         0.46500326]
 [0.56557023 1.         0.9675827  0.82740457 0.80058473 0.69573215
  0.37338998 0.22113057 0.62605218 0.99235549 0.17534604 0.82514777
  0.67878994 0.98503641 0.33386767 0.56877377 0.69580682 0.08490063
  0.10620361 0.64049039 0.58068546 0.28309859 0.08190921 0.54085016
  0.92820109 0.75156763 0.28877602 0.72553542 0.         0.46500326]
 [0.56557023 1.         0.9675827  0.82740457 0.80058473 0.69573215
  0.37338998 0.22113057 0.62605218 0.99235549 0.17534604 0.82514777
  0.67878994 0.98503641 0.33386767 0.56877377 0.69580682 0.08490063
  0.10620361 0.64049039 0.58068546 0.28309859 0.08190921 0.54085016
  0.92820109 0.75156763 0.28877602 0.72553542 0.         0.46500326]
 [0.56557023 1.         0.9675827  0.82740457 0.80058473 0.69573215
  0.37338998 0.22113057 0.62605218 0.99235549 0.17534604 0.82514777
  0.67878994 0.98503641 0.33386767 0.56877377 0.69580682 0.08490063
  0.10620361 0.64049039 0.58068546 0.28309859 0.08190921 0.54085016
  0.92820109 0.75156763 0.28877602 0.72553542 0.         0.46500326]
 [0.56557023 1.         0.9675827  0.82740457 0.80058473 0.69573215
  0.37338998 0.22113057 0.62605218 0.99235549 0.17534604 0.82514777
  0.67878994 0.98503641 0.33386767 0.56877377 0.69580682 0.08490063
  0.10620361 0.64049039 0.58068546 0.28309859 0.08190921 0.54085016
  0.92820109 0.75156763 0.28877602 0.72553542 0.         0.46500326]
 [0.56557023 1.         0.9675827  0.82740457 0.80058473 0.69573215
  0.37338998 0.22113057 0.62605218 0.99235549 0.17534604 0.82514777
  0.67878994 0.98503641 0.33386767 0.56877377 0.69580682 0.08490063
  0.10620361 0.64049039 0.58068546 0.28309859 0.08190921 0.54085016
  0.92820109 0.75156763 0.28877602 0.72553542 0.         0.46500326]
 [0.56557023 1.         0.9675827  0.82740457 0.80058473 0.69573215
  0.37338998 0.22113057 0.62605218 0.99235549 0.17534604 0.82514777
  0.67878994 0.98503641 0.33386767 0.56877377 0.69580682 0.08490063
  0.10620361 0.64049039 0.58068546 0.28309859 0.08190921 0.54085016
  0.92820109 0.75156763 0.28877602 0.72553542 0.         0.46500326]
 [0.56557023 1.         0.9675827  0.82740457 0.80058473 0.69573215
  0.37338998 0.22113057 0.62605218 0.99235549 0.17534604 0.82514777
  0.67878994 0.98503641 0.33386767 0.56877377 0.69580682 0.08490063
  0.10620361 0.64049039 0.58068546 0.28309859 0.08190921 0.54085016
  0.92820109 0.75156763 0.28877602 0.72553542 0.         0.46500326]
 [0.56557023 1.         0.9675827  0.82740457 0.80058473 0.69573215
  0.37338998 0.22113057 0.62605218 0.99235549 0.17534604 0.82514777
  0.67878994 0.98503641 0.33386767 0.56877377 0.69580682 0.08490063
  0.10620361 0.64049039 0.58068546 0.28309859 0.08190921 0.54085016
  0.92820109 0.75156763 0.28877602 0.72553542 0.         0.46500326]
 [0.56557023 1.         0.9675827  0.82740457 0.80058473 0.69573215
  0.37338998 0.22113057 0.62605218 0.99235549 0.17534604 0.82514777
  0.67878994 0.98503641 0.33386767 0.56877377 0.69580682 0.08490063
  0.10620361 0.64049039 0.58068546 0.28309859 0.08190921 0.54085016
  0.92820109 0.75156763 0.28877602 0.72553542 0.         0.46500326]
 [0.56557023 1.         0.9675827  0.82740457 0.80058473 0.69573215
  0.37338998 0.22113057 0.62605218 0.99235549 0.17534604 0.82514777
  0.67878994 0.98503641 0.33386767 0.56877377 0.69580682 0.08490063
  0.10620361 0.64049039 0.58068546 0.28309859 0.08190921 0.54085016
  0.92820109 0.75156763 0.28877602 0.72553542 0.         0.46500326]
 [0.56557023 1.         0.9675827  0.82740457 0.80058473 0.69573215
  0.37338998 0.22113057 0.62605218 0.99235549 0.17534604 0.82514777
  0.67878994 0.98503641 0.33386767 0.56877377 0.69580682 0.08490063
  0.10620361 0.64049039 0.58068546 0.28309859 0.08190921 0.54085016
  0.92820109 0.75156763 0.28877602 0.72553542 0.         0.46500326]]"
119,"[[2.54557577e-01 7.53391098e-02 1.36514338e-01 0.00000000e+00
  1.17076766e-01 6.11572601e-01 5.83914715e-01 1.50344837e-01
  3.81694193e-01 1.98979340e-01 1.29573878e-01 4.04923724e-01
  7.61137354e-01 1.00000000e+00 5.13313655e-01 8.02305190e-01
  9.38944742e-01 1.38179128e-01 4.96429797e-01 4.25702153e-01
  3.43061438e-01 7.16026761e-01 1.06958349e-01 5.04262698e-05
  7.53588783e-02 3.02534619e-01 1.31999541e-01 4.21156230e-01
  7.95642746e-01 6.85832038e-01]
 [2.54557577e-01 7.53391098e-02 1.36514338e-01 0.00000000e+00
  1.17076766e-01 6.11572601e-01 5.83914715e-01 1.50344837e-01
  3.81694193e-01 1.98979340e-01 1.29573878e-01 4.04923724e-01
  7.61137354e-01 1.00000000e+00 5.13313655e-01 8.02305190e-01
  9.38944742e-01 1.38179128e-01 4.96429797e-01 4.25702153e-01
  3.43061438e-01 7.16026761e-01 1.06958349e-01 5.04262698e-05
  7.53588783e-02 3.02534619e-01 1.31999541e-01 4.21156230e-01
  7.95642746e-01 6.85832038e-01]
 [2.54557577e-01 7.53391098e-02 1.36514338e-01 0.00000000e+00
  1.17076766e-01 6.11572601e-01 5.83914715e-01 1.50344837e-01
  3.81694193e-01 1.98979340e-01 1.29573878e-01 4.04923724e-01
  7.61137354e-01 1.00000000e+00 5.13313655e-01 8.02305190e-01
  9.38944742e-01 1.38179128e-01 4.96429797e-01 4.25702153e-01
  3.43061438e-01 7.16026761e-01 1.06958349e-01 5.04262698e-05
  7.53588783e-02 3.02534619e-01 1.31999541e-01 4.21156230e-01
  7.95642746e-01 6.85832038e-01]
 [2.54557577e-01 7.53391098e-02 1.36514338e-01 0.00000000e+00
  1.17076766e-01 6.11572601e-01 5.83914715e-01 1.50344837e-01
  3.81694193e-01 1.98979340e-01 1.29573878e-01 4.04923724e-01
  7.61137354e-01 1.00000000e+00 5.13313655e-01 8.02305190e-01
  9.38944742e-01 1.38179128e-01 4.96429797e-01 4.25702153e-01
  3.43061438e-01 7.16026761e-01 1.06958349e-01 5.04262698e-05
  7.53588783e-02 3.02534619e-01 1.31999541e-01 4.21156230e-01
  7.95642746e-01 6.85832038e-01]
 [2.54557577e-01 7.53391098e-02 1.36514338e-01 0.00000000e+00
  1.17076766e-01 6.11572601e-01 5.83914715e-01 1.50344837e-01
  3.81694193e-01 1.98979340e-01 1.29573878e-01 4.04923724e-01
  7.61137354e-01 1.00000000e+00 5.13313655e-01 8.02305190e-01
  9.38944742e-01 1.38179128e-01 4.96429797e-01 4.25702153e-01
  3.43061438e-01 7.16026761e-01 1.06958349e-01 5.04262698e-05
  7.53588783e-02 3.02534619e-01 1.31999541e-01 4.21156230e-01
  7.95642746e-01 6.85832038e-01]
 [2.54557577e-01 7.53391098e-02 1.36514338e-01 0.00000000e+00
  1.17076766e-01 6.11572601e-01 5.83914715e-01 1.50344837e-01
  3.81694193e-01 1.98979340e-01 1.29573878e-01 4.04923724e-01
  7.61137354e-01 1.00000000e+00 5.13313655e-01 8.02305190e-01
  9.38944742e-01 1.38179128e-01 4.96429797e-01 4.25702153e-01
  3.43061438e-01 7.16026761e-01 1.06958349e-01 5.04262698e-05
  7.53588783e-02 3.02534619e-01 1.31999541e-01 4.21156230e-01
  7.95642746e-01 6.85832038e-01]
 [2.54557577e-01 7.53391098e-02 1.36514338e-01 0.00000000e+00
  1.17076766e-01 6.11572601e-01 5.83914715e-01 1.50344837e-01
  3.81694193e-01 1.98979340e-01 1.29573878e-01 4.04923724e-01
  7.61137354e-01 1.00000000e+00 5.13313655e-01 8.02305190e-01
  9.38944742e-01 1.38179128e-01 4.96429797e-01 4.25702153e-01
  3.43061438e-01 7.16026761e-01 1.06958349e-01 5.04262698e-05
  7.53588783e-02 3.02534619e-01 1.31999541e-01 4.21156230e-01
  7.95642746e-01 6.85832038e-01]
 [2.54557577e-01 7.53391098e-02 1.36514338e-01 0.00000000e+00
  1.17076766e-01 6.11572601e-01 5.83914715e-01 1.50344837e-01
  3.81694193e-01 1.98979340e-01 1.29573878e-01 4.04923724e-01
  7.61137354e-01 1.00000000e+00 5.13313655e-01 8.02305190e-01
  9.38944742e-01 1.38179128e-01 4.96429797e-01 4.25702153e-01
  3.43061438e-01 7.16026761e-01 1.06958349e-01 5.04262698e-05
  7.53588783e-02 3.02534619e-01 1.31999541e-01 4.21156230e-01
  7.95642746e-01 6.85832038e-01]
 [2.54557577e-01 7.53391098e-02 1.36514338e-01 0.00000000e+00
  1.17076766e-01 6.11572601e-01 5.83914715e-01 1.50344837e-01
  3.81694193e-01 1.98979340e-01 1.29573878e-01 4.04923724e-01
  7.61137354e-01 1.00000000e+00 5.13313655e-01 8.02305190e-01
  9.38944742e-01 1.38179128e-01 4.96429797e-01 4.25702153e-01
  3.43061438e-01 7.16026761e-01 1.06958349e-01 5.04262698e-05
  7.53588783e-02 3.02534619e-01 1.31999541e-01 4.21156230e-01
  7.95642746e-01 6.85832038e-01]
 [2.54557577e-01 7.53391098e-02 1.36514338e-01 0.00000000e+00
  1.17076766e-01 6.11572601e-01 5.83914715e-01 1.50344837e-01
  3.81694193e-01 1.98979340e-01 1.29573878e-01 4.04923724e-01
  7.61137354e-01 1.00000000e+00 5.13313655e-01 8.02305190e-01
  9.38944742e-01 1.38179128e-01 4.96429797e-01 4.25702153e-01
  3.43061438e-01 7.16026761e-01 1.06958349e-01 5.04262698e-05
  7.53588783e-02 3.02534619e-01 1.31999541e-01 4.21156230e-01
  7.95642746e-01 6.85832038e-01]
 [2.54557577e-01 7.53391098e-02 1.36514338e-01 0.00000000e+00
  1.17076766e-01 6.11572601e-01 5.83914715e-01 1.50344837e-01
  3.81694193e-01 1.98979340e-01 1.29573878e-01 4.04923724e-01
  7.61137354e-01 1.00000000e+00 5.13313655e-01 8.02305190e-01
  9.38944742e-01 1.38179128e-01 4.96429797e-01 4.25702153e-01
  3.43061438e-01 7.16026761e-01 1.06958349e-01 5.04262698e-05
  7.53588783e-02 3.02534619e-01 1.31999541e-01 4.21156230e-01
  7.95642746e-01 6.85832038e-01]
 [2.54557577e-01 7.53391098e-02 1.36514338e-01 0.00000000e+00
  1.17076766e-01 6.11572601e-01 5.83914715e-01 1.50344837e-01
  3.81694193e-01 1.98979340e-01 1.29573878e-01 4.04923724e-01
  7.61137354e-01 1.00000000e+00 5.13313655e-01 8.02305190e-01
  9.38944742e-01 1.38179128e-01 4.96429797e-01 4.25702153e-01
  3.43061438e-01 7.16026761e-01 1.06958349e-01 5.04262698e-05
  7.53588783e-02 3.02534619e-01 1.31999541e-01 4.21156230e-01
  7.95642746e-01 6.85832038e-01]
 [2.54557577e-01 7.53391098e-02 1.36514338e-01 0.00000000e+00
  1.17076766e-01 6.11572601e-01 5.83914715e-01 1.50344837e-01
  3.81694193e-01 1.98979340e-01 1.29573878e-01 4.04923724e-01
  7.61137354e-01 1.00000000e+00 5.13313655e-01 8.02305190e-01
  9.38944742e-01 1.38179128e-01 4.96429797e-01 4.25702153e-01
  3.43061438e-01 7.16026761e-01 1.06958349e-01 5.04262698e-05
  7.53588783e-02 3.02534619e-01 1.31999541e-01 4.21156230e-01
  7.95642746e-01 6.85832038e-01]
 [2.54557577e-01 7.53391098e-02 1.36514338e-01 0.00000000e+00
  1.17076766e-01 6.11572601e-01 5.83914715e-01 1.50344837e-01
  3.81694193e-01 1.98979340e-01 1.29573878e-01 4.04923724e-01
  7.61137354e-01 1.00000000e+00 5.13313655e-01 8.02305190e-01
  9.38944742e-01 1.38179128e-01 4.96429797e-01 4.25702153e-01
  3.43061438e-01 7.16026761e-01 1.06958349e-01 5.04262698e-05
  7.53588783e-02 3.02534619e-01 1.31999541e-01 4.21156230e-01
  7.95642746e-01 6.85832038e-01]
 [2.54557577e-01 7.53391098e-02 1.36514338e-01 0.00000000e+00
  1.17076766e-01 6.11572601e-01 5.83914715e-01 1.50344837e-01
  3.81694193e-01 1.98979340e-01 1.29573878e-01 4.04923724e-01
  7.61137354e-01 1.00000000e+00 5.13313655e-01 8.02305190e-01
  9.38944742e-01 1.38179128e-01 4.96429797e-01 4.25702153e-01
  3.43061438e-01 7.16026761e-01 1.06958349e-01 5.04262698e-05
  7.53588783e-02 3.02534619e-01 1.31999541e-01 4.21156230e-01
  7.95642746e-01 6.85832038e-01]
 [2.54557577e-01 7.53391098e-02 1.36514338e-01 0.00000000e+00
  1.17076766e-01 6.11572601e-01 5.83914715e-01 1.50344837e-01
  3.81694193e-01 1.98979340e-01 1.29573878e-01 4.04923724e-01
  7.61137354e-01 1.00000000e+00 5.13313655e-01 8.02305190e-01
  9.38944742e-01 1.38179128e-01 4.96429797e-01 4.25702153e-01
  3.43061438e-01 7.16026761e-01 1.06958349e-01 5.04262698e-05
  7.53588783e-02 3.02534619e-01 1.31999541e-01 4.21156230e-01
  7.95642746e-01 6.85832038e-01]
 [2.54557577e-01 7.53391098e-02 1.36514338e-01 0.00000000e+00
  1.17076766e-01 6.11572601e-01 5.83914715e-01 1.50344837e-01
  3.81694193e-01 1.98979340e-01 1.29573878e-01 4.04923724e-01
  7.61137354e-01 1.00000000e+00 5.13313655e-01 8.02305190e-01
  9.38944742e-01 1.38179128e-01 4.96429797e-01 4.25702153e-01
  3.43061438e-01 7.16026761e-01 1.06958349e-01 5.04262698e-05
  7.53588783e-02 3.02534619e-01 1.31999541e-01 4.21156230e-01
  7.95642746e-01 6.85832038e-01]
 [2.54557577e-01 7.53391098e-02 1.36514338e-01 0.00000000e+00
  1.17076766e-01 6.11572601e-01 5.83914715e-01 1.50344837e-01
  3.81694193e-01 1.98979340e-01 1.29573878e-01 4.04923724e-01
  7.61137354e-01 1.00000000e+00 5.13313655e-01 8.02305190e-01
  9.38944742e-01 1.38179128e-01 4.96429797e-01 4.25702153e-01
  3.43061438e-01 7.16026761e-01 1.06958349e-01 5.04262698e-05
  7.53588783e-02 3.02534619e-01 1.31999541e-01 4.21156230e-01
  7.95642746e-01 6.85832038e-01]
 [2.54557577e-01 7.53391098e-02 1.36514338e-01 0.00000000e+00
  1.17076766e-01 6.11572601e-01 5.83914715e-01 1.50344837e-01
  3.81694193e-01 1.98979340e-01 1.29573878e-01 4.04923724e-01
  7.61137354e-01 1.00000000e+00 5.13313655e-01 8.02305190e-01
  9.38944742e-01 1.38179128e-01 4.96429797e-01 4.25702153e-01
  3.43061438e-01 7.16026761e-01 1.06958349e-01 5.04262698e-05
  7.53588783e-02 3.02534619e-01 1.31999541e-01 4.21156230e-01
  7.95642746e-01 6.85832038e-01]
 [2.54557577e-01 7.53391098e-02 1.36514338e-01 0.00000000e+00
  1.17076766e-01 6.11572601e-01 5.83914715e-01 1.50344837e-01
  3.81694193e-01 1.98979340e-01 1.29573878e-01 4.04923724e-01
  7.61137354e-01 1.00000000e+00 5.13313655e-01 8.02305190e-01
  9.38944742e-01 1.38179128e-01 4.96429797e-01 4.25702153e-01
  3.43061438e-01 7.16026761e-01 1.06958349e-01 5.04262698e-05
  7.53588783e-02 3.02534619e-01 1.31999541e-01 4.21156230e-01
  7.95642746e-01 6.85832038e-01]
 [2.54557577e-01 7.53391098e-02 1.36514338e-01 0.00000000e+00
  1.17076766e-01 6.11572601e-01 5.83914715e-01 1.50344837e-01
  3.81694193e-01 1.98979340e-01 1.29573878e-01 4.04923724e-01
  7.61137354e-01 1.00000000e+00 5.13313655e-01 8.02305190e-01
  9.38944742e-01 1.38179128e-01 4.96429797e-01 4.25702153e-01
  3.43061438e-01 7.16026761e-01 1.06958349e-01 5.04262698e-05
  7.53588783e-02 3.02534619e-01 1.31999541e-01 4.21156230e-01
  7.95642746e-01 6.85832038e-01]
 [2.54557577e-01 7.53391098e-02 1.36514338e-01 0.00000000e+00
  1.17076766e-01 6.11572601e-01 5.83914715e-01 1.50344837e-01
  3.81694193e-01 1.98979340e-01 1.29573878e-01 4.04923724e-01
  7.61137354e-01 1.00000000e+00 5.13313655e-01 8.02305190e-01
  9.38944742e-01 1.38179128e-01 4.96429797e-01 4.25702153e-01
  3.43061438e-01 7.16026761e-01 1.06958349e-01 5.04262698e-05
  7.53588783e-02 3.02534619e-01 1.31999541e-01 4.21156230e-01
  7.95642746e-01 6.85832038e-01]
 [2.54557577e-01 7.53391098e-02 1.36514338e-01 0.00000000e+00
  1.17076766e-01 6.11572601e-01 5.83914715e-01 1.50344837e-01
  3.81694193e-01 1.98979340e-01 1.29573878e-01 4.04923724e-01
  7.61137354e-01 1.00000000e+00 5.13313655e-01 8.02305190e-01
  9.38944742e-01 1.38179128e-01 4.96429797e-01 4.25702153e-01
  3.43061438e-01 7.16026761e-01 1.06958349e-01 5.04262698e-05
  7.53588783e-02 3.02534619e-01 1.31999541e-01 4.21156230e-01
  7.95642746e-01 6.85832038e-01]
 [2.54557577e-01 7.53391098e-02 1.36514338e-01 0.00000000e+00
  1.17076766e-01 6.11572601e-01 5.83914715e-01 1.50344837e-01
  3.81694193e-01 1.98979340e-01 1.29573878e-01 4.04923724e-01
  7.61137354e-01 1.00000000e+00 5.13313655e-01 8.02305190e-01
  9.38944742e-01 1.38179128e-01 4.96429797e-01 4.25702153e-01
  3.43061438e-01 7.16026761e-01 1.06958349e-01 5.04262698e-05
  7.53588783e-02 3.02534619e-01 1.31999541e-01 4.21156230e-01
  7.95642746e-01 6.85832038e-01]
 [2.54557577e-01 7.53391098e-02 1.36514338e-01 0.00000000e+00
  1.17076766e-01 6.11572601e-01 5.83914715e-01 1.50344837e-01
  3.81694193e-01 1.98979340e-01 1.29573878e-01 4.04923724e-01
  7.61137354e-01 1.00000000e+00 5.13313655e-01 8.02305190e-01
  9.38944742e-01 1.38179128e-01 4.96429797e-01 4.25702153e-01
  3.43061438e-01 7.16026761e-01 1.06958349e-01 5.04262698e-05
  7.53588783e-02 3.02534619e-01 1.31999541e-01 4.21156230e-01
  7.95642746e-01 6.85832038e-01]
 [2.54557577e-01 7.53391098e-02 1.36514338e-01 0.00000000e+00
  1.17076766e-01 6.11572601e-01 5.83914715e-01 1.50344837e-01
  3.81694193e-01 1.98979340e-01 1.29573878e-01 4.04923724e-01
  7.61137354e-01 1.00000000e+00 5.13313655e-01 8.02305190e-01
  9.38944742e-01 1.38179128e-01 4.96429797e-01 4.25702153e-01
  3.43061438e-01 7.16026761e-01 1.06958349e-01 5.04262698e-05
  7.53588783e-02 3.02534619e-01 1.31999541e-01 4.21156230e-01
  7.95642746e-01 6.85832038e-01]
 [2.54557577e-01 7.53391098e-02 1.36514338e-01 0.00000000e+00
  1.17076766e-01 6.11572601e-01 5.83914715e-01 1.50344837e-01
  3.81694193e-01 1.98979340e-01 1.29573878e-01 4.04923724e-01
  7.61137354e-01 1.00000000e+00 5.13313655e-01 8.02305190e-01
  9.38944742e-01 1.38179128e-01 4.96429797e-01 4.25702153e-01
  3.43061438e-01 7.16026761e-01 1.06958349e-01 5.04262698e-05
  7.53588783e-02 3.02534619e-01 1.31999541e-01 4.21156230e-01
  7.95642746e-01 6.85832038e-01]
 [2.54557577e-01 7.53391098e-02 1.36514338e-01 0.00000000e+00
  1.17076766e-01 6.11572601e-01 5.83914715e-01 1.50344837e-01
  3.81694193e-01 1.98979340e-01 1.29573878e-01 4.04923724e-01
  7.61137354e-01 1.00000000e+00 5.13313655e-01 8.02305190e-01
  9.38944742e-01 1.38179128e-01 4.96429797e-01 4.25702153e-01
  3.43061438e-01 7.16026761e-01 1.06958349e-01 5.04262698e-05
  7.53588783e-02 3.02534619e-01 1.31999541e-01 4.21156230e-01
  7.95642746e-01 6.85832038e-01]
 [2.54557577e-01 7.53391098e-02 1.36514338e-01 0.00000000e+00
  1.17076766e-01 6.11572601e-01 5.83914715e-01 1.50344837e-01
  3.81694193e-01 1.98979340e-01 1.29573878e-01 4.04923724e-01
  7.61137354e-01 1.00000000e+00 5.13313655e-01 8.02305190e-01
  9.38944742e-01 1.38179128e-01 4.96429797e-01 4.25702153e-01
  3.43061438e-01 7.16026761e-01 1.06958349e-01 5.04262698e-05
  7.53588783e-02 3.02534619e-01 1.31999541e-01 4.21156230e-01
  7.95642746e-01 6.85832038e-01]
 [2.54557577e-01 7.53391098e-02 1.36514338e-01 0.00000000e+00
  1.17076766e-01 6.11572601e-01 5.83914715e-01 1.50344837e-01
  3.81694193e-01 1.98979340e-01 1.29573878e-01 4.04923724e-01
  7.61137354e-01 1.00000000e+00 5.13313655e-01 8.02305190e-01
  9.38944742e-01 1.38179128e-01 4.96429797e-01 4.25702153e-01
  3.43061438e-01 7.16026761e-01 1.06958349e-01 5.04262698e-05
  7.53588783e-02 3.02534619e-01 1.31999541e-01 4.21156230e-01
  7.95642746e-01 6.85832038e-01]]"
120,"[[0.9568324  0.226214   0.48072527 0.54549617 0.1420295  0.14509257
  0.68347921 0.93692142 0.06912031 0.53461983 0.14353701 1.
  0.03008036 0.8195618  0.3521577  0.89440729 0.64643936 0.03308837
  0.6968552  0.45333937 0.41334418 0.52129547 0.07329526 0.
  0.09154676 0.27623364 0.99241477 0.50899876 0.80619238 0.35124215]
 [0.9568324  0.226214   0.48072527 0.54549617 0.1420295  0.14509257
  0.68347921 0.93692142 0.06912031 0.53461983 0.14353701 1.
  0.03008036 0.8195618  0.3521577  0.89440729 0.64643936 0.03308837
  0.6968552  0.45333937 0.41334418 0.52129547 0.07329526 0.
  0.09154676 0.27623364 0.99241477 0.50899876 0.80619238 0.35124215]
 [0.9568324  0.226214   0.48072527 0.54549617 0.1420295  0.14509257
  0.68347921 0.93692142 0.06912031 0.53461983 0.14353701 1.
  0.03008036 0.8195618  0.3521577  0.89440729 0.64643936 0.03308837
  0.6968552  0.45333937 0.41334418 0.52129547 0.07329526 0.
  0.09154676 0.27623364 0.99241477 0.50899876 0.80619238 0.35124215]
 [0.9568324  0.226214   0.48072527 0.54549617 0.1420295  0.14509257
  0.68347921 0.93692142 0.06912031 0.53461983 0.14353701 1.
  0.03008036 0.8195618  0.3521577  0.89440729 0.64643936 0.03308837
  0.6968552  0.45333937 0.41334418 0.52129547 0.07329526 0.
  0.09154676 0.27623364 0.99241477 0.50899876 0.80619238 0.35124215]
 [0.9568324  0.226214   0.48072527 0.54549617 0.1420295  0.14509257
  0.68347921 0.93692142 0.06912031 0.53461983 0.14353701 1.
  0.03008036 0.8195618  0.3521577  0.89440729 0.64643936 0.03308837
  0.6968552  0.45333937 0.41334418 0.52129547 0.07329526 0.
  0.09154676 0.27623364 0.99241477 0.50899876 0.80619238 0.35124215]
 [0.9568324  0.226214   0.48072527 0.54549617 0.1420295  0.14509257
  0.68347921 0.93692142 0.06912031 0.53461983 0.14353701 1.
  0.03008036 0.8195618  0.3521577  0.89440729 0.64643936 0.03308837
  0.6968552  0.45333937 0.41334418 0.52129547 0.07329526 0.
  0.09154676 0.27623364 0.99241477 0.50899876 0.80619238 0.35124215]
 [0.9568324  0.226214   0.48072527 0.54549617 0.1420295  0.14509257
  0.68347921 0.93692142 0.06912031 0.53461983 0.14353701 1.
  0.03008036 0.8195618  0.3521577  0.89440729 0.64643936 0.03308837
  0.6968552  0.45333937 0.41334418 0.52129547 0.07329526 0.
  0.09154676 0.27623364 0.99241477 0.50899876 0.80619238 0.35124215]
 [0.9568324  0.226214   0.48072527 0.54549617 0.1420295  0.14509257
  0.68347921 0.93692142 0.06912031 0.53461983 0.14353701 1.
  0.03008036 0.8195618  0.3521577  0.89440729 0.64643936 0.03308837
  0.6968552  0.45333937 0.41334418 0.52129547 0.07329526 0.
  0.09154676 0.27623364 0.99241477 0.50899876 0.80619238 0.35124215]
 [0.9568324  0.226214   0.48072527 0.54549617 0.1420295  0.14509257
  0.68347921 0.93692142 0.06912031 0.53461983 0.14353701 1.
  0.03008036 0.8195618  0.3521577  0.89440729 0.64643936 0.03308837
  0.6968552  0.45333937 0.41334418 0.52129547 0.07329526 0.
  0.09154676 0.27623364 0.99241477 0.50899876 0.80619238 0.35124215]
 [0.9568324  0.226214   0.48072527 0.54549617 0.1420295  0.14509257
  0.68347921 0.93692142 0.06912031 0.53461983 0.14353701 1.
  0.03008036 0.8195618  0.3521577  0.89440729 0.64643936 0.03308837
  0.6968552  0.45333937 0.41334418 0.52129547 0.07329526 0.
  0.09154676 0.27623364 0.99241477 0.50899876 0.80619238 0.35124215]
 [0.9568324  0.226214   0.48072527 0.54549617 0.1420295  0.14509257
  0.68347921 0.93692142 0.06912031 0.53461983 0.14353701 1.
  0.03008036 0.8195618  0.3521577  0.89440729 0.64643936 0.03308837
  0.6968552  0.45333937 0.41334418 0.52129547 0.07329526 0.
  0.09154676 0.27623364 0.99241477 0.50899876 0.80619238 0.35124215]
 [0.9568324  0.226214   0.48072527 0.54549617 0.1420295  0.14509257
  0.68347921 0.93692142 0.06912031 0.53461983 0.14353701 1.
  0.03008036 0.8195618  0.3521577  0.89440729 0.64643936 0.03308837
  0.6968552  0.45333937 0.41334418 0.52129547 0.07329526 0.
  0.09154676 0.27623364 0.99241477 0.50899876 0.80619238 0.35124215]
 [0.9568324  0.226214   0.48072527 0.54549617 0.1420295  0.14509257
  0.68347921 0.93692142 0.06912031 0.53461983 0.14353701 1.
  0.03008036 0.8195618  0.3521577  0.89440729 0.64643936 0.03308837
  0.6968552  0.45333937 0.41334418 0.52129547 0.07329526 0.
  0.09154676 0.27623364 0.99241477 0.50899876 0.80619238 0.35124215]
 [0.9568324  0.226214   0.48072527 0.54549617 0.1420295  0.14509257
  0.68347921 0.93692142 0.06912031 0.53461983 0.14353701 1.
  0.03008036 0.8195618  0.3521577  0.89440729 0.64643936 0.03308837
  0.6968552  0.45333937 0.41334418 0.52129547 0.07329526 0.
  0.09154676 0.27623364 0.99241477 0.50899876 0.80619238 0.35124215]
 [0.9568324  0.226214   0.48072527 0.54549617 0.1420295  0.14509257
  0.68347921 0.93692142 0.06912031 0.53461983 0.14353701 1.
  0.03008036 0.8195618  0.3521577  0.89440729 0.64643936 0.03308837
  0.6968552  0.45333937 0.41334418 0.52129547 0.07329526 0.
  0.09154676 0.27623364 0.99241477 0.50899876 0.80619238 0.35124215]
 [0.9568324  0.226214   0.48072527 0.54549617 0.1420295  0.14509257
  0.68347921 0.93692142 0.06912031 0.53461983 0.14353701 1.
  0.03008036 0.8195618  0.3521577  0.89440729 0.64643936 0.03308837
  0.6968552  0.45333937 0.41334418 0.52129547 0.07329526 0.
  0.09154676 0.27623364 0.99241477 0.50899876 0.80619238 0.35124215]
 [0.9568324  0.226214   0.48072527 0.54549617 0.1420295  0.14509257
  0.68347921 0.93692142 0.06912031 0.53461983 0.14353701 1.
  0.03008036 0.8195618  0.3521577  0.89440729 0.64643936 0.03308837
  0.6968552  0.45333937 0.41334418 0.52129547 0.07329526 0.
  0.09154676 0.27623364 0.99241477 0.50899876 0.80619238 0.35124215]
 [0.9568324  0.226214   0.48072527 0.54549617 0.1420295  0.14509257
  0.68347921 0.93692142 0.06912031 0.53461983 0.14353701 1.
  0.03008036 0.8195618  0.3521577  0.89440729 0.64643936 0.03308837
  0.6968552  0.45333937 0.41334418 0.52129547 0.07329526 0.
  0.09154676 0.27623364 0.99241477 0.50899876 0.80619238 0.35124215]
 [0.9568324  0.226214   0.48072527 0.54549617 0.1420295  0.14509257
  0.68347921 0.93692142 0.06912031 0.53461983 0.14353701 1.
  0.03008036 0.8195618  0.3521577  0.89440729 0.64643936 0.03308837
  0.6968552  0.45333937 0.41334418 0.52129547 0.07329526 0.
  0.09154676 0.27623364 0.99241477 0.50899876 0.80619238 0.35124215]
 [0.9568324  0.226214   0.48072527 0.54549617 0.1420295  0.14509257
  0.68347921 0.93692142 0.06912031 0.53461983 0.14353701 1.
  0.03008036 0.8195618  0.3521577  0.89440729 0.64643936 0.03308837
  0.6968552  0.45333937 0.41334418 0.52129547 0.07329526 0.
  0.09154676 0.27623364 0.99241477 0.50899876 0.80619238 0.35124215]
 [0.9568324  0.226214   0.48072527 0.54549617 0.1420295  0.14509257
  0.68347921 0.93692142 0.06912031 0.53461983 0.14353701 1.
  0.03008036 0.8195618  0.3521577  0.89440729 0.64643936 0.03308837
  0.6968552  0.45333937 0.41334418 0.52129547 0.07329526 0.
  0.09154676 0.27623364 0.99241477 0.50899876 0.80619238 0.35124215]
 [0.9568324  0.226214   0.48072527 0.54549617 0.1420295  0.14509257
  0.68347921 0.93692142 0.06912031 0.53461983 0.14353701 1.
  0.03008036 0.8195618  0.3521577  0.89440729 0.64643936 0.03308837
  0.6968552  0.45333937 0.41334418 0.52129547 0.07329526 0.
  0.09154676 0.27623364 0.99241477 0.50899876 0.80619238 0.35124215]
 [0.9568324  0.226214   0.48072527 0.54549617 0.1420295  0.14509257
  0.68347921 0.93692142 0.06912031 0.53461983 0.14353701 1.
  0.03008036 0.8195618  0.3521577  0.89440729 0.64643936 0.03308837
  0.6968552  0.45333937 0.41334418 0.52129547 0.07329526 0.
  0.09154676 0.27623364 0.99241477 0.50899876 0.80619238 0.35124215]
 [0.9568324  0.226214   0.48072527 0.54549617 0.1420295  0.14509257
  0.68347921 0.93692142 0.06912031 0.53461983 0.14353701 1.
  0.03008036 0.8195618  0.3521577  0.89440729 0.64643936 0.03308837
  0.6968552  0.45333937 0.41334418 0.52129547 0.07329526 0.
  0.09154676 0.27623364 0.99241477 0.50899876 0.80619238 0.35124215]
 [0.9568324  0.226214   0.48072527 0.54549617 0.1420295  0.14509257
  0.68347921 0.93692142 0.06912031 0.53461983 0.14353701 1.
  0.03008036 0.8195618  0.3521577  0.89440729 0.64643936 0.03308837
  0.6968552  0.45333937 0.41334418 0.52129547 0.07329526 0.
  0.09154676 0.27623364 0.99241477 0.50899876 0.80619238 0.35124215]
 [0.9568324  0.226214   0.48072527 0.54549617 0.1420295  0.14509257
  0.68347921 0.93692142 0.06912031 0.53461983 0.14353701 1.
  0.03008036 0.8195618  0.3521577  0.89440729 0.64643936 0.03308837
  0.6968552  0.45333937 0.41334418 0.52129547 0.07329526 0.
  0.09154676 0.27623364 0.99241477 0.50899876 0.80619238 0.35124215]
 [0.9568324  0.226214   0.48072527 0.54549617 0.1420295  0.14509257
  0.68347921 0.93692142 0.06912031 0.53461983 0.14353701 1.
  0.03008036 0.8195618  0.3521577  0.89440729 0.64643936 0.03308837
  0.6968552  0.45333937 0.41334418 0.52129547 0.07329526 0.
  0.09154676 0.27623364 0.99241477 0.50899876 0.80619238 0.35124215]
 [0.9568324  0.226214   0.48072527 0.54549617 0.1420295  0.14509257
  0.68347921 0.93692142 0.06912031 0.53461983 0.14353701 1.
  0.03008036 0.8195618  0.3521577  0.89440729 0.64643936 0.03308837
  0.6968552  0.45333937 0.41334418 0.52129547 0.07329526 0.
  0.09154676 0.27623364 0.99241477 0.50899876 0.80619238 0.35124215]
 [0.9568324  0.226214   0.48072527 0.54549617 0.1420295  0.14509257
  0.68347921 0.93692142 0.06912031 0.53461983 0.14353701 1.
  0.03008036 0.8195618  0.3521577  0.89440729 0.64643936 0.03308837
  0.6968552  0.45333937 0.41334418 0.52129547 0.07329526 0.
  0.09154676 0.27623364 0.99241477 0.50899876 0.80619238 0.35124215]
 [0.9568324  0.226214   0.48072527 0.54549617 0.1420295  0.14509257
  0.68347921 0.93692142 0.06912031 0.53461983 0.14353701 1.
  0.03008036 0.8195618  0.3521577  0.89440729 0.64643936 0.03308837
  0.6968552  0.45333937 0.41334418 0.52129547 0.07329526 0.
  0.09154676 0.27623364 0.99241477 0.50899876 0.80619238 0.35124215]]"
121,"[[0.67842798 0.31375222 0.74698627 ... 0.18164278 0.53878994 0.        ]
 [0.67842798 0.31375222 0.74698627 ... 0.18164278 0.53878994 0.        ]
 [0.67842798 0.31375222 0.74698627 ... 0.18164278 0.53878994 0.        ]
 ...
 [0.67842798 0.31375222 0.74698627 ... 0.18164278 0.53878994 0.        ]
 [0.67842798 0.31375222 0.74698627 ... 0.18164278 0.53878994 0.        ]
 [0.67842798 0.31375222 0.74698627 ... 0.18164278 0.53878994 0.        ]]"
122,"[[0.37235565 0.08906356 0.26024944 ... 0.1768614  0.81796193 0.02639093]
 [0.37235565 0.08906356 0.26024944 ... 0.1768614  0.81796193 0.02639093]
 [0.37235565 0.08906356 0.26024944 ... 0.1768614  0.81796193 0.02639093]
 ...
 [0.37235565 0.08906356 0.26024944 ... 0.1768614  0.81796193 0.02639093]
 [0.37235565 0.08906356 0.26024944 ... 0.1768614  0.81796193 0.02639093]
 [0.37235565 0.08906356 0.26024944 ... 0.1768614  0.81796193 0.02639093]]"
123,"[[0.85265886 0.9950478  1.         ... 0.         0.74587465 0.18074995]
 [0.85265886 0.9950478  1.         ... 0.         0.74587465 0.18074995]
 [0.85265886 0.9950478  1.         ... 0.         0.74587465 0.18074995]
 ...
 [0.85265886 0.9950478  1.         ... 0.         0.74587465 0.18074995]
 [0.85265886 0.9950478  1.         ... 0.         0.74587465 0.18074995]
 [0.85265886 0.9950478  1.         ... 0.         0.74587465 0.18074995]]"
124,"[[0.90237154 0.55888126 0.76230979 ... 0.42708617 0.69045536 0.62028617]
 [0.90237154 0.55888126 0.76230979 ... 0.42708617 0.69045536 0.62028617]
 [0.90237154 0.55888126 0.76230979 ... 0.42708617 0.69045536 0.62028617]
 ...
 [0.90237154 0.55888126 0.76230979 ... 0.42708617 0.69045536 0.62028617]
 [0.90237154 0.55888126 0.76230979 ... 0.42708617 0.69045536 0.62028617]
 [0.90237154 0.55888126 0.76230979 ... 0.42708617 0.69045536 0.62028617]]"
125,"[[0.00645595 0.61192445 0.79430191 ... 0.20951088 0.236831   0.69483168]
 [0.00645595 0.61192445 0.79430191 ... 0.20951088 0.236831   0.69483168]
 [0.00645595 0.61192445 0.79430191 ... 0.20951088 0.236831   0.69483168]
 ...
 [0.00645595 0.61192445 0.79430191 ... 0.20951088 0.236831   0.69483168]
 [0.00645595 0.61192445 0.79430191 ... 0.20951088 0.236831   0.69483168]
 [0.00645595 0.61192445 0.79430191 ... 0.20951088 0.236831   0.69483168]]"
126,"[[0.33463675 0.46409962 0.41780789 ... 0.25381501 0.7930253  0.36724533]
 [0.33463675 0.46409962 0.41780789 ... 0.25381501 0.7930253  0.36724533]
 [0.33463675 0.46409962 0.41780789 ... 0.25381501 0.7930253  0.36724533]
 ...
 [0.33463675 0.46409962 0.41780789 ... 0.25381501 0.7930253  0.36724533]
 [0.33463675 0.46409962 0.41780789 ... 0.25381501 0.7930253  0.36724533]
 [0.33463675 0.46409962 0.41780789 ... 0.25381501 0.7930253  0.36724533]]"
127,"[[0.11062532 0.89062693 0.26665008 ... 1.         0.0511063  0.59361602]
 [0.11062532 0.89062693 0.26665008 ... 1.         0.0511063  0.59361602]
 [0.11062532 0.89062693 0.26665008 ... 1.         0.0511063  0.59361602]
 ...
 [0.11062532 0.89062693 0.26665008 ... 1.         0.0511063  0.59361602]
 [0.11062532 0.89062693 0.26665008 ... 1.         0.0511063  0.59361602]
 [0.11062532 0.89062693 0.26665008 ... 1.         0.0511063  0.59361602]]"
128,"[[0.45781799 0.61382257 0.66966412 ... 0.08519786 0.03309664 0.17965032]
 [0.45781799 0.61382257 0.66966412 ... 0.08519786 0.03309664 0.17965032]
 [0.45781799 0.61382257 0.66966412 ... 0.08519786 0.03309664 0.17965032]
 ...
 [0.45781799 0.61382257 0.66966412 ... 0.08519786 0.03309664 0.17965032]
 [0.45781799 0.61382257 0.66966412 ... 0.08519786 0.03309664 0.17965032]
 [0.45781799 0.61382257 0.66966412 ... 0.08519786 0.03309664 0.17965032]]"
129,"[[0.81917798 0.86935929 0.98506846 ... 0.42618337 0.02575054 0.3536186 ]
 [0.81917798 0.86935929 0.98506846 ... 0.42618337 0.02575054 0.3536186 ]
 [0.81917798 0.86935929 0.98506846 ... 0.42618337 0.02575054 0.3536186 ]
 ...
 [0.81917798 0.86935929 0.98506846 ... 0.42618337 0.02575054 0.3536186 ]
 [0.81917798 0.86935929 0.98506846 ... 0.42618337 0.02575054 0.3536186 ]
 [0.81917798 0.86935929 0.98506846 ... 0.42618337 0.02575054 0.3536186 ]]"
130,"[[0.31993738 0.2734894  0.94265629 ... 0.20325139 0.59887293 0.62499626]
 [0.31993738 0.2734894  0.94265629 ... 0.20325139 0.59887293 0.62499626]
 [0.31993738 0.2734894  0.94265629 ... 0.20325139 0.59887293 0.62499626]
 ...
 [0.31993738 0.2734894  0.94265629 ... 0.20325139 0.59887293 0.62499626]
 [0.31993738 0.2734894  0.94265629 ... 0.20325139 0.59887293 0.62499626]
 [0.31993738 0.2734894  0.94265629 ... 0.20325139 0.59887293 0.62499626]]"
131,"[[0.34225817 0.89344258 0.26569025 ... 0.         0.41236028 0.55964964]
 [0.34225817 0.89344258 0.26569025 ... 0.         0.41236028 0.55964964]
 [0.34225817 0.89344258 0.26569025 ... 0.         0.41236028 0.55964964]
 ...
 [0.34225817 0.89344258 0.26569025 ... 0.         0.41236028 0.55964964]
 [0.34225817 0.89344258 0.26569025 ... 0.         0.41236028 0.55964964]
 [0.34225817 0.89344258 0.26569025 ... 0.         0.41236028 0.55964964]]"
132,"[[0.44915208 0.75344486 0.66515024 ... 0.44041715 0.55637568 0.18550703]
 [0.44915208 0.75344486 0.66515024 ... 0.44041715 0.55637568 0.18550703]
 [0.44915208 0.75344486 0.66515024 ... 0.44041715 0.55637568 0.18550703]
 ...
 [0.44915208 0.75344486 0.66515024 ... 0.44041715 0.55637568 0.18550703]
 [0.44915208 0.75344486 0.66515024 ... 0.44041715 0.55637568 0.18550703]
 [0.44915208 0.75344486 0.66515024 ... 0.44041715 0.55637568 0.18550703]]"
133,"[[0.44762433 0.29225105 0.         ... 0.36603763 0.53581185 0.15371163]
 [0.44762433 0.29225105 0.         ... 0.36603763 0.53581185 0.15371163]
 [0.44762433 0.29225105 0.         ... 0.36603763 0.53581185 0.15371163]
 ...
 [0.44762433 0.29225105 0.         ... 0.36603763 0.53581185 0.15371163]
 [0.44762433 0.29225105 0.         ... 0.36603763 0.53581185 0.15371163]
 [0.44762433 0.29225105 0.         ... 0.36603763 0.53581185 0.15371163]]"
134,"[[0.78033411 0.20104225 0.9090522  ... 0.55594694 0.5032311  0.69554567]
 [0.78033411 0.20104225 0.9090522  ... 0.55594694 0.5032311  0.69554567]
 [0.78033411 0.20104225 0.9090522  ... 0.55594694 0.5032311  0.69554567]
 ...
 [0.78033411 0.20104225 0.9090522  ... 0.55594694 0.5032311  0.69554567]
 [0.78033411 0.20104225 0.9090522  ... 0.55594694 0.5032311  0.69554567]
 [0.78033411 0.20104225 0.9090522  ... 0.55594694 0.5032311  0.69554567]]"
135,"[[0.55927547 0.15178296 0.1896481  ... 0.71122979 0.03472155 0.83029086]
 [0.55927547 0.15178296 0.1896481  ... 0.71122979 0.03472155 0.83029086]
 [0.55927547 0.15178296 0.1896481  ... 0.71122979 0.03472155 0.83029086]
 ...
 [0.55927547 0.15178296 0.1896481  ... 0.71122979 0.03472155 0.83029086]
 [0.55927547 0.15178296 0.1896481  ... 0.71122979 0.03472155 0.83029086]
 [0.55927547 0.15178296 0.1896481  ... 0.71122979 0.03472155 0.83029086]]"
136,"[[0.42321554 0.80183093 0.84052693 ... 0.99324033 0.45059868 0.84446033]
 [0.42321554 0.80183093 0.84052693 ... 0.99324033 0.45059868 0.84446033]
 [0.42321554 0.80183093 0.84052693 ... 0.99324033 0.45059868 0.84446033]
 ...
 [0.42321554 0.80183093 0.84052693 ... 0.99324033 0.45059868 0.84446033]
 [0.42321554 0.80183093 0.84052693 ... 0.99324033 0.45059868 0.84446033]
 [0.42321554 0.80183093 0.84052693 ... 0.99324033 0.45059868 0.84446033]]"
137,"[[0.5296732  0.8921912  0.83682696 ... 0.44784269 0.72540398 0.34810238]
 [0.5296732  0.8921912  0.83682696 ... 0.44784269 0.72540398 0.34810238]
 [0.5296732  0.8921912  0.83682696 ... 0.44784269 0.72540398 0.34810238]
 ...
 [0.5296732  0.8921912  0.83682696 ... 0.44784269 0.72540398 0.34810238]
 [0.5296732  0.8921912  0.83682696 ... 0.44784269 0.72540398 0.34810238]
 [0.5296732  0.8921912  0.83682696 ... 0.44784269 0.72540398 0.34810238]]"
138,"[[0.00830752 0.22249296 0.20112154 ... 0.7751815  0.73105817 0.98931426]
 [0.00830752 0.22249296 0.20112154 ... 0.7751815  0.73105817 0.98931426]
 [0.00830752 0.22249296 0.20112154 ... 0.7751815  0.73105817 0.98931426]
 ...
 [0.00830752 0.22249296 0.20112154 ... 0.7751815  0.73105817 0.98931426]
 [0.00830752 0.22249296 0.20112154 ... 0.7751815  0.73105817 0.98931426]
 [0.00830752 0.22249296 0.20112154 ... 0.7751815  0.73105817 0.98931426]]"
139,"[[0.92890869 0.71745471 0.62827709 ... 0.79147254 0.53685368 0.63934168]
 [0.92890869 0.71745471 0.62827709 ... 0.79147254 0.53685368 0.63934168]
 [0.92890869 0.71745471 0.62827709 ... 0.79147254 0.53685368 0.63934168]
 ...
 [0.92890869 0.71745471 0.62827709 ... 0.79147254 0.53685368 0.63934168]
 [0.92890869 0.71745471 0.62827709 ... 0.79147254 0.53685368 0.63934168]
 [0.92890869 0.71745471 0.62827709 ... 0.79147254 0.53685368 0.63934168]]"
140,"[[0.38025005 0.57865515 0.03740274 ... 0.2754266  0.8894591  0.13939761]
 [0.38025005 0.57865515 0.03740274 ... 0.2754266  0.8894591  0.13939761]
 [0.38025005 0.57865515 0.03740274 ... 0.2754266  0.8894591  0.13939761]
 ...
 [0.38025005 0.57865515 0.03740274 ... 0.2754266  0.8894591  0.13939761]
 [0.38025005 0.57865515 0.03740274 ... 0.2754266  0.8894591  0.13939761]
 [0.38025005 0.57865515 0.03740274 ... 0.2754266  0.8894591  0.13939761]]"
141,"[[0.13864766 0.71106663 0.62617102 ... 0.64289189 0.52974277 0.22025173]
 [0.13864766 0.71106663 0.62617102 ... 0.64289189 0.52974277 0.22025173]
 [0.13864766 0.71106663 0.62617102 ... 0.64289189 0.52974277 0.22025173]
 ...
 [0.13864766 0.71106663 0.62617102 ... 0.64289189 0.52974277 0.22025173]
 [0.13864766 0.71106663 0.62617102 ... 0.64289189 0.52974277 0.22025173]
 [0.13864766 0.71106663 0.62617102 ... 0.64289189 0.52974277 0.22025173]]"
142,"[[0.63757277 0.1990515  0.30227427 ... 0.6349575  0.055566   0.61672999]
 [0.63757277 0.1990515  0.30227427 ... 0.6349575  0.055566   0.61672999]
 [0.63757277 0.1990515  0.30227427 ... 0.6349575  0.055566   0.61672999]
 ...
 [0.63757277 0.1990515  0.30227427 ... 0.6349575  0.055566   0.61672999]
 [0.63757277 0.1990515  0.30227427 ... 0.6349575  0.055566   0.61672999]
 [0.63757277 0.1990515  0.30227427 ... 0.6349575  0.055566   0.61672999]]"
143,"[[0.37876703 0.20381647 0.8033774  ... 0.45047604 0.77385272 0.79052165]
 [0.37876703 0.20381647 0.8033774  ... 0.45047604 0.77385272 0.79052165]
 [0.37876703 0.20381647 0.8033774  ... 0.45047604 0.77385272 0.79052165]
 ...
 [0.37876703 0.20381647 0.8033774  ... 0.45047604 0.77385272 0.79052165]
 [0.37876703 0.20381647 0.8033774  ... 0.45047604 0.77385272 0.79052165]
 [0.37876703 0.20381647 0.8033774  ... 0.45047604 0.77385272 0.79052165]]"
144,"[[0.04887585 0.21377825 0.21433586 ... 0.05074522 0.64439995 0.97081142]
 [0.04887585 0.21377825 0.21433586 ... 0.05074522 0.64439995 0.97081142]
 [0.04887585 0.21377825 0.21433586 ... 0.05074522 0.64439995 0.97081142]
 ...
 [0.04887585 0.21377825 0.21433586 ... 0.05074522 0.64439995 0.97081142]
 [0.04887585 0.21377825 0.21433586 ... 0.05074522 0.64439995 0.97081142]
 [0.04887585 0.21377825 0.21433586 ... 0.05074522 0.64439995 0.97081142]]"
145,"[[0.3878276  0.43181094 0.20734174 ... 0.78723379 0.98190257 0.82848181]
 [0.3878276  0.43181094 0.20734174 ... 0.78723379 0.98190257 0.82848181]
 [0.3878276  0.43181094 0.20734174 ... 0.78723379 0.98190257 0.82848181]
 ...
 [0.3878276  0.43181094 0.20734174 ... 0.78723379 0.98190257 0.82848181]
 [0.3878276  0.43181094 0.20734174 ... 0.78723379 0.98190257 0.82848181]
 [0.3878276  0.43181094 0.20734174 ... 0.78723379 0.98190257 0.82848181]]"
146,"[[0.92638934 0.68893795 0.40833825 ... 0.8265962  1.         0.632328  ]
 [0.92638934 0.68893795 0.40833825 ... 0.8265962  1.         0.632328  ]
 [0.92638934 0.68893795 0.40833825 ... 0.8265962  1.         0.632328  ]
 ...
 [0.92638934 0.68893795 0.40833825 ... 0.8265962  1.         0.632328  ]
 [0.92638934 0.68893795 0.40833825 ... 0.8265962  1.         0.632328  ]
 [0.92638934 0.68893795 0.40833825 ... 0.8265962  1.         0.632328  ]]"
147,"[[0.39263617 0.05474063 0.07143078 ... 0.96958665 0.44105563 0.75943995]
 [0.39263617 0.05474063 0.07143078 ... 0.96958665 0.44105563 0.75943995]
 [0.39263617 0.05474063 0.07143078 ... 0.96958665 0.44105563 0.75943995]
 ...
 [0.39263617 0.05474063 0.07143078 ... 0.96958665 0.44105563 0.75943995]
 [0.39263617 0.05474063 0.07143078 ... 0.96958665 0.44105563 0.75943995]
 [0.39263617 0.05474063 0.07143078 ... 0.96958665 0.44105563 0.75943995]]"
148,"[[0.6352248  0.14182176 0.59248692 ... 0.39845047 0.14992944 0.72104412]
 [0.6352248  0.14182176 0.59248692 ... 0.39845047 0.14992944 0.72104412]
 [0.6352248  0.14182176 0.59248692 ... 0.39845047 0.14992944 0.72104412]
 ...
 [0.6352248  0.14182176 0.59248692 ... 0.39845047 0.14992944 0.72104412]
 [0.6352248  0.14182176 0.59248692 ... 0.39845047 0.14992944 0.72104412]
 [0.6352248  0.14182176 0.59248692 ... 0.39845047 0.14992944 0.72104412]]"
149,"[[0.24067319 0.19713669 0.42703781 ... 0.99639968 0.47839421 0.86053993]
 [0.24067319 0.19713669 0.42703781 ... 0.99639968 0.47839421 0.86053993]
 [0.24067319 0.19713669 0.42703781 ... 0.99639968 0.47839421 0.86053993]
 ...
 [0.24067319 0.19713669 0.42703781 ... 0.99639968 0.47839421 0.86053993]
 [0.24067319 0.19713669 0.42703781 ... 0.99639968 0.47839421 0.86053993]
 [0.24067319 0.19713669 0.42703781 ... 0.99639968 0.47839421 0.86053993]]"
150,"[[0.64637677 0.01405445 0.88333862 ... 0.69314742 0.97784449 0.64489546]
 [0.64637677 0.01405445 0.88333862 ... 0.69314742 0.97784449 0.64489546]
 [0.64637677 0.01405445 0.88333862 ... 0.69314742 0.97784449 0.64489546]
 ...
 [0.64637677 0.01405445 0.88333862 ... 0.69314742 0.97784449 0.64489546]
 [0.64637677 0.01405445 0.88333862 ... 0.69314742 0.97784449 0.64489546]
 [0.64637677 0.01405445 0.88333862 ... 0.69314742 0.97784449 0.64489546]]"
151,"[[0.1558067  0.72320868 0.52116112 ... 0.37560251 0.88248756 0.40756632]
 [0.1558067  0.72320868 0.52116112 ... 0.37560251 0.88248756 0.40756632]
 [0.1558067  0.72320868 0.52116112 ... 0.37560251 0.88248756 0.40756632]
 ...
 [0.1558067  0.72320868 0.52116112 ... 0.37560251 0.88248756 0.40756632]
 [0.1558067  0.72320868 0.52116112 ... 0.37560251 0.88248756 0.40756632]
 [0.1558067  0.72320868 0.52116112 ... 0.37560251 0.88248756 0.40756632]]"
152,"[[0.701573   0.35405005 0.10148556 ... 0.09992002 0.40205314 0.49896354]
 [0.701573   0.35405005 0.10148556 ... 0.09992002 0.40205314 0.49896354]
 [0.701573   0.35405005 0.10148556 ... 0.09992002 0.40205314 0.49896354]
 ...
 [0.701573   0.35405005 0.10148556 ... 0.09992002 0.40205314 0.49896354]
 [0.701573   0.35405005 0.10148556 ... 0.09992002 0.40205314 0.49896354]
 [0.701573   0.35405005 0.10148556 ... 0.09992002 0.40205314 0.49896354]]"
153,"[[0.23748058 0.55977932 0.04831173 ... 1.         0.84523741 0.95866232]
 [0.23748058 0.55977932 0.04831173 ... 1.         0.84523741 0.95866232]
 [0.23748058 0.55977932 0.04831173 ... 1.         0.84523741 0.95866232]
 ...
 [0.23748058 0.55977932 0.04831173 ... 1.         0.84523741 0.95866232]
 [0.23748058 0.55977932 0.04831173 ... 1.         0.84523741 0.95866232]
 [0.23748058 0.55977932 0.04831173 ... 1.         0.84523741 0.95866232]]"
154,"[[0.42488165 0.67833839 0.65116964 ... 0.97861474 0.68674212 0.27077981]
 [0.42488165 0.67833839 0.65116964 ... 0.97861474 0.68674212 0.27077981]
 [0.42488165 0.67833839 0.65116964 ... 0.97861474 0.68674212 0.27077981]
 ...
 [0.42488165 0.67833839 0.65116964 ... 0.97861474 0.68674212 0.27077981]
 [0.42488165 0.67833839 0.65116964 ... 0.97861474 0.68674212 0.27077981]
 [0.42488165 0.67833839 0.65116964 ... 0.97861474 0.68674212 0.27077981]]"
155,"[[0.44459732 0.75554718 0.         ... 0.24309704 0.34173979 0.00151712]
 [0.44459732 0.75554718 0.         ... 0.24309704 0.34173979 0.00151712]
 [0.44459732 0.75554718 0.         ... 0.24309704 0.34173979 0.00151712]
 ...
 [0.44459732 0.75554718 0.         ... 0.24309704 0.34173979 0.00151712]
 [0.44459732 0.75554718 0.         ... 0.24309704 0.34173979 0.00151712]
 [0.44459732 0.75554718 0.         ... 0.24309704 0.34173979 0.00151712]]"
156,"[[0.64665722 0.2421429  0.60247848 ... 0.28525428 0.37431555 0.06441677]
 [0.64665722 0.2421429  0.60247848 ... 0.28525428 0.37431555 0.06441677]
 [0.64665722 0.2421429  0.60247848 ... 0.28525428 0.37431555 0.06441677]
 ...
 [0.64665722 0.2421429  0.60247848 ... 0.28525428 0.37431555 0.06441677]
 [0.64665722 0.2421429  0.60247848 ... 0.28525428 0.37431555 0.06441677]
 [0.64665722 0.2421429  0.60247848 ... 0.28525428 0.37431555 0.06441677]]"
157,"[[0.11277754 0.92023415 0.91469131 ... 0.72714781 0.73396354 0.86659714]
 [0.11277754 0.92023415 0.91469131 ... 0.72714781 0.73396354 0.86659714]
 [0.11277754 0.92023415 0.91469131 ... 0.72714781 0.73396354 0.86659714]
 ...
 [0.11277754 0.92023415 0.91469131 ... 0.72714781 0.73396354 0.86659714]
 [0.11277754 0.92023415 0.91469131 ... 0.72714781 0.73396354 0.86659714]
 [0.11277754 0.92023415 0.91469131 ... 0.72714781 0.73396354 0.86659714]]"
158,"[[0.32416981 0.93176125 0.59952627 ... 0.8495892  0.09559829 0.28125909]
 [0.32416981 0.93176125 0.59952627 ... 0.8495892  0.09559829 0.28125909]
 [0.32416981 0.93176125 0.59952627 ... 0.8495892  0.09559829 0.28125909]
 ...
 [0.32416981 0.93176125 0.59952627 ... 0.8495892  0.09559829 0.28125909]
 [0.32416981 0.93176125 0.59952627 ... 0.8495892  0.09559829 0.28125909]
 [0.32416981 0.93176125 0.59952627 ... 0.8495892  0.09559829 0.28125909]]"
159,"[[0.5275093  0.26174645 0.7026595  ... 0.57333959 0.5318654  0.60574183]
 [0.5275093  0.26174645 0.7026595  ... 0.57333959 0.5318654  0.60574183]
 [0.5275093  0.26174645 0.7026595  ... 0.57333959 0.5318654  0.60574183]
 ...
 [0.5275093  0.26174645 0.7026595  ... 0.57333959 0.5318654  0.60574183]
 [0.5275093  0.26174645 0.7026595  ... 0.57333959 0.5318654  0.60574183]
 [0.5275093  0.26174645 0.7026595  ... 0.57333959 0.5318654  0.60574183]]"
160,"[[0.16317495 0.98283507 0.82519372 ... 0.1960925  0.26036184 0.88831388]
 [0.16317495 0.98283507 0.82519372 ... 0.1960925  0.26036184 0.88831388]
 [0.16317495 0.98283507 0.82519372 ... 0.1960925  0.26036184 0.88831388]
 ...
 [0.16317495 0.98283507 0.82519372 ... 0.1960925  0.26036184 0.88831388]
 [0.16317495 0.98283507 0.82519372 ... 0.1960925  0.26036184 0.88831388]
 [0.16317495 0.98283507 0.82519372 ... 0.1960925  0.26036184 0.88831388]]"
161,"[[0.50040341 0.00102413 0.54474187 ... 0.10535355 0.33457758 0.72105754]
 [0.50040341 0.00102413 0.54474187 ... 0.10535355 0.33457758 0.72105754]
 [0.50040341 0.00102413 0.54474187 ... 0.10535355 0.33457758 0.72105754]
 ...
 [0.50040341 0.00102413 0.54474187 ... 0.10535355 0.33457758 0.72105754]
 [0.50040341 0.00102413 0.54474187 ... 0.10535355 0.33457758 0.72105754]
 [0.50040341 0.00102413 0.54474187 ... 0.10535355 0.33457758 0.72105754]]"
162,"[[0.34355618 0.         0.01033315 ... 0.94941937 0.12202393 0.54381014]
 [0.34355618 0.         0.01033315 ... 0.94941937 0.12202393 0.54381014]
 [0.34355618 0.         0.01033315 ... 0.94941937 0.12202393 0.54381014]
 ...
 [0.34355618 0.         0.01033315 ... 0.94941937 0.12202393 0.54381014]
 [0.34355618 0.         0.01033315 ... 0.94941937 0.12202393 0.54381014]
 [0.34355618 0.         0.01033315 ... 0.94941937 0.12202393 0.54381014]]"
163,"[[0.85179472 0.49721812 0.85014432 ... 1.         0.18030718 0.02192503]
 [0.85179472 0.49721812 0.85014432 ... 1.         0.18030718 0.02192503]
 [0.85179472 0.49721812 0.85014432 ... 1.         0.18030718 0.02192503]
 ...
 [0.85179472 0.49721812 0.85014432 ... 1.         0.18030718 0.02192503]
 [0.85179472 0.49721812 0.85014432 ... 1.         0.18030718 0.02192503]
 [0.85179472 0.49721812 0.85014432 ... 1.         0.18030718 0.02192503]]"
164,"[[1.         0.87270196 0.97498878 ... 0.74609097 0.54755563 0.20815254]
 [1.         0.87270196 0.97498878 ... 0.74609097 0.54755563 0.20815254]
 [1.         0.87270196 0.97498878 ... 0.74609097 0.54755563 0.20815254]
 ...
 [1.         0.87270196 0.97498878 ... 0.74609097 0.54755563 0.20815254]
 [1.         0.87270196 0.97498878 ... 0.74609097 0.54755563 0.20815254]
 [1.         0.87270196 0.97498878 ... 0.74609097 0.54755563 0.20815254]]"
165,"[[0.80346891 0.0617205  0.27712996 ... 0.62205025 0.55804768 0.83966534]
 [0.80346891 0.0617205  0.27712996 ... 0.62205025 0.55804768 0.83966534]
 [0.80346891 0.0617205  0.27712996 ... 0.62205025 0.55804768 0.83966534]
 ...
 [0.80346891 0.0617205  0.27712996 ... 0.62205025 0.55804768 0.83966534]
 [0.80346891 0.0617205  0.27712996 ... 0.62205025 0.55804768 0.83966534]
 [0.80346891 0.0617205  0.27712996 ... 0.62205025 0.55804768 0.83966534]]"
166,"[[0.37315597 0.69508693 0.79536982 ... 0.17247045 0.63985747 0.26494261]
 [0.37315597 0.69508693 0.79536982 ... 0.17247045 0.63985747 0.26494261]
 [0.37315597 0.69508693 0.79536982 ... 0.17247045 0.63985747 0.26494261]
 ...
 [0.37315597 0.69508693 0.79536982 ... 0.17247045 0.63985747 0.26494261]
 [0.37315597 0.69508693 0.79536982 ... 0.17247045 0.63985747 0.26494261]
 [0.37315597 0.69508693 0.79536982 ... 0.17247045 0.63985747 0.26494261]]"
167,"[[0.11369736 0.51736769 0.52208316 ... 0.63948256 0.20380067 0.00805136]
 [0.11369736 0.51736769 0.52208316 ... 0.63948256 0.20380067 0.00805136]
 [0.11369736 0.51736769 0.52208316 ... 0.63948256 0.20380067 0.00805136]
 ...
 [0.11369736 0.51736769 0.52208316 ... 0.63948256 0.20380067 0.00805136]
 [0.11369736 0.51736769 0.52208316 ... 0.63948256 0.20380067 0.00805136]
 [0.11369736 0.51736769 0.52208316 ... 0.63948256 0.20380067 0.00805136]]"
168,"[[0.35579949 0.5112419  0.95411238 ... 0.1774044  0.87962239 0.81475787]
 [0.35579949 0.5112419  0.95411238 ... 0.1774044  0.87962239 0.81475787]
 [0.35579949 0.5112419  0.95411238 ... 0.1774044  0.87962239 0.81475787]
 ...
 [0.35579949 0.5112419  0.95411238 ... 0.1774044  0.87962239 0.81475787]
 [0.35579949 0.5112419  0.95411238 ... 0.1774044  0.87962239 0.81475787]
 [0.35579949 0.5112419  0.95411238 ... 0.1774044  0.87962239 0.81475787]]"
169,"[[0.13232828 0.83434256 0.02579495 ... 0.97953096 0.67691413 0.02523766]
 [0.13232828 0.83434256 0.02579495 ... 0.97953096 0.67691413 0.02523766]
 [0.13232828 0.83434256 0.02579495 ... 0.97953096 0.67691413 0.02523766]
 ...
 [0.13232828 0.83434256 0.02579495 ... 0.97953096 0.67691413 0.02523766]
 [0.13232828 0.83434256 0.02579495 ... 0.97953096 0.67691413 0.02523766]
 [0.13232828 0.83434256 0.02579495 ... 0.97953096 0.67691413 0.02523766]]"
170,"[[0.10477274 0.65093409 0.69478301 ... 0.23185826 0.08177515 0.42233557]
 [0.10477274 0.65093409 0.69478301 ... 0.23185826 0.08177515 0.42233557]
 [0.10477274 0.65093409 0.69478301 ... 0.23185826 0.08177515 0.42233557]
 ...
 [0.10477274 0.65093409 0.69478301 ... 0.23185826 0.08177515 0.42233557]
 [0.10477274 0.65093409 0.69478301 ... 0.23185826 0.08177515 0.42233557]
 [0.10477274 0.65093409 0.69478301 ... 0.23185826 0.08177515 0.42233557]]"
171,"[[0.00294744 0.83999081 0.37038827 ... 0.02415499 0.4150422  0.535053  ]
 [0.00294744 0.83999081 0.37038827 ... 0.02415499 0.4150422  0.535053  ]
 [0.00294744 0.83999081 0.37038827 ... 0.02415499 0.4150422  0.535053  ]
 ...
 [0.00294744 0.83999081 0.37038827 ... 0.02415499 0.4150422  0.535053  ]
 [0.00294744 0.83999081 0.37038827 ... 0.02415499 0.4150422  0.535053  ]
 [0.00294744 0.83999081 0.37038827 ... 0.02415499 0.4150422  0.535053  ]]"
172,"[[0.66201812 0.47711593 0.95428927 ... 0.41657953 0.58875313 0.62078143]
 [0.66201812 0.47711593 0.95428927 ... 0.41657953 0.58875313 0.62078143]
 [0.66201812 0.47711593 0.95428927 ... 0.41657953 0.58875313 0.62078143]
 ...
 [0.66201812 0.47711593 0.95428927 ... 0.41657953 0.58875313 0.62078143]
 [0.66201812 0.47711593 0.95428927 ... 0.41657953 0.58875313 0.62078143]
 [0.66201812 0.47711593 0.95428927 ... 0.41657953 0.58875313 0.62078143]]"
173,"[[0.04690663 0.77265291 0.         ... 0.32765424 0.78479286 0.12484693]
 [0.04690663 0.77265291 0.         ... 0.32765424 0.78479286 0.12484693]
 [0.04690663 0.77265291 0.         ... 0.32765424 0.78479286 0.12484693]
 ...
 [0.04690663 0.77265291 0.         ... 0.32765424 0.78479286 0.12484693]
 [0.04690663 0.77265291 0.         ... 0.32765424 0.78479286 0.12484693]
 [0.04690663 0.77265291 0.         ... 0.32765424 0.78479286 0.12484693]]"
174,"[[0.34971425 0.76086549 0.13766282 ... 0.96600132 0.12199041 1.        ]
 [0.34971425 0.76086549 0.13766282 ... 0.96600132 0.12199041 1.        ]
 [0.34971425 0.76086549 0.13766282 ... 0.96600132 0.12199041 1.        ]
 ...
 [0.34971425 0.76086549 0.13766282 ... 0.96600132 0.12199041 1.        ]
 [0.34971425 0.76086549 0.13766282 ... 0.96600132 0.12199041 1.        ]
 [0.34971425 0.76086549 0.13766282 ... 0.96600132 0.12199041 1.        ]]"
175,"[[0.59425327 0.74833619 0.77204525 ... 0.20054472 0.22094498 0.20625806]
 [0.59425327 0.74833619 0.77204525 ... 0.20054472 0.22094498 0.20625806]
 [0.59425327 0.74833619 0.77204525 ... 0.20054472 0.22094498 0.20625806]
 ...
 [0.59425327 0.74833619 0.77204525 ... 0.20054472 0.22094498 0.20625806]
 [0.59425327 0.74833619 0.77204525 ... 0.20054472 0.22094498 0.20625806]
 [0.59425327 0.74833619 0.77204525 ... 0.20054472 0.22094498 0.20625806]]"
176,"[[0.35416212 0.82160598 0.99455431 ... 0.90418413 0.90570998 0.75178831]
 [0.35416212 0.82160598 0.99455431 ... 0.90418413 0.90570998 0.75178831]
 [0.35416212 0.82160598 0.99455431 ... 0.90418413 0.90570998 0.75178831]
 ...
 [0.35416212 0.82160598 0.99455431 ... 0.90418413 0.90570998 0.75178831]
 [0.35416212 0.82160598 0.99455431 ... 0.90418413 0.90570998 0.75178831]
 [0.35416212 0.82160598 0.99455431 ... 0.90418413 0.90570998 0.75178831]]"
177,"[[0.9140514  0.49656591 0.64804413 ... 0.38119817 0.07888005 0.28855141]
 [0.9140514  0.49656591 0.64804413 ... 0.38119817 0.07888005 0.28855141]
 [0.9140514  0.49656591 0.64804413 ... 0.38119817 0.07888005 0.28855141]
 ...
 [0.9140514  0.49656591 0.64804413 ... 0.38119817 0.07888005 0.28855141]
 [0.9140514  0.49656591 0.64804413 ... 0.38119817 0.07888005 0.28855141]
 [0.9140514  0.49656591 0.64804413 ... 0.38119817 0.07888005 0.28855141]]"
178,"[[0.49554456 0.46493115 0.59856051 ... 0.60681679 0.34818517 0.47420007]
 [0.49554456 0.46493115 0.59856051 ... 0.60681679 0.34818517 0.47420007]
 [0.49554456 0.46493115 0.59856051 ... 0.60681679 0.34818517 0.47420007]
 ...
 [0.49554456 0.46493115 0.59856051 ... 0.60681679 0.34818517 0.47420007]
 [0.49554456 0.46493115 0.59856051 ... 0.60681679 0.34818517 0.47420007]
 [0.49554456 0.46493115 0.59856051 ... 0.60681679 0.34818517 0.47420007]]"
179,"[[0.31438867 0.96418311 0.13785848 ... 0.02978663 0.09264763 0.11765174]
 [0.31438867 0.96418311 0.13785848 ... 0.02978663 0.09264763 0.11765174]
 [0.31438867 0.96418311 0.13785848 ... 0.02978663 0.09264763 0.11765174]
 ...
 [0.31438867 0.96418311 0.13785848 ... 0.02978663 0.09264763 0.11765174]
 [0.31438867 0.96418311 0.13785848 ... 0.02978663 0.09264763 0.11765174]
 [0.31438867 0.96418311 0.13785848 ... 0.02978663 0.09264763 0.11765174]]"
180,"[[0.54085413 0.01167814 0.73315322 ... 0.36863331 0.25853224 0.21632996]
 [0.54085413 0.01167814 0.73315322 ... 0.36863331 0.25853224 0.21632996]
 [0.54085413 0.01167814 0.73315322 ... 0.36863331 0.25853224 0.21632996]
 ...
 [0.54085413 0.01167814 0.73315322 ... 0.36863331 0.25853224 0.21632996]
 [0.54085413 0.01167814 0.73315322 ... 0.36863331 0.25853224 0.21632996]
 [0.54085413 0.01167814 0.73315322 ... 0.36863331 0.25853224 0.21632996]]"
181,"[[0.30648484 0.13119477 0.805958   ... 0.2043172  0.83419474 0.03408223]
 [0.30648484 0.13119477 0.805958   ... 0.2043172  0.83419474 0.03408223]
 [0.30648484 0.13119477 0.805958   ... 0.2043172  0.83419474 0.03408223]
 ...
 [0.30648484 0.13119477 0.805958   ... 0.2043172  0.83419474 0.03408223]
 [0.30648484 0.13119477 0.805958   ... 0.2043172  0.83419474 0.03408223]
 [0.30648484 0.13119477 0.805958   ... 0.2043172  0.83419474 0.03408223]]"
182,"[[0.08925548 0.63963666 0.31528929 ... 0.26706027 0.03608548 0.91323445]
 [0.08925548 0.63963666 0.31528929 ... 0.26706027 0.03608548 0.91323445]
 [0.08925548 0.63963666 0.31528929 ... 0.26706027 0.03608548 0.91323445]
 ...
 [0.08925548 0.63963666 0.31528929 ... 0.26706027 0.03608548 0.91323445]
 [0.08925548 0.63963666 0.31528929 ... 0.26706027 0.03608548 0.91323445]
 [0.08925548 0.63963666 0.31528929 ... 0.26706027 0.03608548 0.91323445]]"
183,"[[0.55857924 0.41613376 0.92885035 ... 1.         0.11373634 0.87619978]
 [0.55857924 0.41613376 0.92885035 ... 1.         0.11373634 0.87619978]
 [0.55857924 0.41613376 0.92885035 ... 1.         0.11373634 0.87619978]
 ...
 [0.55857924 0.41613376 0.92885035 ... 1.         0.11373634 0.87619978]
 [0.55857924 0.41613376 0.92885035 ... 1.         0.11373634 0.87619978]
 [0.55857924 0.41613376 0.92885035 ... 1.         0.11373634 0.87619978]]"
184,"[[0.70545461 0.09815548 0.63600112 ... 0.958143   0.40423312 0.98519856]
 [0.70545461 0.09815548 0.63600112 ... 0.958143   0.40423312 0.98519856]
 [0.70545461 0.09815548 0.63600112 ... 0.958143   0.40423312 0.98519856]
 ...
 [0.70545461 0.09815548 0.63600112 ... 0.958143   0.40423312 0.98519856]
 [0.70545461 0.09815548 0.63600112 ... 0.958143   0.40423312 0.98519856]
 [0.70545461 0.09815548 0.63600112 ... 0.958143   0.40423312 0.98519856]]"
185,"[[0.47469737 0.78678571 0.60408783 ... 0.5978141  0.70069419 0.46229397]
 [0.47469737 0.78678571 0.60408783 ... 0.5978141  0.70069419 0.46229397]
 [0.47469737 0.78678571 0.60408783 ... 0.5978141  0.70069419 0.46229397]
 ...
 [0.47469737 0.78678571 0.60408783 ... 0.5978141  0.70069419 0.46229397]
 [0.47469737 0.78678571 0.60408783 ... 0.5978141  0.70069419 0.46229397]
 [0.47469737 0.78678571 0.60408783 ... 0.5978141  0.70069419 0.46229397]]"
186,"[[0.42624502 0.5837497  0.9538646  ... 0.30605429 0.30011019 0.39169884]
 [0.42624502 0.5837497  0.9538646  ... 0.30605429 0.30011019 0.39169884]
 [0.42624502 0.5837497  0.9538646  ... 0.30605429 0.30011019 0.39169884]
 ...
 [0.42624502 0.5837497  0.9538646  ... 0.30605429 0.30011019 0.39169884]
 [0.42624502 0.5837497  0.9538646  ... 0.30605429 0.30011019 0.39169884]
 [0.42624502 0.5837497  0.9538646  ... 0.30605429 0.30011019 0.39169884]]"
187,"[[0.16156323 0.46824232 0.75210091 ... 0.04230707 0.77122467 0.32071276]
 [0.16156323 0.46824232 0.75210091 ... 0.04230707 0.77122467 0.32071276]
 [0.16156323 0.46824232 0.75210091 ... 0.04230707 0.77122467 0.32071276]
 ...
 [0.16156323 0.46824232 0.75210091 ... 0.04230707 0.77122467 0.32071276]
 [0.16156323 0.46824232 0.75210091 ... 0.04230707 0.77122467 0.32071276]
 [0.16156323 0.46824232 0.75210091 ... 0.04230707 0.77122467 0.32071276]]"
188,"[[0.84553837 0.         0.52276599 ... 0.70480303 0.47744026 0.33541468]
 [0.84553837 0.         0.52276599 ... 0.70480303 0.47744026 0.33541468]
 [0.84553837 0.         0.52276599 ... 0.70480303 0.47744026 0.33541468]
 ...
 [0.84553837 0.         0.52276599 ... 0.70480303 0.47744026 0.33541468]
 [0.84553837 0.         0.52276599 ... 0.70480303 0.47744026 0.33541468]
 [0.84553837 0.         0.52276599 ... 0.70480303 0.47744026 0.33541468]]"
189,"[[0.10352683 0.95414458 0.07957124 ... 0.00497514 0.77477014 0.64192923]
 [0.10352683 0.95414458 0.07957124 ... 0.00497514 0.77477014 0.64192923]
 [0.10352683 0.95414458 0.07957124 ... 0.00497514 0.77477014 0.64192923]
 ...
 [0.10352683 0.95414458 0.07957124 ... 0.00497514 0.77477014 0.64192923]
 [0.10352683 0.95414458 0.07957124 ... 0.00497514 0.77477014 0.64192923]
 [0.10352683 0.95414458 0.07957124 ... 0.00497514 0.77477014 0.64192923]]"
190,"[[0.6378567  0.1834142  0.70573717 ... 0.92324336 0.87459806 0.29292472]
 [0.6378567  0.1834142  0.70573717 ... 0.92324336 0.87459806 0.29292472]
 [0.6378567  0.1834142  0.70573717 ... 0.92324336 0.87459806 0.29292472]
 ...
 [0.6378567  0.1834142  0.70573717 ... 0.92324336 0.87459806 0.29292472]
 [0.6378567  0.1834142  0.70573717 ... 0.92324336 0.87459806 0.29292472]
 [0.6378567  0.1834142  0.70573717 ... 0.92324336 0.87459806 0.29292472]]"
191,"[[0.31292705 0.69798695 0.84411243 ... 1.         0.66660576 0.49199924]
 [0.31292705 0.69798695 0.84411243 ... 1.         0.66660576 0.49199924]
 [0.31292705 0.69798695 0.84411243 ... 1.         0.66660576 0.49199924]
 ...
 [0.31292705 0.69798695 0.84411243 ... 1.         0.66660576 0.49199924]
 [0.31292705 0.69798695 0.84411243 ... 1.         0.66660576 0.49199924]
 [0.31292705 0.69798695 0.84411243 ... 1.         0.66660576 0.49199924]]"
192,"[[0.98718969 0.25451912 0.39605272 ... 0.71577736 0.36558304 0.92819933]
 [0.98718969 0.25451912 0.39605272 ... 0.71577736 0.36558304 0.92819933]
 [0.98718969 0.25451912 0.39605272 ... 0.71577736 0.36558304 0.92819933]
 ...
 [0.98718969 0.25451912 0.39605272 ... 0.71577736 0.36558304 0.92819933]
 [0.98718969 0.25451912 0.39605272 ... 0.71577736 0.36558304 0.92819933]
 [0.98718969 0.25451912 0.39605272 ... 0.71577736 0.36558304 0.92819933]]"
193,"[[0.42421215 0.55542437 0.87591367 ... 0.62678295 0.86936138 0.8197894 ]
 [0.42421215 0.55542437 0.87591367 ... 0.62678295 0.86936138 0.8197894 ]
 [0.42421215 0.55542437 0.87591367 ... 0.62678295 0.86936138 0.8197894 ]
 ...
 [0.42421215 0.55542437 0.87591367 ... 0.62678295 0.86936138 0.8197894 ]
 [0.42421215 0.55542437 0.87591367 ... 0.62678295 0.86936138 0.8197894 ]
 [0.42421215 0.55542437 0.87591367 ... 0.62678295 0.86936138 0.8197894 ]]"
194,"[[0.63049277 0.76732752 0.071389   ... 0.06510955 0.44000642 0.50722496]
 [0.63049277 0.76732752 0.071389   ... 0.06510955 0.44000642 0.50722496]
 [0.63049277 0.76732752 0.071389   ... 0.06510955 0.44000642 0.50722496]
 ...
 [0.63049277 0.76732752 0.071389   ... 0.06510955 0.44000642 0.50722496]
 [0.63049277 0.76732752 0.071389   ... 0.06510955 0.44000642 0.50722496]
 [0.63049277 0.76732752 0.071389   ... 0.06510955 0.44000642 0.50722496]]"
195,"[[0.21805701 0.98574592 0.06664318 ... 0.38263225 0.85776297 0.34748811]
 [0.21805701 0.98574592 0.06664318 ... 0.38263225 0.85776297 0.34748811]
 [0.21805701 0.98574592 0.06664318 ... 0.38263225 0.85776297 0.34748811]
 ...
 [0.21805701 0.98574592 0.06664318 ... 0.38263225 0.85776297 0.34748811]
 [0.21805701 0.98574592 0.06664318 ... 0.38263225 0.85776297 0.34748811]
 [0.21805701 0.98574592 0.06664318 ... 0.38263225 0.85776297 0.34748811]]"
196,"[[0.09560665 0.33216213 0.98409564 ... 0.73744874 0.90974189 0.64694734]
 [0.09560665 0.33216213 0.98409564 ... 0.73744874 0.90974189 0.64694734]
 [0.09560665 0.33216213 0.98409564 ... 0.73744874 0.90974189 0.64694734]
 ...
 [0.09560665 0.33216213 0.98409564 ... 0.73744874 0.90974189 0.64694734]
 [0.09560665 0.33216213 0.98409564 ... 0.73744874 0.90974189 0.64694734]
 [0.09560665 0.33216213 0.98409564 ... 0.73744874 0.90974189 0.64694734]]"
197,"[[0.96725009 0.92582655 0.39621976 ... 0.30590199 0.03384873 0.35842069]
 [0.96725009 0.92582655 0.39621976 ... 0.30590199 0.03384873 0.35842069]
 [0.96725009 0.92582655 0.39621976 ... 0.30590199 0.03384873 0.35842069]
 ...
 [0.96725009 0.92582655 0.39621976 ... 0.30590199 0.03384873 0.35842069]
 [0.96725009 0.92582655 0.39621976 ... 0.30590199 0.03384873 0.35842069]
 [0.96725009 0.92582655 0.39621976 ... 0.30590199 0.03384873 0.35842069]]"
198,"[[0.15842238 0.5346121  0.7309967  ... 0.25284926 0.4339656  0.98922235]
 [0.15842238 0.5346121  0.7309967  ... 0.25284926 0.4339656  0.98922235]
 [0.15842238 0.5346121  0.7309967  ... 0.25284926 0.4339656  0.98922235]
 ...
 [0.15842238 0.5346121  0.7309967  ... 0.25284926 0.4339656  0.98922235]
 [0.15842238 0.5346121  0.7309967  ... 0.25284926 0.4339656  0.98922235]
 [0.15842238 0.5346121  0.7309967  ... 0.25284926 0.4339656  0.98922235]]"
199,"[[0.9035124  0.65625789 0.77853815 ... 0.25865469 0.58278031 0.51785252]
 [0.9035124  0.65625789 0.77853815 ... 0.25865469 0.58278031 0.51785252]
 [0.9035124  0.65625789 0.77853815 ... 0.25865469 0.58278031 0.51785252]
 ...
 [0.9035124  0.65625789 0.77853815 ... 0.25865469 0.58278031 0.51785252]
 [0.9035124  0.65625789 0.77853815 ... 0.25865469 0.58278031 0.51785252]
 [0.9035124  0.65625789 0.77853815 ... 0.25865469 0.58278031 0.51785252]]"
200,"[[0.19510048 0.39018978 0.94435258 ... 0.48862621 0.         0.15864352]
 [0.19510048 0.39018978 0.94435258 ... 0.48862621 0.         0.15864352]
 [0.19510048 0.39018978 0.94435258 ... 0.48862621 0.         0.15864352]
 ...
 [0.19510048 0.39018978 0.94435258 ... 0.48862621 0.         0.15864352]
 [0.19510048 0.39018978 0.94435258 ... 0.48862621 0.         0.15864352]
 [0.19510048 0.39018978 0.94435258 ... 0.48862621 0.         0.15864352]]"
201,"[[0.1130053  0.81737478 0.70267167 ... 0.90355041 0.65923231 0.29897999]
 [0.1130053  0.81737478 0.70267167 ... 0.90355041 0.65923231 0.29897999]
 [0.1130053  0.81737478 0.70267167 ... 0.90355041 0.65923231 0.29897999]
 ...
 [0.1130053  0.81737478 0.70267167 ... 0.90355041 0.65923231 0.29897999]
 [0.1130053  0.81737478 0.70267167 ... 0.90355041 0.65923231 0.29897999]
 [0.1130053  0.81737478 0.70267167 ... 0.90355041 0.65923231 0.29897999]]"
202,"[[0.41777204 0.58942745 0.05644837 ... 0.83718224 0.10270682 0.23702627]
 [0.41777204 0.58942745 0.05644837 ... 0.83718224 0.10270682 0.23702627]
 [0.41777204 0.58942745 0.05644837 ... 0.83718224 0.10270682 0.23702627]
 ...
 [0.41777204 0.58942745 0.05644837 ... 0.83718224 0.10270682 0.23702627]
 [0.41777204 0.58942745 0.05644837 ... 0.83718224 0.10270682 0.23702627]
 [0.41777204 0.58942745 0.05644837 ... 0.83718224 0.10270682 0.23702627]]"
203,"[[0.78115482 0.69281968 0.92918059 ... 0.03943967 0.4546164  0.63708983]
 [0.78115482 0.69281968 0.92918059 ... 0.03943967 0.4546164  0.63708983]
 [0.78115482 0.69281968 0.92918059 ... 0.03943967 0.4546164  0.63708983]
 ...
 [0.78115482 0.69281968 0.92918059 ... 0.03943967 0.4546164  0.63708983]
 [0.78115482 0.69281968 0.92918059 ... 0.03943967 0.4546164  0.63708983]
 [0.78115482 0.69281968 0.92918059 ... 0.03943967 0.4546164  0.63708983]]"
204,"[[0.26397252 0.82290641 0.04605255 ... 0.82749588 0.03925914 0.1987494 ]
 [0.26397252 0.82290641 0.04605255 ... 0.82749588 0.03925914 0.1987494 ]
 [0.26397252 0.82290641 0.04605255 ... 0.82749588 0.03925914 0.1987494 ]
 ...
 [0.26397252 0.82290641 0.04605255 ... 0.82749588 0.03925914 0.1987494 ]
 [0.26397252 0.82290641 0.04605255 ... 0.82749588 0.03925914 0.1987494 ]
 [0.26397252 0.82290641 0.04605255 ... 0.82749588 0.03925914 0.1987494 ]]"
205,"[[0.57767957 0.77679761 1.         ... 0.78136134 0.         0.79265338]
 [0.57767957 0.77679761 1.         ... 0.78136134 0.         0.79265338]
 [0.57767957 0.77679761 1.         ... 0.78136134 0.         0.79265338]
 ...
 [0.57767957 0.77679761 1.         ... 0.78136134 0.         0.79265338]
 [0.57767957 0.77679761 1.         ... 0.78136134 0.         0.79265338]
 [0.57767957 0.77679761 1.         ... 0.78136134 0.         0.79265338]]"
206,"[[0.4463866  0.73401671 0.30736744 ... 0.15530802 0.61392978 0.19363166]
 [0.4463866  0.73401671 0.30736744 ... 0.15530802 0.61392978 0.19363166]
 [0.4463866  0.73401671 0.30736744 ... 0.15530802 0.61392978 0.19363166]
 ...
 [0.4463866  0.73401671 0.30736744 ... 0.15530802 0.61392978 0.19363166]
 [0.4463866  0.73401671 0.30736744 ... 0.15530802 0.61392978 0.19363166]
 [0.4463866  0.73401671 0.30736744 ... 0.15530802 0.61392978 0.19363166]]"
207,"[[0.24021859 0.43000476 0.9198682  ... 0.89904761 0.30792015 0.59090347]
 [0.24021859 0.43000476 0.9198682  ... 0.89904761 0.30792015 0.59090347]
 [0.24021859 0.43000476 0.9198682  ... 0.89904761 0.30792015 0.59090347]
 ...
 [0.24021859 0.43000476 0.9198682  ... 0.89904761 0.30792015 0.59090347]
 [0.24021859 0.43000476 0.9198682  ... 0.89904761 0.30792015 0.59090347]
 [0.24021859 0.43000476 0.9198682  ... 0.89904761 0.30792015 0.59090347]]"
208,"[[0.94336124 0.55541117 0.17309189 ... 0.77486415 0.90248729 0.29271931]
 [0.94336124 0.55541117 0.17309189 ... 0.77486415 0.90248729 0.29271931]
 [0.94336124 0.55541117 0.17309189 ... 0.77486415 0.90248729 0.29271931]
 ...
 [0.94336124 0.55541117 0.17309189 ... 0.77486415 0.90248729 0.29271931]
 [0.94336124 0.55541117 0.17309189 ... 0.77486415 0.90248729 0.29271931]
 [0.94336124 0.55541117 0.17309189 ... 0.77486415 0.90248729 0.29271931]]"
209,"[[0.73848862 1.         0.9280028  ... 0.99368324 0.78528289 0.89296478]
 [0.73848862 1.         0.9280028  ... 0.99368324 0.78528289 0.89296478]
 [0.73848862 1.         0.9280028  ... 0.99368324 0.78528289 0.89296478]
 ...
 [0.73848862 1.         0.9280028  ... 0.99368324 0.78528289 0.89296478]
 [0.73848862 1.         0.9280028  ... 0.99368324 0.78528289 0.89296478]
 [0.73848862 1.         0.9280028  ... 0.99368324 0.78528289 0.89296478]]"
210,"[[0.7891744  0.         0.32296061 ... 0.15971234 0.7295306  0.8635696 ]
 [0.7891744  0.         0.32296061 ... 0.15971234 0.7295306  0.8635696 ]
 [0.7891744  0.         0.32296061 ... 0.15971234 0.7295306  0.8635696 ]
 ...
 [0.7891744  0.         0.32296061 ... 0.15971234 0.7295306  0.8635696 ]
 [0.7891744  0.         0.32296061 ... 0.15971234 0.7295306  0.8635696 ]
 [0.7891744  0.         0.32296061 ... 0.15971234 0.7295306  0.8635696 ]]"
211,"[[0.10809689 0.18496045 0.08574852 ... 0.85424182 0.49735032 0.62921905]
 [0.10809689 0.18496045 0.08574852 ... 0.85424182 0.49735032 0.62921905]
 [0.10809689 0.18496045 0.08574852 ... 0.85424182 0.49735032 0.62921905]
 ...
 [0.10809689 0.18496045 0.08574852 ... 0.85424182 0.49735032 0.62921905]
 [0.10809689 0.18496045 0.08574852 ... 0.85424182 0.49735032 0.62921905]
 [0.10809689 0.18496045 0.08574852 ... 0.85424182 0.49735032 0.62921905]]"
212,"[[0.98837463 0.80333688 0.60407098 ... 0.43878829 0.05798171 0.19118206]
 [0.98837463 0.80333688 0.60407098 ... 0.43878829 0.05798171 0.19118206]
 [0.98837463 0.80333688 0.60407098 ... 0.43878829 0.05798171 0.19118206]
 ...
 [0.98837463 0.80333688 0.60407098 ... 0.43878829 0.05798171 0.19118206]
 [0.98837463 0.80333688 0.60407098 ... 0.43878829 0.05798171 0.19118206]
 [0.98837463 0.80333688 0.60407098 ... 0.43878829 0.05798171 0.19118206]]"
213,"[[0.53062532 0.6255699  0.65954775 ... 0.66098872 0.3344561  0.43940529]
 [0.53062532 0.6255699  0.65954775 ... 0.66098872 0.3344561  0.43940529]
 [0.53062532 0.6255699  0.65954775 ... 0.66098872 0.3344561  0.43940529]
 ...
 [0.53062532 0.6255699  0.65954775 ... 0.66098872 0.3344561  0.43940529]
 [0.53062532 0.6255699  0.65954775 ... 0.66098872 0.3344561  0.43940529]
 [0.53062532 0.6255699  0.65954775 ... 0.66098872 0.3344561  0.43940529]]"
214,"[[0.99223751 0.02911902 0.02052108 ... 0.50841644 0.45799392 0.97133697]
 [0.99223751 0.02911902 0.02052108 ... 0.50841644 0.45799392 0.97133697]
 [0.99223751 0.02911902 0.02052108 ... 0.50841644 0.45799392 0.97133697]
 ...
 [0.99223751 0.02911902 0.02052108 ... 0.50841644 0.45799392 0.97133697]
 [0.99223751 0.02911902 0.02052108 ... 0.50841644 0.45799392 0.97133697]
 [0.99223751 0.02911902 0.02052108 ... 0.50841644 0.45799392 0.97133697]]"
215,"[[0.29724506 0.0691223  0.88997128 ... 0.81456996 0.40796039 0.16808766]
 [0.29724506 0.0691223  0.88997128 ... 0.81456996 0.40796039 0.16808766]
 [0.29724506 0.0691223  0.88997128 ... 0.81456996 0.40796039 0.16808766]
 ...
 [0.29724506 0.0691223  0.88997128 ... 0.81456996 0.40796039 0.16808766]
 [0.29724506 0.0691223  0.88997128 ... 0.81456996 0.40796039 0.16808766]
 [0.29724506 0.0691223  0.88997128 ... 0.81456996 0.40796039 0.16808766]]"
216,"[[0.92959448 0.1216487  0.76660038 ... 0.58734824 0.58094824 0.3506454 ]
 [0.92959448 0.1216487  0.76660038 ... 0.58734824 0.58094824 0.3506454 ]
 [0.92959448 0.1216487  0.76660038 ... 0.58734824 0.58094824 0.3506454 ]
 ...
 [0.92959448 0.1216487  0.76660038 ... 0.58734824 0.58094824 0.3506454 ]
 [0.92959448 0.1216487  0.76660038 ... 0.58734824 0.58094824 0.3506454 ]
 [0.92959448 0.1216487  0.76660038 ... 0.58734824 0.58094824 0.3506454 ]]"
217,"[[0.34480773 0.93629434 0.55576977 ... 0.66851568 0.48620478 0.86011071]
 [0.34480773 0.93629434 0.55576977 ... 0.66851568 0.48620478 0.86011071]
 [0.34480773 0.93629434 0.55576977 ... 0.66851568 0.48620478 0.86011071]
 ...
 [0.34480773 0.93629434 0.55576977 ... 0.66851568 0.48620478 0.86011071]
 [0.34480773 0.93629434 0.55576977 ... 0.66851568 0.48620478 0.86011071]
 [0.34480773 0.93629434 0.55576977 ... 0.66851568 0.48620478 0.86011071]]"
218,"[[0.71350596 0.87038594 0.50875334 ... 0.60111527 0.75130291 0.77100395]
 [0.71350596 0.87038594 0.50875334 ... 0.60111527 0.75130291 0.77100395]
 [0.71350596 0.87038594 0.50875334 ... 0.60111527 0.75130291 0.77100395]
 ...
 [0.71350596 0.87038594 0.50875334 ... 0.60111527 0.75130291 0.77100395]
 [0.71350596 0.87038594 0.50875334 ... 0.60111527 0.75130291 0.77100395]
 [0.71350596 0.87038594 0.50875334 ... 0.60111527 0.75130291 0.77100395]]"
219,"[[0.25049259 0.63224364 0.19494214 ... 0.23437416 0.61998833 0.21112079]
 [0.25049259 0.63224364 0.19494214 ... 0.23437416 0.61998833 0.21112079]
 [0.25049259 0.63224364 0.19494214 ... 0.23437416 0.61998833 0.21112079]
 ...
 [0.25049259 0.63224364 0.19494214 ... 0.23437416 0.61998833 0.21112079]
 [0.25049259 0.63224364 0.19494214 ... 0.23437416 0.61998833 0.21112079]
 [0.25049259 0.63224364 0.19494214 ... 0.23437416 0.61998833 0.21112079]]"
220,"[[0.6624892  0.18027008 0.1539276  ... 0.00726004 0.64755112 0.323625  ]
 [0.6624892  0.18027008 0.1539276  ... 0.00726004 0.64755112 0.323625  ]
 [0.6624892  0.18027008 0.1539276  ... 0.00726004 0.64755112 0.323625  ]
 ...
 [0.6624892  0.18027008 0.1539276  ... 0.00726004 0.64755112 0.323625  ]
 [0.6624892  0.18027008 0.1539276  ... 0.00726004 0.64755112 0.323625  ]
 [0.6624892  0.18027008 0.1539276  ... 0.00726004 0.64755112 0.323625  ]]"
221,"[[0.5283758  0.72609289 0.55674533 ... 0.20492427 0.3523802  0.47567588]
 [0.5283758  0.72609289 0.55674533 ... 0.20492427 0.3523802  0.47567588]
 [0.5283758  0.72609289 0.55674533 ... 0.20492427 0.3523802  0.47567588]
 ...
 [0.5283758  0.72609289 0.55674533 ... 0.20492427 0.3523802  0.47567588]
 [0.5283758  0.72609289 0.55674533 ... 0.20492427 0.3523802  0.47567588]
 [0.5283758  0.72609289 0.55674533 ... 0.20492427 0.3523802  0.47567588]]"
222,"[[0.5236868  0.00557683 1.         ... 0.45859961 0.34643371 0.66392913]
 [0.5236868  0.00557683 1.         ... 0.45859961 0.34643371 0.66392913]
 [0.5236868  0.00557683 1.         ... 0.45859961 0.34643371 0.66392913]
 ...
 [0.5236868  0.00557683 1.         ... 0.45859961 0.34643371 0.66392913]
 [0.5236868  0.00557683 1.         ... 0.45859961 0.34643371 0.66392913]
 [0.5236868  0.00557683 1.         ... 0.45859961 0.34643371 0.66392913]]"
223,"[[0.04120947 0.33091358 1.         ... 0.05079716 0.59153632 0.46927006]
 [0.04120947 0.33091358 1.         ... 0.05079716 0.59153632 0.46927006]
 [0.04120947 0.33091358 1.         ... 0.05079716 0.59153632 0.46927006]
 ...
 [0.04120947 0.33091358 1.         ... 0.05079716 0.59153632 0.46927006]
 [0.04120947 0.33091358 1.         ... 0.05079716 0.59153632 0.46927006]
 [0.04120947 0.33091358 1.         ... 0.05079716 0.59153632 0.46927006]]"
224,"[[0.00261302 0.40493588 0.17159297 ... 0.97189662 0.38873072 0.12417636]
 [0.00261302 0.40493588 0.17159297 ... 0.97189662 0.38873072 0.12417636]
 [0.00261302 0.40493588 0.17159297 ... 0.97189662 0.38873072 0.12417636]
 ...
 [0.00261302 0.40493588 0.17159297 ... 0.97189662 0.38873072 0.12417636]
 [0.00261302 0.40493588 0.17159297 ... 0.97189662 0.38873072 0.12417636]
 [0.00261302 0.40493588 0.17159297 ... 0.97189662 0.38873072 0.12417636]]"
225,"[[0.23598331 0.92576704 0.05655349 ... 0.46022828 0.78314638 0.11269701]
 [0.23598331 0.92576704 0.05655349 ... 0.46022828 0.78314638 0.11269701]
 [0.23598331 0.92576704 0.05655349 ... 0.46022828 0.78314638 0.11269701]
 ...
 [0.23598331 0.92576704 0.05655349 ... 0.46022828 0.78314638 0.11269701]
 [0.23598331 0.92576704 0.05655349 ... 0.46022828 0.78314638 0.11269701]
 [0.23598331 0.92576704 0.05655349 ... 0.46022828 0.78314638 0.11269701]]"
226,"[[0.10419154 0.15143606 0.56566499 ... 0.66678391 0.88009744 0.0490893 ]
 [0.10419154 0.15143606 0.56566499 ... 0.66678391 0.88009744 0.0490893 ]
 [0.10419154 0.15143606 0.56566499 ... 0.66678391 0.88009744 0.0490893 ]
 ...
 [0.10419154 0.15143606 0.56566499 ... 0.66678391 0.88009744 0.0490893 ]
 [0.10419154 0.15143606 0.56566499 ... 0.66678391 0.88009744 0.0490893 ]
 [0.10419154 0.15143606 0.56566499 ... 0.66678391 0.88009744 0.0490893 ]]"
227,"[[0.59887394 0.09535048 0.91745084 ... 0.87635459 0.13567624 0.71240304]
 [0.59887394 0.09535048 0.91745084 ... 0.87635459 0.13567624 0.71240304]
 [0.59887394 0.09535048 0.91745084 ... 0.87635459 0.13567624 0.71240304]
 ...
 [0.59887394 0.09535048 0.91745084 ... 0.87635459 0.13567624 0.71240304]
 [0.59887394 0.09535048 0.91745084 ... 0.87635459 0.13567624 0.71240304]
 [0.59887394 0.09535048 0.91745084 ... 0.87635459 0.13567624 0.71240304]]"
228,"[[0.85027278 0.33407481 0.24727516 ... 0.70502289 0.83027844 0.96837462]
 [0.85027278 0.33407481 0.24727516 ... 0.70502289 0.83027844 0.96837462]
 [0.85027278 0.33407481 0.24727516 ... 0.70502289 0.83027844 0.96837462]
 ...
 [0.85027278 0.33407481 0.24727516 ... 0.70502289 0.83027844 0.96837462]
 [0.85027278 0.33407481 0.24727516 ... 0.70502289 0.83027844 0.96837462]
 [0.85027278 0.33407481 0.24727516 ... 0.70502289 0.83027844 0.96837462]]"
229,"[[0.28287116 0.83940214 0.75741493 ... 0.22313977 0.63778081 0.20710173]
 [0.28287116 0.83940214 0.75741493 ... 0.22313977 0.63778081 0.20710173]
 [0.28287116 0.83940214 0.75741493 ... 0.22313977 0.63778081 0.20710173]
 ...
 [0.28287116 0.83940214 0.75741493 ... 0.22313977 0.63778081 0.20710173]
 [0.28287116 0.83940214 0.75741493 ... 0.22313977 0.63778081 0.20710173]
 [0.28287116 0.83940214 0.75741493 ... 0.22313977 0.63778081 0.20710173]]"
230,"[[0.49671919 0.01912849 0.10439175 ... 0.26935371 0.64677361 0.53657493]
 [0.49671919 0.01912849 0.10439175 ... 0.26935371 0.64677361 0.53657493]
 [0.49671919 0.01912849 0.10439175 ... 0.26935371 0.64677361 0.53657493]
 ...
 [0.49671919 0.01912849 0.10439175 ... 0.26935371 0.64677361 0.53657493]
 [0.49671919 0.01912849 0.10439175 ... 0.26935371 0.64677361 0.53657493]
 [0.49671919 0.01912849 0.10439175 ... 0.26935371 0.64677361 0.53657493]]"
231,"[[0.00776097 0.36086407 0.64064205 ... 0.76332282 0.31774348 0.60384763]
 [0.00776097 0.36086407 0.64064205 ... 0.76332282 0.31774348 0.60384763]
 [0.00776097 0.36086407 0.64064205 ... 0.76332282 0.31774348 0.60384763]
 ...
 [0.00776097 0.36086407 0.64064205 ... 0.76332282 0.31774348 0.60384763]
 [0.00776097 0.36086407 0.64064205 ... 0.76332282 0.31774348 0.60384763]
 [0.00776097 0.36086407 0.64064205 ... 0.76332282 0.31774348 0.60384763]]"
232,"[[0.73456923 0.49144525 0.6026843  ... 0.94850841 0.58073488 0.8893444 ]
 [0.73456923 0.49144525 0.6026843  ... 0.94850841 0.58073488 0.8893444 ]
 [0.73456923 0.49144525 0.6026843  ... 0.94850841 0.58073488 0.8893444 ]
 ...
 [0.73456923 0.49144525 0.6026843  ... 0.94850841 0.58073488 0.8893444 ]
 [0.73456923 0.49144525 0.6026843  ... 0.94850841 0.58073488 0.8893444 ]
 [0.73456923 0.49144525 0.6026843  ... 0.94850841 0.58073488 0.8893444 ]]"
233,"[[0.02851377 0.96330807 0.3089838  ... 0.98976917 0.34367034 0.52872078]
 [0.02851377 0.96330807 0.3089838  ... 0.98976917 0.34367034 0.52872078]
 [0.02851377 0.96330807 0.3089838  ... 0.98976917 0.34367034 0.52872078]
 ...
 [0.02851377 0.96330807 0.3089838  ... 0.98976917 0.34367034 0.52872078]
 [0.02851377 0.96330807 0.3089838  ... 0.98976917 0.34367034 0.52872078]
 [0.02851377 0.96330807 0.3089838  ... 0.98976917 0.34367034 0.52872078]]"
234,"[[0.78057617 0.95909481 0.18743373 ... 0.97563519 0.81321966 0.50622234]
 [0.78057617 0.95909481 0.18743373 ... 0.97563519 0.81321966 0.50622234]
 [0.78057617 0.95909481 0.18743373 ... 0.97563519 0.81321966 0.50622234]
 ...
 [0.78057617 0.95909481 0.18743373 ... 0.97563519 0.81321966 0.50622234]
 [0.78057617 0.95909481 0.18743373 ... 0.97563519 0.81321966 0.50622234]
 [0.78057617 0.95909481 0.18743373 ... 0.97563519 0.81321966 0.50622234]]"
235,"[[0.82203907 0.12822442 0.79228624 ... 0.06409028 0.06958197 0.62078994]
 [0.82203907 0.12822442 0.79228624 ... 0.06409028 0.06958197 0.62078994]
 [0.82203907 0.12822442 0.79228624 ... 0.06409028 0.06958197 0.62078994]
 ...
 [0.82203907 0.12822442 0.79228624 ... 0.06409028 0.06958197 0.62078994]
 [0.82203907 0.12822442 0.79228624 ... 0.06409028 0.06958197 0.62078994]
 [0.82203907 0.12822442 0.79228624 ... 0.06409028 0.06958197 0.62078994]]"
236,"[[0.06517146 0.44854469 0.90445256 ... 0.22365999 0.80023468 0.54883083]
 [0.06517146 0.44854469 0.90445256 ... 0.22365999 0.80023468 0.54883083]
 [0.06517146 0.44854469 0.90445256 ... 0.22365999 0.80023468 0.54883083]
 ...
 [0.06517146 0.44854469 0.90445256 ... 0.22365999 0.80023468 0.54883083]
 [0.06517146 0.44854469 0.90445256 ... 0.22365999 0.80023468 0.54883083]
 [0.06517146 0.44854469 0.90445256 ... 0.22365999 0.80023468 0.54883083]]"
237,"[[0.81953863 0.23577158 0.2931992  ... 0.19567409 0.90023565 0.61960238]
 [0.81953863 0.23577158 0.2931992  ... 0.19567409 0.90023565 0.61960238]
 [0.81953863 0.23577158 0.2931992  ... 0.19567409 0.90023565 0.61960238]
 ...
 [0.81953863 0.23577158 0.2931992  ... 0.19567409 0.90023565 0.61960238]
 [0.81953863 0.23577158 0.2931992  ... 0.19567409 0.90023565 0.61960238]
 [0.81953863 0.23577158 0.2931992  ... 0.19567409 0.90023565 0.61960238]]"
238,"[[0.00690499 0.5961576  0.17636385 ... 0.90204363 0.98574472 0.52701136]
 [0.00690499 0.5961576  0.17636385 ... 0.90204363 0.98574472 0.52701136]
 [0.00690499 0.5961576  0.17636385 ... 0.90204363 0.98574472 0.52701136]
 ...
 [0.00690499 0.5961576  0.17636385 ... 0.90204363 0.98574472 0.52701136]
 [0.00690499 0.5961576  0.17636385 ... 0.90204363 0.98574472 0.52701136]
 [0.00690499 0.5961576  0.17636385 ... 0.90204363 0.98574472 0.52701136]]"
239,"[[0.20157316 0.40076701 0.29137026 ... 0.62281719 0.36179554 0.16917302]
 [0.20157316 0.40076701 0.29137026 ... 0.62281719 0.36179554 0.16917302]
 [0.20157316 0.40076701 0.29137026 ... 0.62281719 0.36179554 0.16917302]
 ...
 [0.20157316 0.40076701 0.29137026 ... 0.62281719 0.36179554 0.16917302]
 [0.20157316 0.40076701 0.29137026 ... 0.62281719 0.36179554 0.16917302]
 [0.20157316 0.40076701 0.29137026 ... 0.62281719 0.36179554 0.16917302]]"
240,"[[0.72180799 0.48952427 0.09200099 ... 0.38662142 0.37595999 0.67042075]
 [0.72180799 0.48952427 0.09200099 ... 0.38662142 0.37595999 0.67042075]
 [0.72180799 0.48952427 0.09200099 ... 0.38662142 0.37595999 0.67042075]
 ...
 [0.72180799 0.48952427 0.09200099 ... 0.38662142 0.37595999 0.67042075]
 [0.72180799 0.48952427 0.09200099 ... 0.38662142 0.37595999 0.67042075]
 [0.72180799 0.48952427 0.09200099 ... 0.38662142 0.37595999 0.67042075]]"
241,"[[0.92819955 0.44672459 0.51374893 ... 0.21209506 0.85978643 0.33615385]
 [0.92819955 0.44672459 0.51374893 ... 0.21209506 0.85978643 0.33615385]
 [0.92819955 0.44672459 0.51374893 ... 0.21209506 0.85978643 0.33615385]
 ...
 [0.92819955 0.44672459 0.51374893 ... 0.21209506 0.85978643 0.33615385]
 [0.92819955 0.44672459 0.51374893 ... 0.21209506 0.85978643 0.33615385]
 [0.92819955 0.44672459 0.51374893 ... 0.21209506 0.85978643 0.33615385]]"
242,"[[0.00756085 0.04705203 0.35149866 ... 0.84898375 0.01296295 0.87868985]
 [0.00756085 0.04705203 0.35149866 ... 0.84898375 0.01296295 0.87868985]
 [0.00756085 0.04705203 0.35149866 ... 0.84898375 0.01296295 0.87868985]
 ...
 [0.00756085 0.04705203 0.35149866 ... 0.84898375 0.01296295 0.87868985]
 [0.00756085 0.04705203 0.35149866 ... 0.84898375 0.01296295 0.87868985]
 [0.00756085 0.04705203 0.35149866 ... 0.84898375 0.01296295 0.87868985]]"
243,"[[0.08251829 0.62342165 0.15362567 ... 0.68067994 0.63416974 0.23171808]
 [0.08251829 0.62342165 0.15362567 ... 0.68067994 0.63416974 0.23171808]
 [0.08251829 0.62342165 0.15362567 ... 0.68067994 0.63416974 0.23171808]
 ...
 [0.08251829 0.62342165 0.15362567 ... 0.68067994 0.63416974 0.23171808]
 [0.08251829 0.62342165 0.15362567 ... 0.68067994 0.63416974 0.23171808]
 [0.08251829 0.62342165 0.15362567 ... 0.68067994 0.63416974 0.23171808]]"
244,"[[0.35600438 0.09419503 0.3932097  ... 0.92866627 0.9964398  0.8583735 ]
 [0.35600438 0.09419503 0.3932097  ... 0.92866627 0.9964398  0.8583735 ]
 [0.35600438 0.09419503 0.3932097  ... 0.92866627 0.9964398  0.8583735 ]
 ...
 [0.35600438 0.09419503 0.3932097  ... 0.92866627 0.9964398  0.8583735 ]
 [0.35600438 0.09419503 0.3932097  ... 0.92866627 0.9964398  0.8583735 ]
 [0.35600438 0.09419503 0.3932097  ... 0.92866627 0.9964398  0.8583735 ]]"
245,"[[0.3713285  0.81664068 0.42535883 ... 0.5129716  0.         0.73855387]
 [0.3713285  0.81664068 0.42535883 ... 0.5129716  0.         0.73855387]
 [0.3713285  0.81664068 0.42535883 ... 0.5129716  0.         0.73855387]
 ...
 [0.3713285  0.81664068 0.42535883 ... 0.5129716  0.         0.73855387]
 [0.3713285  0.81664068 0.42535883 ... 0.5129716  0.         0.73855387]
 [0.3713285  0.81664068 0.42535883 ... 0.5129716  0.         0.73855387]]"
246,"[[0.88804503 0.64687372 0.29431866 ... 0.14969147 0.26309855 0.        ]
 [0.88804503 0.64687372 0.29431866 ... 0.14969147 0.26309855 0.        ]
 [0.88804503 0.64687372 0.29431866 ... 0.14969147 0.26309855 0.        ]
 ...
 [0.88804503 0.64687372 0.29431866 ... 0.14969147 0.26309855 0.        ]
 [0.88804503 0.64687372 0.29431866 ... 0.14969147 0.26309855 0.        ]
 [0.88804503 0.64687372 0.29431866 ... 0.14969147 0.26309855 0.        ]]"
247,"[[0.73363171 0.95719931 0.41541172 ... 0.84302398 0.99222357 0.27219768]
 [0.73363171 0.95719931 0.41541172 ... 0.84302398 0.99222357 0.27219768]
 [0.73363171 0.95719931 0.41541172 ... 0.84302398 0.99222357 0.27219768]
 ...
 [0.73363171 0.95719931 0.41541172 ... 0.84302398 0.99222357 0.27219768]
 [0.73363171 0.95719931 0.41541172 ... 0.84302398 0.99222357 0.27219768]
 [0.73363171 0.95719931 0.41541172 ... 0.84302398 0.99222357 0.27219768]]"
248,"[[0.37465626 0.05691497 0.46179106 ... 0.67483781 0.69344942 0.68703819]
 [0.37465626 0.05691497 0.46179106 ... 0.67483781 0.69344942 0.68703819]
 [0.37465626 0.05691497 0.46179106 ... 0.67483781 0.69344942 0.68703819]
 ...
 [0.37465626 0.05691497 0.46179106 ... 0.67483781 0.69344942 0.68703819]
 [0.37465626 0.05691497 0.46179106 ... 0.67483781 0.69344942 0.68703819]
 [0.37465626 0.05691497 0.46179106 ... 0.67483781 0.69344942 0.68703819]]"
249,"[[0.69002223 0.14833155 0.62398094 ... 0.48730755 0.82914598 0.88398268]
 [0.69002223 0.14833155 0.62398094 ... 0.48730755 0.82914598 0.88398268]
 [0.69002223 0.14833155 0.62398094 ... 0.48730755 0.82914598 0.88398268]
 ...
 [0.69002223 0.14833155 0.62398094 ... 0.48730755 0.82914598 0.88398268]
 [0.69002223 0.14833155 0.62398094 ... 0.48730755 0.82914598 0.88398268]
 [0.69002223 0.14833155 0.62398094 ... 0.48730755 0.82914598 0.88398268]]"
250,"[[0.91318667 0.36264644 0.68359912 ... 0.95101079 0.71484621 0.22969109]
 [0.91318667 0.36264644 0.68359912 ... 0.95101079 0.71484621 0.22969109]
 [0.91318667 0.36264644 0.68359912 ... 0.95101079 0.71484621 0.22969109]
 ...
 [0.91318667 0.36264644 0.68359912 ... 0.95101079 0.71484621 0.22969109]
 [0.91318667 0.36264644 0.68359912 ... 0.95101079 0.71484621 0.22969109]
 [0.91318667 0.36264644 0.68359912 ... 0.95101079 0.71484621 0.22969109]]"
251,"[[0.90547479 0.18956057 0.82518882 ... 0.56919646 0.89142003 0.62394326]
 [0.90547479 0.18956057 0.82518882 ... 0.56919646 0.89142003 0.62394326]
 [0.90547479 0.18956057 0.82518882 ... 0.56919646 0.89142003 0.62394326]
 ...
 [0.90547479 0.18956057 0.82518882 ... 0.56919646 0.89142003 0.62394326]
 [0.90547479 0.18956057 0.82518882 ... 0.56919646 0.89142003 0.62394326]
 [0.90547479 0.18956057 0.82518882 ... 0.56919646 0.89142003 0.62394326]]"
252,"[[0.475522   0.07189526 0.66024364 ... 0.76122752 0.89109041 0.11709261]
 [0.475522   0.07189526 0.66024364 ... 0.76122752 0.89109041 0.11709261]
 [0.475522   0.07189526 0.66024364 ... 0.76122752 0.89109041 0.11709261]
 ...
 [0.475522   0.07189526 0.66024364 ... 0.76122752 0.89109041 0.11709261]
 [0.475522   0.07189526 0.66024364 ... 0.76122752 0.89109041 0.11709261]
 [0.475522   0.07189526 0.66024364 ... 0.76122752 0.89109041 0.11709261]]"
253,"[[0.95031493 0.         0.10708957 ... 0.60654474 0.15445331 0.78047088]
 [0.95031493 0.         0.10708957 ... 0.60654474 0.15445331 0.78047088]
 [0.95031493 0.         0.10708957 ... 0.60654474 0.15445331 0.78047088]
 ...
 [0.95031493 0.         0.10708957 ... 0.60654474 0.15445331 0.78047088]
 [0.95031493 0.         0.10708957 ... 0.60654474 0.15445331 0.78047088]
 [0.95031493 0.         0.10708957 ... 0.60654474 0.15445331 0.78047088]]"
254,"[[0.56682656 0.98421894 0.46980036 ... 0.01889358 0.91915717 0.20842389]
 [0.56682656 0.98421894 0.46980036 ... 0.01889358 0.91915717 0.20842389]
 [0.56682656 0.98421894 0.46980036 ... 0.01889358 0.91915717 0.20842389]
 ...
 [0.56682656 0.98421894 0.46980036 ... 0.01889358 0.91915717 0.20842389]
 [0.56682656 0.98421894 0.46980036 ... 0.01889358 0.91915717 0.20842389]
 [0.56682656 0.98421894 0.46980036 ... 0.01889358 0.91915717 0.20842389]]"
255,"[[0.63881175 0.10077764 0.65157846 ... 0.8617892  0.27784641 0.88415487]
 [0.63881175 0.10077764 0.65157846 ... 0.8617892  0.27784641 0.88415487]
 [0.63881175 0.10077764 0.65157846 ... 0.8617892  0.27784641 0.88415487]
 ...
 [0.63881175 0.10077764 0.65157846 ... 0.8617892  0.27784641 0.88415487]
 [0.63881175 0.10077764 0.65157846 ... 0.8617892  0.27784641 0.88415487]
 [0.63881175 0.10077764 0.65157846 ... 0.8617892  0.27784641 0.88415487]]"
256,"[[0.22273979 0.27822521 0.09825161 ... 0.99978915 1.         0.16829786]
 [0.22273979 0.27822521 0.09825161 ... 0.99978915 1.         0.16829786]
 [0.22273979 0.27822521 0.09825161 ... 0.99978915 1.         0.16829786]
 ...
 [0.22273979 0.27822521 0.09825161 ... 0.99978915 1.         0.16829786]
 [0.22273979 0.27822521 0.09825161 ... 0.99978915 1.         0.16829786]
 [0.22273979 0.27822521 0.09825161 ... 0.99978915 1.         0.16829786]]"
257,"[[0.03519672 0.90471029 0.06675743 ... 0.89127345 0.93447476 0.69647745]
 [0.03519672 0.90471029 0.06675743 ... 0.89127345 0.93447476 0.69647745]
 [0.03519672 0.90471029 0.06675743 ... 0.89127345 0.93447476 0.69647745]
 ...
 [0.03519672 0.90471029 0.06675743 ... 0.89127345 0.93447476 0.69647745]
 [0.03519672 0.90471029 0.06675743 ... 0.89127345 0.93447476 0.69647745]
 [0.03519672 0.90471029 0.06675743 ... 0.89127345 0.93447476 0.69647745]]"
258,"[[0.66162955 0.75276054 0.83163687 ... 0.         0.72066541 0.6294793 ]
 [0.66162955 0.75276054 0.83163687 ... 0.         0.72066541 0.6294793 ]
 [0.66162955 0.75276054 0.83163687 ... 0.         0.72066541 0.6294793 ]
 ...
 [0.66162955 0.75276054 0.83163687 ... 0.         0.72066541 0.6294793 ]
 [0.66162955 0.75276054 0.83163687 ... 0.         0.72066541 0.6294793 ]
 [0.66162955 0.75276054 0.83163687 ... 0.         0.72066541 0.6294793 ]]"
259,"[[0.34242648 0.17635763 0.35277233 ... 0.2698356  0.24637323 0.73269622]
 [0.34242648 0.17635763 0.35277233 ... 0.2698356  0.24637323 0.73269622]
 [0.34242648 0.17635763 0.35277233 ... 0.2698356  0.24637323 0.73269622]
 ...
 [0.34242648 0.17635763 0.35277233 ... 0.2698356  0.24637323 0.73269622]
 [0.34242648 0.17635763 0.35277233 ... 0.2698356  0.24637323 0.73269622]
 [0.34242648 0.17635763 0.35277233 ... 0.2698356  0.24637323 0.73269622]]"
260,"[[0.33843111 0.55652605 0.32639811 ... 0.50118432 0.78271985 0.57191462]
 [0.33843111 0.55652605 0.32639811 ... 0.50118432 0.78271985 0.57191462]
 [0.33843111 0.55652605 0.32639811 ... 0.50118432 0.78271985 0.57191462]
 ...
 [0.33843111 0.55652605 0.32639811 ... 0.50118432 0.78271985 0.57191462]
 [0.33843111 0.55652605 0.32639811 ... 0.50118432 0.78271985 0.57191462]
 [0.33843111 0.55652605 0.32639811 ... 0.50118432 0.78271985 0.57191462]]"
261,"[[0.35648382 0.59631902 0.97366985 ... 0.22815977 0.49172709 0.20327856]
 [0.35648382 0.59631902 0.97366985 ... 0.22815977 0.49172709 0.20327856]
 [0.35648382 0.59631902 0.97366985 ... 0.22815977 0.49172709 0.20327856]
 ...
 [0.35648382 0.59631902 0.97366985 ... 0.22815977 0.49172709 0.20327856]
 [0.35648382 0.59631902 0.97366985 ... 0.22815977 0.49172709 0.20327856]
 [0.35648382 0.59631902 0.97366985 ... 0.22815977 0.49172709 0.20327856]]"
262,"[[0.8185108  0.55722934 0.         ... 0.68878952 0.49261957 0.75497225]
 [0.8185108  0.55722934 0.         ... 0.68878952 0.49261957 0.75497225]
 [0.8185108  0.55722934 0.         ... 0.68878952 0.49261957 0.75497225]
 ...
 [0.8185108  0.55722934 0.         ... 0.68878952 0.49261957 0.75497225]
 [0.8185108  0.55722934 0.         ... 0.68878952 0.49261957 0.75497225]
 [0.8185108  0.55722934 0.         ... 0.68878952 0.49261957 0.75497225]]"
263,"[[0.72740337 0.76655589 0.79653565 ... 0.22723183 0.97074395 0.00657692]
 [0.72740337 0.76655589 0.79653565 ... 0.22723183 0.97074395 0.00657692]
 [0.72740337 0.76655589 0.79653565 ... 0.22723183 0.97074395 0.00657692]
 ...
 [0.72740337 0.76655589 0.79653565 ... 0.22723183 0.97074395 0.00657692]
 [0.72740337 0.76655589 0.79653565 ... 0.22723183 0.97074395 0.00657692]
 [0.72740337 0.76655589 0.79653565 ... 0.22723183 0.97074395 0.00657692]]"
264,"[[0.80368591 0.54506497 0.6803096  ... 0.8505733  0.34713767 0.96544833]
 [0.80368591 0.54506497 0.6803096  ... 0.8505733  0.34713767 0.96544833]
 [0.80368591 0.54506497 0.6803096  ... 0.8505733  0.34713767 0.96544833]
 ...
 [0.80368591 0.54506497 0.6803096  ... 0.8505733  0.34713767 0.96544833]
 [0.80368591 0.54506497 0.6803096  ... 0.8505733  0.34713767 0.96544833]
 [0.80368591 0.54506497 0.6803096  ... 0.8505733  0.34713767 0.96544833]]"
265,"[[0.30426866 0.89942982 0.23614704 ... 0.33923426 0.88640915 0.62874966]
 [0.30426866 0.89942982 0.23614704 ... 0.33923426 0.88640915 0.62874966]
 [0.30426866 0.89942982 0.23614704 ... 0.33923426 0.88640915 0.62874966]
 ...
 [0.30426866 0.89942982 0.23614704 ... 0.33923426 0.88640915 0.62874966]
 [0.30426866 0.89942982 0.23614704 ... 0.33923426 0.88640915 0.62874966]
 [0.30426866 0.89942982 0.23614704 ... 0.33923426 0.88640915 0.62874966]]"
266,"[[0.99718735 0.06662451 0.0466496  ... 0.67895599 0.59293174 0.77724656]
 [0.99718735 0.06662451 0.0466496  ... 0.67895599 0.59293174 0.77724656]
 [0.99718735 0.06662451 0.0466496  ... 0.67895599 0.59293174 0.77724656]
 ...
 [0.99718735 0.06662451 0.0466496  ... 0.67895599 0.59293174 0.77724656]
 [0.99718735 0.06662451 0.0466496  ... 0.67895599 0.59293174 0.77724656]
 [0.99718735 0.06662451 0.0466496  ... 0.67895599 0.59293174 0.77724656]]"
267,"[[0.34586536 0.0146441  0.64494867 ... 0.33046292 0.27115707 0.83309352]
 [0.34586536 0.0146441  0.64494867 ... 0.33046292 0.27115707 0.83309352]
 [0.34586536 0.0146441  0.64494867 ... 0.33046292 0.27115707 0.83309352]
 ...
 [0.34586536 0.0146441  0.64494867 ... 0.33046292 0.27115707 0.83309352]
 [0.34586536 0.0146441  0.64494867 ... 0.33046292 0.27115707 0.83309352]
 [0.34586536 0.0146441  0.64494867 ... 0.33046292 0.27115707 0.83309352]]"
268,"[[0.36293104 0.42782043 0.73120202 ... 0.85043237 0.69226594 0.71141129]
 [0.36293104 0.42782043 0.73120202 ... 0.85043237 0.69226594 0.71141129]
 [0.36293104 0.42782043 0.73120202 ... 0.85043237 0.69226594 0.71141129]
 ...
 [0.36293104 0.42782043 0.73120202 ... 0.85043237 0.69226594 0.71141129]
 [0.36293104 0.42782043 0.73120202 ... 0.85043237 0.69226594 0.71141129]
 [0.36293104 0.42782043 0.73120202 ... 0.85043237 0.69226594 0.71141129]]"
269,"[[0.92376052 0.33041209 0.89422515 ... 0.13332775 0.40609192 0.04232325]
 [0.92376052 0.33041209 0.89422515 ... 0.13332775 0.40609192 0.04232325]
 [0.92376052 0.33041209 0.89422515 ... 0.13332775 0.40609192 0.04232325]
 ...
 [0.92376052 0.33041209 0.89422515 ... 0.13332775 0.40609192 0.04232325]
 [0.92376052 0.33041209 0.89422515 ... 0.13332775 0.40609192 0.04232325]
 [0.92376052 0.33041209 0.89422515 ... 0.13332775 0.40609192 0.04232325]]"
270,"[[0.13231234 0.95299144 0.51879039 ... 0.67504838 0.62219344 0.98071433]
 [0.13231234 0.95299144 0.51879039 ... 0.67504838 0.62219344 0.98071433]
 [0.13231234 0.95299144 0.51879039 ... 0.67504838 0.62219344 0.98071433]
 ...
 [0.13231234 0.95299144 0.51879039 ... 0.67504838 0.62219344 0.98071433]
 [0.13231234 0.95299144 0.51879039 ... 0.67504838 0.62219344 0.98071433]
 [0.13231234 0.95299144 0.51879039 ... 0.67504838 0.62219344 0.98071433]]"
271,"[[0.68628786 0.076551   0.04241735 ... 0.82333609 0.1473287  0.56808552]
 [0.68628786 0.076551   0.04241735 ... 0.82333609 0.1473287  0.56808552]
 [0.68628786 0.076551   0.04241735 ... 0.82333609 0.1473287  0.56808552]
 ...
 [0.68628786 0.076551   0.04241735 ... 0.82333609 0.1473287  0.56808552]
 [0.68628786 0.076551   0.04241735 ... 0.82333609 0.1473287  0.56808552]
 [0.68628786 0.076551   0.04241735 ... 0.82333609 0.1473287  0.56808552]]"
272,"[[0.50542538 0.71349174 0.55448249 ... 0.44586134 0.26261196 0.92569038]
 [0.50542538 0.71349174 0.55448249 ... 0.44586134 0.26261196 0.92569038]
 [0.50542538 0.71349174 0.55448249 ... 0.44586134 0.26261196 0.92569038]
 ...
 [0.50542538 0.71349174 0.55448249 ... 0.44586134 0.26261196 0.92569038]
 [0.50542538 0.71349174 0.55448249 ... 0.44586134 0.26261196 0.92569038]
 [0.50542538 0.71349174 0.55448249 ... 0.44586134 0.26261196 0.92569038]]"
273,"[[0.58704174 0.61102719 0.86620038 ... 0.85150331 0.91478555 0.45895402]
 [0.58704174 0.61102719 0.86620038 ... 0.85150331 0.91478555 0.45895402]
 [0.58704174 0.61102719 0.86620038 ... 0.85150331 0.91478555 0.45895402]
 ...
 [0.58704174 0.61102719 0.86620038 ... 0.85150331 0.91478555 0.45895402]
 [0.58704174 0.61102719 0.86620038 ... 0.85150331 0.91478555 0.45895402]
 [0.58704174 0.61102719 0.86620038 ... 0.85150331 0.91478555 0.45895402]]"
274,"[[0.93964743 0.2355173  0.50236172 ... 0.10077196 0.65733477 0.0804399 ]
 [0.93964743 0.2355173  0.50236172 ... 0.10077196 0.65733477 0.0804399 ]
 [0.93964743 0.2355173  0.50236172 ... 0.10077196 0.65733477 0.0804399 ]
 ...
 [0.93964743 0.2355173  0.50236172 ... 0.10077196 0.65733477 0.0804399 ]
 [0.93964743 0.2355173  0.50236172 ... 0.10077196 0.65733477 0.0804399 ]
 [0.93964743 0.2355173  0.50236172 ... 0.10077196 0.65733477 0.0804399 ]]"
275,"[[0.01503022 0.12913013 0.99173034 ... 0.14432478 0.08763443 0.51828116]
 [0.01503022 0.12913013 0.99173034 ... 0.14432478 0.08763443 0.51828116]
 [0.01503022 0.12913013 0.99173034 ... 0.14432478 0.08763443 0.51828116]
 ...
 [0.01503022 0.12913013 0.99173034 ... 0.14432478 0.08763443 0.51828116]
 [0.01503022 0.12913013 0.99173034 ... 0.14432478 0.08763443 0.51828116]
 [0.01503022 0.12913013 0.99173034 ... 0.14432478 0.08763443 0.51828116]]"
276,"[[0.90685744 0.66077553 0.         ... 0.48241511 0.39619322 0.50190767]
 [0.90685744 0.66077553 0.         ... 0.48241511 0.39619322 0.50190767]
 [0.90685744 0.66077553 0.         ... 0.48241511 0.39619322 0.50190767]
 ...
 [0.90685744 0.66077553 0.         ... 0.48241511 0.39619322 0.50190767]
 [0.90685744 0.66077553 0.         ... 0.48241511 0.39619322 0.50190767]
 [0.90685744 0.66077553 0.         ... 0.48241511 0.39619322 0.50190767]]"
277,"[[0.84422617 0.65428412 0.04020954 ... 0.48156608 0.1822731  0.0047938 ]
 [0.84422617 0.65428412 0.04020954 ... 0.48156608 0.1822731  0.0047938 ]
 [0.84422617 0.65428412 0.04020954 ... 0.48156608 0.1822731  0.0047938 ]
 ...
 [0.84422617 0.65428412 0.04020954 ... 0.48156608 0.1822731  0.0047938 ]
 [0.84422617 0.65428412 0.04020954 ... 0.48156608 0.1822731  0.0047938 ]
 [0.84422617 0.65428412 0.04020954 ... 0.48156608 0.1822731  0.0047938 ]]"
278,"[[0.70156994 0.57515454 0.1213126  ... 0.08229628 0.64257657 0.27246835]
 [0.70156994 0.57515454 0.1213126  ... 0.08229628 0.64257657 0.27246835]
 [0.70156994 0.57515454 0.1213126  ... 0.08229628 0.64257657 0.27246835]
 ...
 [0.70156994 0.57515454 0.1213126  ... 0.08229628 0.64257657 0.27246835]
 [0.70156994 0.57515454 0.1213126  ... 0.08229628 0.64257657 0.27246835]
 [0.70156994 0.57515454 0.1213126  ... 0.08229628 0.64257657 0.27246835]]"
279,"[[0.56956488 0.23527667 0.97923926 ... 0.36060567 0.2106366  0.82959313]
 [0.56956488 0.23527667 0.97923926 ... 0.36060567 0.2106366  0.82959313]
 [0.56956488 0.23527667 0.97923926 ... 0.36060567 0.2106366  0.82959313]
 ...
 [0.56956488 0.23527667 0.97923926 ... 0.36060567 0.2106366  0.82959313]
 [0.56956488 0.23527667 0.97923926 ... 0.36060567 0.2106366  0.82959313]
 [0.56956488 0.23527667 0.97923926 ... 0.36060567 0.2106366  0.82959313]]"
280,"[[0.20051235 0.09783524 0.3747471  ... 0.03003431 0.17353617 0.45784355]
 [0.20051235 0.09783524 0.3747471  ... 0.03003431 0.17353617 0.45784355]
 [0.20051235 0.09783524 0.3747471  ... 0.03003431 0.17353617 0.45784355]
 ...
 [0.20051235 0.09783524 0.3747471  ... 0.03003431 0.17353617 0.45784355]
 [0.20051235 0.09783524 0.3747471  ... 0.03003431 0.17353617 0.45784355]
 [0.20051235 0.09783524 0.3747471  ... 0.03003431 0.17353617 0.45784355]]"
281,"[[0.31117968 0.54859544 0.15250305 ... 0.03549902 0.00229781 0.69572416]
 [0.31117968 0.54859544 0.15250305 ... 0.03549902 0.00229781 0.69572416]
 [0.31117968 0.54859544 0.15250305 ... 0.03549902 0.00229781 0.69572416]
 ...
 [0.31117968 0.54859544 0.15250305 ... 0.03549902 0.00229781 0.69572416]
 [0.31117968 0.54859544 0.15250305 ... 0.03549902 0.00229781 0.69572416]
 [0.31117968 0.54859544 0.15250305 ... 0.03549902 0.00229781 0.69572416]]"
282,"[[0.89226506 0.90367975 0.77015699 ... 0.2499479  0.30213884 0.10715723]
 [0.89226506 0.90367975 0.77015699 ... 0.2499479  0.30213884 0.10715723]
 [0.89226506 0.90367975 0.77015699 ... 0.2499479  0.30213884 0.10715723]
 ...
 [0.89226506 0.90367975 0.77015699 ... 0.2499479  0.30213884 0.10715723]
 [0.89226506 0.90367975 0.77015699 ... 0.2499479  0.30213884 0.10715723]
 [0.89226506 0.90367975 0.77015699 ... 0.2499479  0.30213884 0.10715723]]"
283,"[[0.87835578 0.33933494 0.41019935 ... 0.59099865 0.1797063  0.48463842]
 [0.87835578 0.33933494 0.41019935 ... 0.59099865 0.1797063  0.48463842]
 [0.87835578 0.33933494 0.41019935 ... 0.59099865 0.1797063  0.48463842]
 ...
 [0.87835578 0.33933494 0.41019935 ... 0.59099865 0.1797063  0.48463842]
 [0.87835578 0.33933494 0.41019935 ... 0.59099865 0.1797063  0.48463842]
 [0.87835578 0.33933494 0.41019935 ... 0.59099865 0.1797063  0.48463842]]"
284,"[[0.13255049 0.97289047 0.88996513 ... 0.84945552 0.64291125 0.59086209]
 [0.13255049 0.97289047 0.88996513 ... 0.84945552 0.64291125 0.59086209]
 [0.13255049 0.97289047 0.88996513 ... 0.84945552 0.64291125 0.59086209]
 ...
 [0.13255049 0.97289047 0.88996513 ... 0.84945552 0.64291125 0.59086209]
 [0.13255049 0.97289047 0.88996513 ... 0.84945552 0.64291125 0.59086209]
 [0.13255049 0.97289047 0.88996513 ... 0.84945552 0.64291125 0.59086209]]"
285,"[[0.72287409 0.0255172  0.21079384 ... 0.8490258  0.3181851  0.99354412]
 [0.72287409 0.0255172  0.21079384 ... 0.8490258  0.3181851  0.99354412]
 [0.72287409 0.0255172  0.21079384 ... 0.8490258  0.3181851  0.99354412]
 ...
 [0.72287409 0.0255172  0.21079384 ... 0.8490258  0.3181851  0.99354412]
 [0.72287409 0.0255172  0.21079384 ... 0.8490258  0.3181851  0.99354412]
 [0.72287409 0.0255172  0.21079384 ... 0.8490258  0.3181851  0.99354412]]"
286,"[[0.76262843 0.27702398 0.57349857 ... 0.31953409 0.33721586 0.95291046]
 [0.76262843 0.27702398 0.57349857 ... 0.31953409 0.33721586 0.95291046]
 [0.76262843 0.27702398 0.57349857 ... 0.31953409 0.33721586 0.95291046]
 ...
 [0.76262843 0.27702398 0.57349857 ... 0.31953409 0.33721586 0.95291046]
 [0.76262843 0.27702398 0.57349857 ... 0.31953409 0.33721586 0.95291046]
 [0.76262843 0.27702398 0.57349857 ... 0.31953409 0.33721586 0.95291046]]"
287,"[[0.11464315 0.17477931 0.2472264  ... 0.4547326  0.08094404 0.22066283]
 [0.11464315 0.17477931 0.2472264  ... 0.4547326  0.08094404 0.22066283]
 [0.11464315 0.17477931 0.2472264  ... 0.4547326  0.08094404 0.22066283]
 ...
 [0.11464315 0.17477931 0.2472264  ... 0.4547326  0.08094404 0.22066283]
 [0.11464315 0.17477931 0.2472264  ... 0.4547326  0.08094404 0.22066283]
 [0.11464315 0.17477931 0.2472264  ... 0.4547326  0.08094404 0.22066283]]"
288,"[[0.99133856 0.68081393 0.54499182 ... 0.22001558 0.45901091 0.66093234]
 [0.99133856 0.68081393 0.54499182 ... 0.22001558 0.45901091 0.66093234]
 [0.99133856 0.68081393 0.54499182 ... 0.22001558 0.45901091 0.66093234]
 ...
 [0.99133856 0.68081393 0.54499182 ... 0.22001558 0.45901091 0.66093234]
 [0.99133856 0.68081393 0.54499182 ... 0.22001558 0.45901091 0.66093234]
 [0.99133856 0.68081393 0.54499182 ... 0.22001558 0.45901091 0.66093234]]"
289,"[[1.         0.42151417 0.43973917 ... 0.64093396 0.42640421 0.93699522]
 [1.         0.42151417 0.43973917 ... 0.64093396 0.42640421 0.93699522]
 [1.         0.42151417 0.43973917 ... 0.64093396 0.42640421 0.93699522]
 ...
 [1.         0.42151417 0.43973917 ... 0.64093396 0.42640421 0.93699522]
 [1.         0.42151417 0.43973917 ... 0.64093396 0.42640421 0.93699522]
 [1.         0.42151417 0.43973917 ... 0.64093396 0.42640421 0.93699522]]"
290,"[[0.54534263 0.62220474 0.20343686 ... 0.85173687 0.39944485 0.57001617]
 [0.54534263 0.62220474 0.20343686 ... 0.85173687 0.39944485 0.57001617]
 [0.54534263 0.62220474 0.20343686 ... 0.85173687 0.39944485 0.57001617]
 ...
 [0.54534263 0.62220474 0.20343686 ... 0.85173687 0.39944485 0.57001617]
 [0.54534263 0.62220474 0.20343686 ... 0.85173687 0.39944485 0.57001617]
 [0.54534263 0.62220474 0.20343686 ... 0.85173687 0.39944485 0.57001617]]"
291,"[[0.89646813 0.60317121 0.88846818 ... 0.62118071 0.88622932 0.40327873]
 [0.89646813 0.60317121 0.88846818 ... 0.62118071 0.88622932 0.40327873]
 [0.89646813 0.60317121 0.88846818 ... 0.62118071 0.88622932 0.40327873]
 ...
 [0.89646813 0.60317121 0.88846818 ... 0.62118071 0.88622932 0.40327873]
 [0.89646813 0.60317121 0.88846818 ... 0.62118071 0.88622932 0.40327873]
 [0.89646813 0.60317121 0.88846818 ... 0.62118071 0.88622932 0.40327873]]"
292,"[[0.06740113 0.2956834  0.28562946 ... 0.52275719 0.44415804 0.45635692]
 [0.06740113 0.2956834  0.28562946 ... 0.52275719 0.44415804 0.45635692]
 [0.06740113 0.2956834  0.28562946 ... 0.52275719 0.44415804 0.45635692]
 ...
 [0.06740113 0.2956834  0.28562946 ... 0.52275719 0.44415804 0.45635692]
 [0.06740113 0.2956834  0.28562946 ... 0.52275719 0.44415804 0.45635692]
 [0.06740113 0.2956834  0.28562946 ... 0.52275719 0.44415804 0.45635692]]"
293,"[[0.85310248 0.45202052 0.03101932 ... 0.49571452 0.36312485 0.19982528]
 [0.85310248 0.45202052 0.03101932 ... 0.49571452 0.36312485 0.19982528]
 [0.85310248 0.45202052 0.03101932 ... 0.49571452 0.36312485 0.19982528]
 ...
 [0.85310248 0.45202052 0.03101932 ... 0.49571452 0.36312485 0.19982528]
 [0.85310248 0.45202052 0.03101932 ... 0.49571452 0.36312485 0.19982528]
 [0.85310248 0.45202052 0.03101932 ... 0.49571452 0.36312485 0.19982528]]"
294,"[[0.25971846 0.75945642 0.57138853 ... 0.66538797 0.03112794 0.36237001]
 [0.25971846 0.75945642 0.57138853 ... 0.66538797 0.03112794 0.36237001]
 [0.25971846 0.75945642 0.57138853 ... 0.66538797 0.03112794 0.36237001]
 ...
 [0.25971846 0.75945642 0.57138853 ... 0.66538797 0.03112794 0.36237001]
 [0.25971846 0.75945642 0.57138853 ... 0.66538797 0.03112794 0.36237001]
 [0.25971846 0.75945642 0.57138853 ... 0.66538797 0.03112794 0.36237001]]"
295,"[[0.75675198 0.         0.77496984 ... 0.673369   1.         0.86344107]
 [0.75675198 0.         0.77496984 ... 0.673369   1.         0.86344107]
 [0.75675198 0.         0.77496984 ... 0.673369   1.         0.86344107]
 ...
 [0.75675198 0.         0.77496984 ... 0.673369   1.         0.86344107]
 [0.75675198 0.         0.77496984 ... 0.673369   1.         0.86344107]
 [0.75675198 0.         0.77496984 ... 0.673369   1.         0.86344107]]"
296,"[[0.49988187 0.10156848 0.79301262 ... 0.8478013  0.8032845  0.77411336]
 [0.49988187 0.10156848 0.79301262 ... 0.8478013  0.8032845  0.77411336]
 [0.49988187 0.10156848 0.79301262 ... 0.8478013  0.8032845  0.77411336]
 ...
 [0.49988187 0.10156848 0.79301262 ... 0.8478013  0.8032845  0.77411336]
 [0.49988187 0.10156848 0.79301262 ... 0.8478013  0.8032845  0.77411336]
 [0.49988187 0.10156848 0.79301262 ... 0.8478013  0.8032845  0.77411336]]"
297,"[[1.         0.63190919 0.4953959  ... 0.30734925 0.05853271 0.55701474]
 [1.         0.63190919 0.4953959  ... 0.30734925 0.05853271 0.55701474]
 [1.         0.63190919 0.4953959  ... 0.30734925 0.05853271 0.55701474]
 ...
 [1.         0.63190919 0.4953959  ... 0.30734925 0.05853271 0.55701474]
 [1.         0.63190919 0.4953959  ... 0.30734925 0.05853271 0.55701474]
 [1.         0.63190919 0.4953959  ... 0.30734925 0.05853271 0.55701474]]"
298,"[[0.51117878 0.88434262 0.13893149 ... 0.17332408 0.61454756 0.46951565]
 [0.51117878 0.88434262 0.13893149 ... 0.17332408 0.61454756 0.46951565]
 [0.51117878 0.88434262 0.13893149 ... 0.17332408 0.61454756 0.46951565]
 ...
 [0.51117878 0.88434262 0.13893149 ... 0.17332408 0.61454756 0.46951565]
 [0.51117878 0.88434262 0.13893149 ... 0.17332408 0.61454756 0.46951565]
 [0.51117878 0.88434262 0.13893149 ... 0.17332408 0.61454756 0.46951565]]"
299,"[[0.1760357  0.61236613 0.88940815 ... 0.31913015 0.86577594 0.52643459]
 [0.1760357  0.61236613 0.88940815 ... 0.31913015 0.86577594 0.52643459]
 [0.1760357  0.61236613 0.88940815 ... 0.31913015 0.86577594 0.52643459]
 ...
 [0.1760357  0.61236613 0.88940815 ... 0.31913015 0.86577594 0.52643459]
 [0.1760357  0.61236613 0.88940815 ... 0.31913015 0.86577594 0.52643459]
 [0.1760357  0.61236613 0.88940815 ... 0.31913015 0.86577594 0.52643459]]"
300,"[[0.4953603  0.14127376 0.81855691 ... 0.52060197 0.42635692 0.03998737]
 [0.4953603  0.14127376 0.81855691 ... 0.52060197 0.42635692 0.03998737]
 [0.4953603  0.14127376 0.81855691 ... 0.52060197 0.42635692 0.03998737]
 ...
 [0.4953603  0.14127376 0.81855691 ... 0.52060197 0.42635692 0.03998737]
 [0.4953603  0.14127376 0.81855691 ... 0.52060197 0.42635692 0.03998737]
 [0.4953603  0.14127376 0.81855691 ... 0.52060197 0.42635692 0.03998737]]"
301,"[[0.13169226 0.61324804 0.14501223 ... 0.27085308 0.82309013 0.94246279]
 [0.13169226 0.61324804 0.14501223 ... 0.27085308 0.82309013 0.94246279]
 [0.13169226 0.61324804 0.14501223 ... 0.27085308 0.82309013 0.94246279]
 ...
 [0.13169226 0.61324804 0.14501223 ... 0.27085308 0.82309013 0.94246279]
 [0.13169226 0.61324804 0.14501223 ... 0.27085308 0.82309013 0.94246279]
 [0.13169226 0.61324804 0.14501223 ... 0.27085308 0.82309013 0.94246279]]"
302,"[[0.64044176 0.41609099 0.18790706 ... 0.12274729 0.5914306  0.9052797 ]
 [0.64044176 0.41609099 0.18790706 ... 0.12274729 0.5914306  0.9052797 ]
 [0.64044176 0.41609099 0.18790706 ... 0.12274729 0.5914306  0.9052797 ]
 ...
 [0.64044176 0.41609099 0.18790706 ... 0.12274729 0.5914306  0.9052797 ]
 [0.64044176 0.41609099 0.18790706 ... 0.12274729 0.5914306  0.9052797 ]
 [0.64044176 0.41609099 0.18790706 ... 0.12274729 0.5914306  0.9052797 ]]"
303,"[[0.11037178 1.         0.16613743 ... 0.32546001 0.00777465 0.41040658]
 [0.11037178 1.         0.16613743 ... 0.32546001 0.00777465 0.41040658]
 [0.11037178 1.         0.16613743 ... 0.32546001 0.00777465 0.41040658]
 ...
 [0.11037178 1.         0.16613743 ... 0.32546001 0.00777465 0.41040658]
 [0.11037178 1.         0.16613743 ... 0.32546001 0.00777465 0.41040658]
 [0.11037178 1.         0.16613743 ... 0.32546001 0.00777465 0.41040658]]"
304,"[[0.11107574 0.77852752 0.14939685 ... 0.60078586 0.5564092  0.87768477]
 [0.11107574 0.77852752 0.14939685 ... 0.60078586 0.5564092  0.87768477]
 [0.11107574 0.77852752 0.14939685 ... 0.60078586 0.5564092  0.87768477]
 ...
 [0.11107574 0.77852752 0.14939685 ... 0.60078586 0.5564092  0.87768477]
 [0.11107574 0.77852752 0.14939685 ... 0.60078586 0.5564092  0.87768477]
 [0.11107574 0.77852752 0.14939685 ... 0.60078586 0.5564092  0.87768477]]"
305,"[[0.00490881 0.43917427 0.55917442 ... 0.35732378 0.38297701 0.77582318]
 [0.00490881 0.43917427 0.55917442 ... 0.35732378 0.38297701 0.77582318]
 [0.00490881 0.43917427 0.55917442 ... 0.35732378 0.38297701 0.77582318]
 ...
 [0.00490881 0.43917427 0.55917442 ... 0.35732378 0.38297701 0.77582318]
 [0.00490881 0.43917427 0.55917442 ... 0.35732378 0.38297701 0.77582318]
 [0.00490881 0.43917427 0.55917442 ... 0.35732378 0.38297701 0.77582318]]"
306,"[[0.0186077  0.16515553 0.49229388 ... 0.18170303 0.92248557 0.00177665]
 [0.0186077  0.16515553 0.49229388 ... 0.18170303 0.92248557 0.00177665]
 [0.0186077  0.16515553 0.49229388 ... 0.18170303 0.92248557 0.00177665]
 ...
 [0.0186077  0.16515553 0.49229388 ... 0.18170303 0.92248557 0.00177665]
 [0.0186077  0.16515553 0.49229388 ... 0.18170303 0.92248557 0.00177665]
 [0.0186077  0.16515553 0.49229388 ... 0.18170303 0.92248557 0.00177665]]"
307,"[[0.01330979 0.38648211 0.58585807 ... 0.79048444 0.21569546 0.49336701]
 [0.01330979 0.38648211 0.58585807 ... 0.79048444 0.21569546 0.49336701]
 [0.01330979 0.38648211 0.58585807 ... 0.79048444 0.21569546 0.49336701]
 ...
 [0.01330979 0.38648211 0.58585807 ... 0.79048444 0.21569546 0.49336701]
 [0.01330979 0.38648211 0.58585807 ... 0.79048444 0.21569546 0.49336701]
 [0.01330979 0.38648211 0.58585807 ... 0.79048444 0.21569546 0.49336701]]"
308,"[[0.47950839 0.19123222 0.76560092 ... 0.73302236 0.14734199 0.95189845]
 [0.47950839 0.19123222 0.76560092 ... 0.73302236 0.14734199 0.95189845]
 [0.47950839 0.19123222 0.76560092 ... 0.73302236 0.14734199 0.95189845]
 ...
 [0.47950839 0.19123222 0.76560092 ... 0.73302236 0.14734199 0.95189845]
 [0.47950839 0.19123222 0.76560092 ... 0.73302236 0.14734199 0.95189845]
 [0.47950839 0.19123222 0.76560092 ... 0.73302236 0.14734199 0.95189845]]"
309,"[[0.64533349 0.84165716 0.79972165 ... 0.33904246 0.86732978 0.5557547 ]
 [0.64533349 0.84165716 0.79972165 ... 0.33904246 0.86732978 0.5557547 ]
 [0.64533349 0.84165716 0.79972165 ... 0.33904246 0.86732978 0.5557547 ]
 ...
 [0.64533349 0.84165716 0.79972165 ... 0.33904246 0.86732978 0.5557547 ]
 [0.64533349 0.84165716 0.79972165 ... 0.33904246 0.86732978 0.5557547 ]
 [0.64533349 0.84165716 0.79972165 ... 0.33904246 0.86732978 0.5557547 ]]"
310,"[[0.22608489 0.67833662 0.6236683  ... 0.01800192 0.37933762 0.61037356]
 [0.22608489 0.67833662 0.6236683  ... 0.01800192 0.37933762 0.61037356]
 [0.22608489 0.67833662 0.6236683  ... 0.01800192 0.37933762 0.61037356]
 ...
 [0.22608489 0.67833662 0.6236683  ... 0.01800192 0.37933762 0.61037356]
 [0.22608489 0.67833662 0.6236683  ... 0.01800192 0.37933762 0.61037356]
 [0.22608489 0.67833662 0.6236683  ... 0.01800192 0.37933762 0.61037356]]"
311,"[[0.04509507 0.20320295 0.42453003 ... 0.5512371  0.92945466 0.1016904 ]
 [0.04509507 0.20320295 0.42453003 ... 0.5512371  0.92945466 0.1016904 ]
 [0.04509507 0.20320295 0.42453003 ... 0.5512371  0.92945466 0.1016904 ]
 ...
 [0.04509507 0.20320295 0.42453003 ... 0.5512371  0.92945466 0.1016904 ]
 [0.04509507 0.20320295 0.42453003 ... 0.5512371  0.92945466 0.1016904 ]
 [0.04509507 0.20320295 0.42453003 ... 0.5512371  0.92945466 0.1016904 ]]"
312,"[[0.12861452 0.26579997 0.17724955 ... 0.95782325 0.21282172 1.        ]
 [0.12861452 0.26579997 0.17724955 ... 0.95782325 0.21282172 1.        ]
 [0.12861452 0.26579997 0.17724955 ... 0.95782325 0.21282172 1.        ]
 ...
 [0.12861452 0.26579997 0.17724955 ... 0.95782325 0.21282172 1.        ]
 [0.12861452 0.26579997 0.17724955 ... 0.95782325 0.21282172 1.        ]
 [0.12861452 0.26579997 0.17724955 ... 0.95782325 0.21282172 1.        ]]"
313,"[[0.95888528 0.08787866 0.09176468 ... 0.51694497 0.32569121 0.94457907]
 [0.95888528 0.08787866 0.09176468 ... 0.51694497 0.32569121 0.94457907]
 [0.95888528 0.08787866 0.09176468 ... 0.51694497 0.32569121 0.94457907]
 ...
 [0.95888528 0.08787866 0.09176468 ... 0.51694497 0.32569121 0.94457907]
 [0.95888528 0.08787866 0.09176468 ... 0.51694497 0.32569121 0.94457907]
 [0.95888528 0.08787866 0.09176468 ... 0.51694497 0.32569121 0.94457907]]"
314,"[[0.67002823 0.37797536 0.88511988 ... 0.59805651 0.70567914 0.6763908 ]
 [0.67002823 0.37797536 0.88511988 ... 0.59805651 0.70567914 0.6763908 ]
 [0.67002823 0.37797536 0.88511988 ... 0.59805651 0.70567914 0.6763908 ]
 ...
 [0.67002823 0.37797536 0.88511988 ... 0.59805651 0.70567914 0.6763908 ]
 [0.67002823 0.37797536 0.88511988 ... 0.59805651 0.70567914 0.6763908 ]
 [0.67002823 0.37797536 0.88511988 ... 0.59805651 0.70567914 0.6763908 ]]"
315,"[[0.81094513 0.83542638 0.17053352 ... 1.         0.82088086 0.78886087]
 [0.81094513 0.83542638 0.17053352 ... 1.         0.82088086 0.78886087]
 [0.81094513 0.83542638 0.17053352 ... 1.         0.82088086 0.78886087]
 ...
 [0.81094513 0.83542638 0.17053352 ... 1.         0.82088086 0.78886087]
 [0.81094513 0.83542638 0.17053352 ... 1.         0.82088086 0.78886087]
 [0.81094513 0.83542638 0.17053352 ... 1.         0.82088086 0.78886087]]"
316,"[[0.48441931 0.8307915  0.7192289  ... 0.43868107 0.03804797 0.44478873]
 [0.48441931 0.8307915  0.7192289  ... 0.43868107 0.03804797 0.44478873]
 [0.48441931 0.8307915  0.7192289  ... 0.43868107 0.03804797 0.44478873]
 ...
 [0.48441931 0.8307915  0.7192289  ... 0.43868107 0.03804797 0.44478873]
 [0.48441931 0.8307915  0.7192289  ... 0.43868107 0.03804797 0.44478873]
 [0.48441931 0.8307915  0.7192289  ... 0.43868107 0.03804797 0.44478873]]"
317,"[[0.47166517 0.30872114 0.62873399 ... 0.19600302 0.33430559 0.76222631]
 [0.47166517 0.30872114 0.62873399 ... 0.19600302 0.33430559 0.76222631]
 [0.47166517 0.30872114 0.62873399 ... 0.19600302 0.33430559 0.76222631]
 ...
 [0.47166517 0.30872114 0.62873399 ... 0.19600302 0.33430559 0.76222631]
 [0.47166517 0.30872114 0.62873399 ... 0.19600302 0.33430559 0.76222631]
 [0.47166517 0.30872114 0.62873399 ... 0.19600302 0.33430559 0.76222631]]"
318,"[[0.61530339 0.68650981 0.8024621  ... 0.81069748 0.08979613 0.07873775]
 [0.61530339 0.68650981 0.8024621  ... 0.81069748 0.08979613 0.07873775]
 [0.61530339 0.68650981 0.8024621  ... 0.81069748 0.08979613 0.07873775]
 ...
 [0.61530339 0.68650981 0.8024621  ... 0.81069748 0.08979613 0.07873775]
 [0.61530339 0.68650981 0.8024621  ... 0.81069748 0.08979613 0.07873775]
 [0.61530339 0.68650981 0.8024621  ... 0.81069748 0.08979613 0.07873775]]"
319,"[[0.73598225 0.00213576 0.86118017 ... 0.95788412 0.87726683 0.        ]
 [0.73598225 0.00213576 0.86118017 ... 0.95788412 0.87726683 0.        ]
 [0.73598225 0.00213576 0.86118017 ... 0.95788412 0.87726683 0.        ]
 ...
 [0.73598225 0.00213576 0.86118017 ... 0.95788412 0.87726683 0.        ]
 [0.73598225 0.00213576 0.86118017 ... 0.95788412 0.87726683 0.        ]
 [0.73598225 0.00213576 0.86118017 ... 0.95788412 0.87726683 0.        ]]"
320,"[[0.93406388 0.98756853 0.17659879 ... 0.31978067 0.5485102  0.53816586]
 [0.93406388 0.98756853 0.17659879 ... 0.31978067 0.5485102  0.53816586]
 [0.93406388 0.98756853 0.17659879 ... 0.31978067 0.5485102  0.53816586]
 ...
 [0.93406388 0.98756853 0.17659879 ... 0.31978067 0.5485102  0.53816586]
 [0.93406388 0.98756853 0.17659879 ... 0.31978067 0.5485102  0.53816586]
 [0.93406388 0.98756853 0.17659879 ... 0.31978067 0.5485102  0.53816586]]"
321,"[[0.58663403 0.27005215 0.30996352 ... 0.94724735 0.88051856 0.44909735]
 [0.58663403 0.27005215 0.30996352 ... 0.94724735 0.88051856 0.44909735]
 [0.58663403 0.27005215 0.30996352 ... 0.94724735 0.88051856 0.44909735]
 ...
 [0.58663403 0.27005215 0.30996352 ... 0.94724735 0.88051856 0.44909735]
 [0.58663403 0.27005215 0.30996352 ... 0.94724735 0.88051856 0.44909735]
 [0.58663403 0.27005215 0.30996352 ... 0.94724735 0.88051856 0.44909735]]"
322,"[[0.00301227 0.08376343 0.88977524 ... 0.559894   0.40747798 0.        ]
 [0.00301227 0.08376343 0.88977524 ... 0.559894   0.40747798 0.        ]
 [0.00301227 0.08376343 0.88977524 ... 0.559894   0.40747798 0.        ]
 ...
 [0.00301227 0.08376343 0.88977524 ... 0.559894   0.40747798 0.        ]
 [0.00301227 0.08376343 0.88977524 ... 0.559894   0.40747798 0.        ]
 [0.00301227 0.08376343 0.88977524 ... 0.559894   0.40747798 0.        ]]"
323,"[[0.82408557 0.49541743 0.08173578 ... 0.28521589 1.         0.451441  ]
 [0.82408557 0.49541743 0.08173578 ... 0.28521589 1.         0.451441  ]
 [0.82408557 0.49541743 0.08173578 ... 0.28521589 1.         0.451441  ]
 ...
 [0.82408557 0.49541743 0.08173578 ... 0.28521589 1.         0.451441  ]
 [0.82408557 0.49541743 0.08173578 ... 0.28521589 1.         0.451441  ]
 [0.82408557 0.49541743 0.08173578 ... 0.28521589 1.         0.451441  ]]"
324,"[[0.73566588 0.38590461 0.52715747 ... 0.10720198 1.         0.65642088]
 [0.73566588 0.38590461 0.52715747 ... 0.10720198 1.         0.65642088]
 [0.73566588 0.38590461 0.52715747 ... 0.10720198 1.         0.65642088]
 ...
 [0.73566588 0.38590461 0.52715747 ... 0.10720198 1.         0.65642088]
 [0.73566588 0.38590461 0.52715747 ... 0.10720198 1.         0.65642088]
 [0.73566588 0.38590461 0.52715747 ... 0.10720198 1.         0.65642088]]"
325,"[[0.04958238 0.56324444 0.69144893 ... 0.72735038 0.24819103 0.25458984]
 [0.04958238 0.56324444 0.69144893 ... 0.72735038 0.24819103 0.25458984]
 [0.04958238 0.56324444 0.69144893 ... 0.72735038 0.24819103 0.25458984]
 ...
 [0.04958238 0.56324444 0.69144893 ... 0.72735038 0.24819103 0.25458984]
 [0.04958238 0.56324444 0.69144893 ... 0.72735038 0.24819103 0.25458984]
 [0.04958238 0.56324444 0.69144893 ... 0.72735038 0.24819103 0.25458984]]"
326,"[[1.         0.78121033 0.29647187 ... 0.13221113 0.38608124 0.80006196]
 [1.         0.78121033 0.29647187 ... 0.13221113 0.38608124 0.80006196]
 [1.         0.78121033 0.29647187 ... 0.13221113 0.38608124 0.80006196]
 ...
 [1.         0.78121033 0.29647187 ... 0.13221113 0.38608124 0.80006196]
 [1.         0.78121033 0.29647187 ... 0.13221113 0.38608124 0.80006196]
 [1.         0.78121033 0.29647187 ... 0.13221113 0.38608124 0.80006196]]"
327,"[[0.73842715 0.91308135 0.07812085 ... 0.30478508 0.07585793 0.13509034]
 [0.73842715 0.91308135 0.07812085 ... 0.30478508 0.07585793 0.13509034]
 [0.73842715 0.91308135 0.07812085 ... 0.30478508 0.07585793 0.13509034]
 ...
 [0.73842715 0.91308135 0.07812085 ... 0.30478508 0.07585793 0.13509034]
 [0.73842715 0.91308135 0.07812085 ... 0.30478508 0.07585793 0.13509034]
 [0.73842715 0.91308135 0.07812085 ... 0.30478508 0.07585793 0.13509034]]"
328,"[[0.45592401 0.83774122 0.62902114 ... 0.51718205 0.01224895 0.99014125]
 [0.45592401 0.83774122 0.62902114 ... 0.51718205 0.01224895 0.99014125]
 [0.45592401 0.83774122 0.62902114 ... 0.51718205 0.01224895 0.99014125]
 ...
 [0.45592401 0.83774122 0.62902114 ... 0.51718205 0.01224895 0.99014125]
 [0.45592401 0.83774122 0.62902114 ... 0.51718205 0.01224895 0.99014125]
 [0.45592401 0.83774122 0.62902114 ... 0.51718205 0.01224895 0.99014125]]"
329,"[[0.51814599 0.90662429 0.95220469 ... 0.72532203 0.44122182 0.52230659]
 [0.51814599 0.90662429 0.95220469 ... 0.72532203 0.44122182 0.52230659]
 [0.51814599 0.90662429 0.95220469 ... 0.72532203 0.44122182 0.52230659]
 ...
 [0.51814599 0.90662429 0.95220469 ... 0.72532203 0.44122182 0.52230659]
 [0.51814599 0.90662429 0.95220469 ... 0.72532203 0.44122182 0.52230659]
 [0.51814599 0.90662429 0.95220469 ... 0.72532203 0.44122182 0.52230659]]"
330,"[[0.6702597  0.58688034 0.15767638 ... 0.58827668 0.37455225 0.94084995]
 [0.6702597  0.58688034 0.15767638 ... 0.58827668 0.37455225 0.94084995]
 [0.6702597  0.58688034 0.15767638 ... 0.58827668 0.37455225 0.94084995]
 ...
 [0.6702597  0.58688034 0.15767638 ... 0.58827668 0.37455225 0.94084995]
 [0.6702597  0.58688034 0.15767638 ... 0.58827668 0.37455225 0.94084995]
 [0.6702597  0.58688034 0.15767638 ... 0.58827668 0.37455225 0.94084995]]"
331,"[[0.3118824  0.3694409  0.03751606 ... 0.27032003 0.         0.80086008]
 [0.3118824  0.3694409  0.03751606 ... 0.27032003 0.         0.80086008]
 [0.3118824  0.3694409  0.03751606 ... 0.27032003 0.         0.80086008]
 ...
 [0.3118824  0.3694409  0.03751606 ... 0.27032003 0.         0.80086008]
 [0.3118824  0.3694409  0.03751606 ... 0.27032003 0.         0.80086008]
 [0.3118824  0.3694409  0.03751606 ... 0.27032003 0.         0.80086008]]"
332,"[[0.97630872 0.11136097 0.08323282 ... 0.07921135 0.         0.82261961]
 [0.97630872 0.11136097 0.08323282 ... 0.07921135 0.         0.82261961]
 [0.97630872 0.11136097 0.08323282 ... 0.07921135 0.         0.82261961]
 ...
 [0.97630872 0.11136097 0.08323282 ... 0.07921135 0.         0.82261961]
 [0.97630872 0.11136097 0.08323282 ... 0.07921135 0.         0.82261961]
 [0.97630872 0.11136097 0.08323282 ... 0.07921135 0.         0.82261961]]"
333,"[[0.95941256 0.98533463 0.21188019 ... 0.40123687 0.59754462 0.27664039]
 [0.95941256 0.98533463 0.21188019 ... 0.40123687 0.59754462 0.27664039]
 [0.95941256 0.98533463 0.21188019 ... 0.40123687 0.59754462 0.27664039]
 ...
 [0.95941256 0.98533463 0.21188019 ... 0.40123687 0.59754462 0.27664039]
 [0.95941256 0.98533463 0.21188019 ... 0.40123687 0.59754462 0.27664039]
 [0.95941256 0.98533463 0.21188019 ... 0.40123687 0.59754462 0.27664039]]"
334,"[[0.74504646 0.7356644  0.35984439 ... 0.60715825 0.16932617 0.70012433]
 [0.74504646 0.7356644  0.35984439 ... 0.60715825 0.16932617 0.70012433]
 [0.74504646 0.7356644  0.35984439 ... 0.60715825 0.16932617 0.70012433]
 ...
 [0.74504646 0.7356644  0.35984439 ... 0.60715825 0.16932617 0.70012433]
 [0.74504646 0.7356644  0.35984439 ... 0.60715825 0.16932617 0.70012433]
 [0.74504646 0.7356644  0.35984439 ... 0.60715825 0.16932617 0.70012433]]"
335,"[[0.25510831 0.06315079 0.58775081 ... 0.00357521 0.79701326 0.71907967]
 [0.25510831 0.06315079 0.58775081 ... 0.00357521 0.79701326 0.71907967]
 [0.25510831 0.06315079 0.58775081 ... 0.00357521 0.79701326 0.71907967]
 ...
 [0.25510831 0.06315079 0.58775081 ... 0.00357521 0.79701326 0.71907967]
 [0.25510831 0.06315079 0.58775081 ... 0.00357521 0.79701326 0.71907967]
 [0.25510831 0.06315079 0.58775081 ... 0.00357521 0.79701326 0.71907967]]"
336,"[[0.04345681 0.51016694 0.07345682 ... 0.64341061 0.18178812 0.01494087]
 [0.04345681 0.51016694 0.07345682 ... 0.64341061 0.18178812 0.01494087]
 [0.04345681 0.51016694 0.07345682 ... 0.64341061 0.18178812 0.01494087]
 ...
 [0.04345681 0.51016694 0.07345682 ... 0.64341061 0.18178812 0.01494087]
 [0.04345681 0.51016694 0.07345682 ... 0.64341061 0.18178812 0.01494087]
 [0.04345681 0.51016694 0.07345682 ... 0.64341061 0.18178812 0.01494087]]"
337,"[[0.18096492 0.3966422  0.90826695 ... 0.22179503 0.14517863 0.46687564]
 [0.18096492 0.3966422  0.90826695 ... 0.22179503 0.14517863 0.46687564]
 [0.18096492 0.3966422  0.90826695 ... 0.22179503 0.14517863 0.46687564]
 ...
 [0.18096492 0.3966422  0.90826695 ... 0.22179503 0.14517863 0.46687564]
 [0.18096492 0.3966422  0.90826695 ... 0.22179503 0.14517863 0.46687564]
 [0.18096492 0.3966422  0.90826695 ... 0.22179503 0.14517863 0.46687564]]"
338,"[[0.83187183 0.95958986 0.85441531 ... 0.57346358 0.21661296 0.86682381]
 [0.83187183 0.95958986 0.85441531 ... 0.57346358 0.21661296 0.86682381]
 [0.83187183 0.95958986 0.85441531 ... 0.57346358 0.21661296 0.86682381]
 ...
 [0.83187183 0.95958986 0.85441531 ... 0.57346358 0.21661296 0.86682381]
 [0.83187183 0.95958986 0.85441531 ... 0.57346358 0.21661296 0.86682381]
 [0.83187183 0.95958986 0.85441531 ... 0.57346358 0.21661296 0.86682381]]"
339,"[[0.92022203 0.80628854 0.15592618 ... 0.42098986 0.16690789 0.90228013]
 [0.92022203 0.80628854 0.15592618 ... 0.42098986 0.16690789 0.90228013]
 [0.92022203 0.80628854 0.15592618 ... 0.42098986 0.16690789 0.90228013]
 ...
 [0.92022203 0.80628854 0.15592618 ... 0.42098986 0.16690789 0.90228013]
 [0.92022203 0.80628854 0.15592618 ... 0.42098986 0.16690789 0.90228013]
 [0.92022203 0.80628854 0.15592618 ... 0.42098986 0.16690789 0.90228013]]"
340,"[[0.96365942 0.27510112 0.724864   ... 0.12175549 0.60394794 0.15344466]
 [0.96365942 0.27510112 0.724864   ... 0.12175549 0.60394794 0.15344466]
 [0.96365942 0.27510112 0.724864   ... 0.12175549 0.60394794 0.15344466]
 ...
 [0.96365942 0.27510112 0.724864   ... 0.12175549 0.60394794 0.15344466]
 [0.96365942 0.27510112 0.724864   ... 0.12175549 0.60394794 0.15344466]
 [0.96365942 0.27510112 0.724864   ... 0.12175549 0.60394794 0.15344466]]"
341,"[[0.73553818 0.89689153 0.54394188 ... 0.38346733 0.02816058 0.        ]
 [0.73553818 0.89689153 0.54394188 ... 0.38346733 0.02816058 0.        ]
 [0.73553818 0.89689153 0.54394188 ... 0.38346733 0.02816058 0.        ]
 ...
 [0.73553818 0.89689153 0.54394188 ... 0.38346733 0.02816058 0.        ]
 [0.73553818 0.89689153 0.54394188 ... 0.38346733 0.02816058 0.        ]
 [0.73553818 0.89689153 0.54394188 ... 0.38346733 0.02816058 0.        ]]"
342,"[[0.24137912 0.69980829 0.30524992 ... 0.46518282 0.00900555 0.58145457]
 [0.24137912 0.69980829 0.30524992 ... 0.46518282 0.00900555 0.58145457]
 [0.24137912 0.69980829 0.30524992 ... 0.46518282 0.00900555 0.58145457]
 ...
 [0.24137912 0.69980829 0.30524992 ... 0.46518282 0.00900555 0.58145457]
 [0.24137912 0.69980829 0.30524992 ... 0.46518282 0.00900555 0.58145457]
 [0.24137912 0.69980829 0.30524992 ... 0.46518282 0.00900555 0.58145457]]"
343,"[[0.88640093 0.95946655 0.91435623 ... 0.15064128 0.45417362 0.19722893]
 [0.88640093 0.95946655 0.91435623 ... 0.15064128 0.45417362 0.19722893]
 [0.88640093 0.95946655 0.91435623 ... 0.15064128 0.45417362 0.19722893]
 ...
 [0.88640093 0.95946655 0.91435623 ... 0.15064128 0.45417362 0.19722893]
 [0.88640093 0.95946655 0.91435623 ... 0.15064128 0.45417362 0.19722893]
 [0.88640093 0.95946655 0.91435623 ... 0.15064128 0.45417362 0.19722893]]"
344,"[[0.74560169 0.47250752 0.0641273  ... 0.2602994  0.03790295 0.06774156]
 [0.74560169 0.47250752 0.0641273  ... 0.2602994  0.03790295 0.06774156]
 [0.74560169 0.47250752 0.0641273  ... 0.2602994  0.03790295 0.06774156]
 ...
 [0.74560169 0.47250752 0.0641273  ... 0.2602994  0.03790295 0.06774156]
 [0.74560169 0.47250752 0.0641273  ... 0.2602994  0.03790295 0.06774156]
 [0.74560169 0.47250752 0.0641273  ... 0.2602994  0.03790295 0.06774156]]"
345,"[[0.74889044 0.07691716 0.50110942 ... 0.88362083 0.47534653 0.84671541]
 [0.74889044 0.07691716 0.50110942 ... 0.88362083 0.47534653 0.84671541]
 [0.74889044 0.07691716 0.50110942 ... 0.88362083 0.47534653 0.84671541]
 ...
 [0.74889044 0.07691716 0.50110942 ... 0.88362083 0.47534653 0.84671541]
 [0.74889044 0.07691716 0.50110942 ... 0.88362083 0.47534653 0.84671541]
 [0.74889044 0.07691716 0.50110942 ... 0.88362083 0.47534653 0.84671541]]"
346,"[[0.50706295 0.29064152 0.60245376 ... 0.98196253 0.56422257 0.60789833]
 [0.50706295 0.29064152 0.60245376 ... 0.98196253 0.56422257 0.60789833]
 [0.50706295 0.29064152 0.60245376 ... 0.98196253 0.56422257 0.60789833]
 ...
 [0.50706295 0.29064152 0.60245376 ... 0.98196253 0.56422257 0.60789833]
 [0.50706295 0.29064152 0.60245376 ... 0.98196253 0.56422257 0.60789833]
 [0.50706295 0.29064152 0.60245376 ... 0.98196253 0.56422257 0.60789833]]"
347,"[[0.40593267 0.22820963 0.39771147 ... 0.20351761 0.50342672 0.93990431]
 [0.40593267 0.22820963 0.39771147 ... 0.20351761 0.50342672 0.93990431]
 [0.40593267 0.22820963 0.39771147 ... 0.20351761 0.50342672 0.93990431]
 ...
 [0.40593267 0.22820963 0.39771147 ... 0.20351761 0.50342672 0.93990431]
 [0.40593267 0.22820963 0.39771147 ... 0.20351761 0.50342672 0.93990431]
 [0.40593267 0.22820963 0.39771147 ... 0.20351761 0.50342672 0.93990431]]"
348,"[[0.08301552 0.438352   0.46845875 ... 0.12565338 0.31166782 0.3073901 ]
 [0.08301552 0.438352   0.46845875 ... 0.12565338 0.31166782 0.3073901 ]
 [0.08301552 0.438352   0.46845875 ... 0.12565338 0.31166782 0.3073901 ]
 ...
 [0.08301552 0.438352   0.46845875 ... 0.12565338 0.31166782 0.3073901 ]
 [0.08301552 0.438352   0.46845875 ... 0.12565338 0.31166782 0.3073901 ]
 [0.08301552 0.438352   0.46845875 ... 0.12565338 0.31166782 0.3073901 ]]"
349,"[[0.885313   0.36819207 0.26282298 ... 0.57007509 0.48737379 0.958804  ]
 [0.885313   0.36819207 0.26282298 ... 0.57007509 0.48737379 0.958804  ]
 [0.885313   0.36819207 0.26282298 ... 0.57007509 0.48737379 0.958804  ]
 ...
 [0.885313   0.36819207 0.26282298 ... 0.57007509 0.48737379 0.958804  ]
 [0.885313   0.36819207 0.26282298 ... 0.57007509 0.48737379 0.958804  ]
 [0.885313   0.36819207 0.26282298 ... 0.57007509 0.48737379 0.958804  ]]"
350,"[[0.22303188 0.44420142 0.39443194 ... 0.3405904  0.89272426 0.42631198]
 [0.22303188 0.44420142 0.39443194 ... 0.3405904  0.89272426 0.42631198]
 [0.22303188 0.44420142 0.39443194 ... 0.3405904  0.89272426 0.42631198]
 ...
 [0.22303188 0.44420142 0.39443194 ... 0.3405904  0.89272426 0.42631198]
 [0.22303188 0.44420142 0.39443194 ... 0.3405904  0.89272426 0.42631198]
 [0.22303188 0.44420142 0.39443194 ... 0.3405904  0.89272426 0.42631198]]"
351,"[[0.2552699  0.34110024 0.49565792 ... 0.71679919 0.13853439 0.43532648]
 [0.2552699  0.34110024 0.49565792 ... 0.71679919 0.13853439 0.43532648]
 [0.2552699  0.34110024 0.49565792 ... 0.71679919 0.13853439 0.43532648]
 ...
 [0.2552699  0.34110024 0.49565792 ... 0.71679919 0.13853439 0.43532648]
 [0.2552699  0.34110024 0.49565792 ... 0.71679919 0.13853439 0.43532648]
 [0.2552699  0.34110024 0.49565792 ... 0.71679919 0.13853439 0.43532648]]"
352,"[[0.91191649 0.75119858 0.         ... 0.11881956 0.43260177 0.85527214]
 [0.91191649 0.75119858 0.         ... 0.11881956 0.43260177 0.85527214]
 [0.91191649 0.75119858 0.         ... 0.11881956 0.43260177 0.85527214]
 ...
 [0.91191649 0.75119858 0.         ... 0.11881956 0.43260177 0.85527214]
 [0.91191649 0.75119858 0.         ... 0.11881956 0.43260177 0.85527214]
 [0.91191649 0.75119858 0.         ... 0.11881956 0.43260177 0.85527214]]"
353,"[[0.77328128 0.16518631 0.48546675 ... 0.37689435 0.67075029 0.44746055]
 [0.77328128 0.16518631 0.48546675 ... 0.37689435 0.67075029 0.44746055]
 [0.77328128 0.16518631 0.48546675 ... 0.37689435 0.67075029 0.44746055]
 ...
 [0.77328128 0.16518631 0.48546675 ... 0.37689435 0.67075029 0.44746055]
 [0.77328128 0.16518631 0.48546675 ... 0.37689435 0.67075029 0.44746055]
 [0.77328128 0.16518631 0.48546675 ... 0.37689435 0.67075029 0.44746055]]"
354,"[[0.847174   0.20162869 0.50898369 ... 0.02394976 0.83342767 0.58036687]
 [0.847174   0.20162869 0.50898369 ... 0.02394976 0.83342767 0.58036687]
 [0.847174   0.20162869 0.50898369 ... 0.02394976 0.83342767 0.58036687]
 ...
 [0.847174   0.20162869 0.50898369 ... 0.02394976 0.83342767 0.58036687]
 [0.847174   0.20162869 0.50898369 ... 0.02394976 0.83342767 0.58036687]
 [0.847174   0.20162869 0.50898369 ... 0.02394976 0.83342767 0.58036687]]"
355,"[[0.59670336 0.49855188 0.83290016 ... 0.71286906 0.71276513 0.37925528]
 [0.59670336 0.49855188 0.83290016 ... 0.71286906 0.71276513 0.37925528]
 [0.59670336 0.49855188 0.83290016 ... 0.71286906 0.71276513 0.37925528]
 ...
 [0.59670336 0.49855188 0.83290016 ... 0.71286906 0.71276513 0.37925528]
 [0.59670336 0.49855188 0.83290016 ... 0.71286906 0.71276513 0.37925528]
 [0.59670336 0.49855188 0.83290016 ... 0.71286906 0.71276513 0.37925528]]"
356,"[[0.14229124 0.08063368 0.8017639  ... 0.15921296 0.83355481 0.2076266 ]
 [0.14229124 0.08063368 0.8017639  ... 0.15921296 0.83355481 0.2076266 ]
 [0.14229124 0.08063368 0.8017639  ... 0.15921296 0.83355481 0.2076266 ]
 ...
 [0.14229124 0.08063368 0.8017639  ... 0.15921296 0.83355481 0.2076266 ]
 [0.14229124 0.08063368 0.8017639  ... 0.15921296 0.83355481 0.2076266 ]
 [0.14229124 0.08063368 0.8017639  ... 0.15921296 0.83355481 0.2076266 ]]"
357,"[[0.51944338 0.10612861 0.12792041 ... 0.53057381 0.64742539 0.59891028]
 [0.51944338 0.10612861 0.12792041 ... 0.53057381 0.64742539 0.59891028]
 [0.51944338 0.10612861 0.12792041 ... 0.53057381 0.64742539 0.59891028]
 ...
 [0.51944338 0.10612861 0.12792041 ... 0.53057381 0.64742539 0.59891028]
 [0.51944338 0.10612861 0.12792041 ... 0.53057381 0.64742539 0.59891028]
 [0.51944338 0.10612861 0.12792041 ... 0.53057381 0.64742539 0.59891028]]"
358,"[[0.33349766 0.04588542 0.28623295 ... 0.3712942  0.1575976  0.60508557]
 [0.33349766 0.04588542 0.28623295 ... 0.3712942  0.1575976  0.60508557]
 [0.33349766 0.04588542 0.28623295 ... 0.3712942  0.1575976  0.60508557]
 ...
 [0.33349766 0.04588542 0.28623295 ... 0.3712942  0.1575976  0.60508557]
 [0.33349766 0.04588542 0.28623295 ... 0.3712942  0.1575976  0.60508557]
 [0.33349766 0.04588542 0.28623295 ... 0.3712942  0.1575976  0.60508557]]"
359,"[[0.87446272 0.89060237 0.85687658 ... 0.69184973 0.43553081 0.08246853]
 [0.87446272 0.89060237 0.85687658 ... 0.69184973 0.43553081 0.08246853]
 [0.87446272 0.89060237 0.85687658 ... 0.69184973 0.43553081 0.08246853]
 ...
 [0.87446272 0.89060237 0.85687658 ... 0.69184973 0.43553081 0.08246853]
 [0.87446272 0.89060237 0.85687658 ... 0.69184973 0.43553081 0.08246853]
 [0.87446272 0.89060237 0.85687658 ... 0.69184973 0.43553081 0.08246853]]"
360,"[[0.6522776  0.50387109 0.49862517 ... 0.33468889 0.28714314 0.05012855]
 [0.6522776  0.50387109 0.49862517 ... 0.33468889 0.28714314 0.05012855]
 [0.6522776  0.50387109 0.49862517 ... 0.33468889 0.28714314 0.05012855]
 ...
 [0.6522776  0.50387109 0.49862517 ... 0.33468889 0.28714314 0.05012855]
 [0.6522776  0.50387109 0.49862517 ... 0.33468889 0.28714314 0.05012855]
 [0.6522776  0.50387109 0.49862517 ... 0.33468889 0.28714314 0.05012855]]"
361,"[[0.2184905  1.         0.20604634 ... 0.61278796 0.80010188 0.45142759]
 [0.2184905  1.         0.20604634 ... 0.61278796 0.80010188 0.45142759]
 [0.2184905  1.         0.20604634 ... 0.61278796 0.80010188 0.45142759]
 ...
 [0.2184905  1.         0.20604634 ... 0.61278796 0.80010188 0.45142759]
 [0.2184905  1.         0.20604634 ... 0.61278796 0.80010188 0.45142759]
 [0.2184905  1.         0.20604634 ... 0.61278796 0.80010188 0.45142759]]"
362,"[[0.3444134  0.52175779 0.57650937 ... 0.93666495 0.0383901  0.61890568]
 [0.3444134  0.52175779 0.57650937 ... 0.93666495 0.0383901  0.61890568]
 [0.3444134  0.52175779 0.57650937 ... 0.93666495 0.0383901  0.61890568]
 ...
 [0.3444134  0.52175779 0.57650937 ... 0.93666495 0.0383901  0.61890568]
 [0.3444134  0.52175779 0.57650937 ... 0.93666495 0.0383901  0.61890568]
 [0.3444134  0.52175779 0.57650937 ... 0.93666495 0.0383901  0.61890568]]"
363,"[[0.16787648 0.31497595 0.31210571 ... 0.4934214  0.54119213 0.49973038]
 [0.16787648 0.31497595 0.31210571 ... 0.4934214  0.54119213 0.49973038]
 [0.16787648 0.31497595 0.31210571 ... 0.4934214  0.54119213 0.49973038]
 ...
 [0.16787648 0.31497595 0.31210571 ... 0.4934214  0.54119213 0.49973038]
 [0.16787648 0.31497595 0.31210571 ... 0.4934214  0.54119213 0.49973038]
 [0.16787648 0.31497595 0.31210571 ... 0.4934214  0.54119213 0.49973038]]"
364,"[[0.38063631 0.41250044 0.93806517 ... 0.09671012 0.16147925 0.02473435]
 [0.38063631 0.41250044 0.93806517 ... 0.09671012 0.16147925 0.02473435]
 [0.38063631 0.41250044 0.93806517 ... 0.09671012 0.16147925 0.02473435]
 ...
 [0.38063631 0.41250044 0.93806517 ... 0.09671012 0.16147925 0.02473435]
 [0.38063631 0.41250044 0.93806517 ... 0.09671012 0.16147925 0.02473435]
 [0.38063631 0.41250044 0.93806517 ... 0.09671012 0.16147925 0.02473435]]"
365,"[[0.25505296 0.89964297 0.23208326 ... 0.22061928 0.59763253 0.61995692]
 [0.25505296 0.89964297 0.23208326 ... 0.22061928 0.59763253 0.61995692]
 [0.25505296 0.89964297 0.23208326 ... 0.22061928 0.59763253 0.61995692]
 ...
 [0.25505296 0.89964297 0.23208326 ... 0.22061928 0.59763253 0.61995692]
 [0.25505296 0.89964297 0.23208326 ... 0.22061928 0.59763253 0.61995692]
 [0.25505296 0.89964297 0.23208326 ... 0.22061928 0.59763253 0.61995692]]"
366,"[[0.75905472 0.49787132 0.         ... 0.438807   0.20085401 0.814857  ]
 [0.75905472 0.49787132 0.         ... 0.438807   0.20085401 0.814857  ]
 [0.75905472 0.49787132 0.         ... 0.438807   0.20085401 0.814857  ]
 ...
 [0.75905472 0.49787132 0.         ... 0.438807   0.20085401 0.814857  ]
 [0.75905472 0.49787132 0.         ... 0.438807   0.20085401 0.814857  ]
 [0.75905472 0.49787132 0.         ... 0.438807   0.20085401 0.814857  ]]"
367,"[[0.92438128 0.63750351 0.32553352 ... 0.23281636 0.51268821 0.81005203]
 [0.92438128 0.63750351 0.32553352 ... 0.23281636 0.51268821 0.81005203]
 [0.92438128 0.63750351 0.32553352 ... 0.23281636 0.51268821 0.81005203]
 ...
 [0.92438128 0.63750351 0.32553352 ... 0.23281636 0.51268821 0.81005203]
 [0.92438128 0.63750351 0.32553352 ... 0.23281636 0.51268821 0.81005203]
 [0.92438128 0.63750351 0.32553352 ... 0.23281636 0.51268821 0.81005203]]"
368,"[[0.24401083 0.8699406  0.16234563 ... 0.92573078 0.36255025 0.50153108]
 [0.24401083 0.8699406  0.16234563 ... 0.92573078 0.36255025 0.50153108]
 [0.24401083 0.8699406  0.16234563 ... 0.92573078 0.36255025 0.50153108]
 ...
 [0.24401083 0.8699406  0.16234563 ... 0.92573078 0.36255025 0.50153108]
 [0.24401083 0.8699406  0.16234563 ... 0.92573078 0.36255025 0.50153108]
 [0.24401083 0.8699406  0.16234563 ... 0.92573078 0.36255025 0.50153108]]"
369,"[[0.26212423 0.48220245 0.17986041 ... 0.61734626 0.60162919 0.53057674]
 [0.26212423 0.48220245 0.17986041 ... 0.61734626 0.60162919 0.53057674]
 [0.26212423 0.48220245 0.17986041 ... 0.61734626 0.60162919 0.53057674]
 ...
 [0.26212423 0.48220245 0.17986041 ... 0.61734626 0.60162919 0.53057674]
 [0.26212423 0.48220245 0.17986041 ... 0.61734626 0.60162919 0.53057674]
 [0.26212423 0.48220245 0.17986041 ... 0.61734626 0.60162919 0.53057674]]"
370,"[[0.01828979 0.92248489 0.50749584 ... 0.09216035 0.9195736  1.        ]
 [0.01828979 0.92248489 0.50749584 ... 0.09216035 0.9195736  1.        ]
 [0.01828979 0.92248489 0.50749584 ... 0.09216035 0.9195736  1.        ]
 ...
 [0.01828979 0.92248489 0.50749584 ... 0.09216035 0.9195736  1.        ]
 [0.01828979 0.92248489 0.50749584 ... 0.09216035 0.9195736  1.        ]
 [0.01828979 0.92248489 0.50749584 ... 0.09216035 0.9195736  1.        ]]"
371,"[[0.05687758 0.44165007 0.34823229 ... 0.25974371 0.24041322 0.73157962]
 [0.05687758 0.44165007 0.34823229 ... 0.25974371 0.24041322 0.73157962]
 [0.05687758 0.44165007 0.34823229 ... 0.25974371 0.24041322 0.73157962]
 ...
 [0.05687758 0.44165007 0.34823229 ... 0.25974371 0.24041322 0.73157962]
 [0.05687758 0.44165007 0.34823229 ... 0.25974371 0.24041322 0.73157962]
 [0.05687758 0.44165007 0.34823229 ... 0.25974371 0.24041322 0.73157962]]"
372,"[[0.65603335 0.37850574 0.41766883 ... 0.18352584 0.72196237 0.        ]
 [0.65603335 0.37850574 0.41766883 ... 0.18352584 0.72196237 0.        ]
 [0.65603335 0.37850574 0.41766883 ... 0.18352584 0.72196237 0.        ]
 ...
 [0.65603335 0.37850574 0.41766883 ... 0.18352584 0.72196237 0.        ]
 [0.65603335 0.37850574 0.41766883 ... 0.18352584 0.72196237 0.        ]
 [0.65603335 0.37850574 0.41766883 ... 0.18352584 0.72196237 0.        ]]"
373,"[[0.55117262 0.5343575  0.10257175 ... 0.36047971 0.30589835 0.71231368]
 [0.55117262 0.5343575  0.10257175 ... 0.36047971 0.30589835 0.71231368]
 [0.55117262 0.5343575  0.10257175 ... 0.36047971 0.30589835 0.71231368]
 ...
 [0.55117262 0.5343575  0.10257175 ... 0.36047971 0.30589835 0.71231368]
 [0.55117262 0.5343575  0.10257175 ... 0.36047971 0.30589835 0.71231368]
 [0.55117262 0.5343575  0.10257175 ... 0.36047971 0.30589835 0.71231368]]"
374,"[[0.42618811 0.32919449 0.03205503 ... 0.01265973 0.75850235 0.08250811]
 [0.42618811 0.32919449 0.03205503 ... 0.01265973 0.75850235 0.08250811]
 [0.42618811 0.32919449 0.03205503 ... 0.01265973 0.75850235 0.08250811]
 ...
 [0.42618811 0.32919449 0.03205503 ... 0.01265973 0.75850235 0.08250811]
 [0.42618811 0.32919449 0.03205503 ... 0.01265973 0.75850235 0.08250811]
 [0.42618811 0.32919449 0.03205503 ... 0.01265973 0.75850235 0.08250811]]"
375,"[[0.99404154 0.         0.45620059 ... 0.86478341 0.94644971 0.05453637]
 [0.99404154 0.         0.45620059 ... 0.86478341 0.94644971 0.05453637]
 [0.99404154 0.         0.45620059 ... 0.86478341 0.94644971 0.05453637]
 ...
 [0.99404154 0.         0.45620059 ... 0.86478341 0.94644971 0.05453637]
 [0.99404154 0.         0.45620059 ... 0.86478341 0.94644971 0.05453637]
 [0.99404154 0.         0.45620059 ... 0.86478341 0.94644971 0.05453637]]"
376,"[[0.18570726 0.84105573 0.34277069 ... 0.         0.69044698 0.94620322]
 [0.18570726 0.84105573 0.34277069 ... 0.         0.69044698 0.94620322]
 [0.18570726 0.84105573 0.34277069 ... 0.         0.69044698 0.94620322]
 ...
 [0.18570726 0.84105573 0.34277069 ... 0.         0.69044698 0.94620322]
 [0.18570726 0.84105573 0.34277069 ... 0.         0.69044698 0.94620322]
 [0.18570726 0.84105573 0.34277069 ... 0.         0.69044698 0.94620322]]"
377,"[[0.77115462 0.24680394 0.4054989  ... 0.78799347 0.7632243  0.06406932]
 [0.77115462 0.24680394 0.4054989  ... 0.78799347 0.7632243  0.06406932]
 [0.77115462 0.24680394 0.4054989  ... 0.78799347 0.7632243  0.06406932]
 ...
 [0.77115462 0.24680394 0.4054989  ... 0.78799347 0.7632243  0.06406932]
 [0.77115462 0.24680394 0.4054989  ... 0.78799347 0.7632243  0.06406932]
 [0.77115462 0.24680394 0.4054989  ... 0.78799347 0.7632243  0.06406932]]"
378,"[[0.69810998 0.01785725 1.         ... 0.88708643 0.9385702  0.20039181]
 [0.69810998 0.01785725 1.         ... 0.88708643 0.9385702  0.20039181]
 [0.69810998 0.01785725 1.         ... 0.88708643 0.9385702  0.20039181]
 ...
 [0.69810998 0.01785725 1.         ... 0.88708643 0.9385702  0.20039181]
 [0.69810998 0.01785725 1.         ... 0.88708643 0.9385702  0.20039181]
 [0.69810998 0.01785725 1.         ... 0.88708643 0.9385702  0.20039181]]"
379,"[[0.90179026 0.0048547  0.70378478 ... 0.90173172 0.65592505 0.2087038 ]
 [0.90179026 0.0048547  0.70378478 ... 0.90173172 0.65592505 0.2087038 ]
 [0.90179026 0.0048547  0.70378478 ... 0.90173172 0.65592505 0.2087038 ]
 ...
 [0.90179026 0.0048547  0.70378478 ... 0.90173172 0.65592505 0.2087038 ]
 [0.90179026 0.0048547  0.70378478 ... 0.90173172 0.65592505 0.2087038 ]
 [0.90179026 0.0048547  0.70378478 ... 0.90173172 0.65592505 0.2087038 ]]"
380,"[[0.95357308 0.13010753 0.13689043 ... 0.16767408 0.82038321 0.73935927]
 [0.95357308 0.13010753 0.13689043 ... 0.16767408 0.82038321 0.73935927]
 [0.95357308 0.13010753 0.13689043 ... 0.16767408 0.82038321 0.73935927]
 ...
 [0.95357308 0.13010753 0.13689043 ... 0.16767408 0.82038321 0.73935927]
 [0.95357308 0.13010753 0.13689043 ... 0.16767408 0.82038321 0.73935927]
 [0.95357308 0.13010753 0.13689043 ... 0.16767408 0.82038321 0.73935927]]"
381,"[[0.3500301  0.19151464 0.20837399 ... 0.20820375 0.37757011 0.47410678]
 [0.3500301  0.19151464 0.20837399 ... 0.20820375 0.37757011 0.47410678]
 [0.3500301  0.19151464 0.20837399 ... 0.20820375 0.37757011 0.47410678]
 ...
 [0.3500301  0.19151464 0.20837399 ... 0.20820375 0.37757011 0.47410678]
 [0.3500301  0.19151464 0.20837399 ... 0.20820375 0.37757011 0.47410678]
 [0.3500301  0.19151464 0.20837399 ... 0.20820375 0.37757011 0.47410678]]"
382,"[[0.6937261  0.09382897 0.70448153 ... 0.         0.68551853 0.03252863]
 [0.6937261  0.09382897 0.70448153 ... 0.         0.68551853 0.03252863]
 [0.6937261  0.09382897 0.70448153 ... 0.         0.68551853 0.03252863]
 ...
 [0.6937261  0.09382897 0.70448153 ... 0.         0.68551853 0.03252863]
 [0.6937261  0.09382897 0.70448153 ... 0.         0.68551853 0.03252863]
 [0.6937261  0.09382897 0.70448153 ... 0.         0.68551853 0.03252863]]"
383,"[[0.0160131  0.27293512 0.81185062 ... 0.55487001 0.98931861 0.86404251]
 [0.0160131  0.27293512 0.81185062 ... 0.55487001 0.98931861 0.86404251]
 [0.0160131  0.27293512 0.81185062 ... 0.55487001 0.98931861 0.86404251]
 ...
 [0.0160131  0.27293512 0.81185062 ... 0.55487001 0.98931861 0.86404251]
 [0.0160131  0.27293512 0.81185062 ... 0.55487001 0.98931861 0.86404251]
 [0.0160131  0.27293512 0.81185062 ... 0.55487001 0.98931861 0.86404251]]"
384,"[[0.05301202 0.85167058 0.93710761 ... 0.61529964 0.98959573 0.22018185]
 [0.05301202 0.85167058 0.93710761 ... 0.61529964 0.98959573 0.22018185]
 [0.05301202 0.85167058 0.93710761 ... 0.61529964 0.98959573 0.22018185]
 ...
 [0.05301202 0.85167058 0.93710761 ... 0.61529964 0.98959573 0.22018185]
 [0.05301202 0.85167058 0.93710761 ... 0.61529964 0.98959573 0.22018185]
 [0.05301202 0.85167058 0.93710761 ... 0.61529964 0.98959573 0.22018185]]"
385,"[[0.34596631 0.25203915 0.5558754  ... 0.0918026  0.71322234 0.05905859]
 [0.34596631 0.25203915 0.5558754  ... 0.0918026  0.71322234 0.05905859]
 [0.34596631 0.25203915 0.5558754  ... 0.0918026  0.71322234 0.05905859]
 ...
 [0.34596631 0.25203915 0.5558754  ... 0.0918026  0.71322234 0.05905859]
 [0.34596631 0.25203915 0.5558754  ... 0.0918026  0.71322234 0.05905859]
 [0.34596631 0.25203915 0.5558754  ... 0.0918026  0.71322234 0.05905859]]"
386,"[[0.99572048 0.96584683 0.47842388 ... 0.12520434 0.67078836 0.70649113]
 [0.99572048 0.96584683 0.47842388 ... 0.12520434 0.67078836 0.70649113]
 [0.99572048 0.96584683 0.47842388 ... 0.12520434 0.67078836 0.70649113]
 ...
 [0.99572048 0.96584683 0.47842388 ... 0.12520434 0.67078836 0.70649113]
 [0.99572048 0.96584683 0.47842388 ... 0.12520434 0.67078836 0.70649113]
 [0.99572048 0.96584683 0.47842388 ... 0.12520434 0.67078836 0.70649113]]"
387,"[[0.85231457 0.94662231 0.50766893 ... 0.45119034 0.00862199 0.20813764]
 [0.85231457 0.94662231 0.50766893 ... 0.45119034 0.00862199 0.20813764]
 [0.85231457 0.94662231 0.50766893 ... 0.45119034 0.00862199 0.20813764]
 ...
 [0.85231457 0.94662231 0.50766893 ... 0.45119034 0.00862199 0.20813764]
 [0.85231457 0.94662231 0.50766893 ... 0.45119034 0.00862199 0.20813764]
 [0.85231457 0.94662231 0.50766893 ... 0.45119034 0.00862199 0.20813764]]"
388,"[[0.64578278 0.49000808 0.95759035 ... 0.46412188 0.16820532 0.10217118]
 [0.64578278 0.49000808 0.95759035 ... 0.46412188 0.16820532 0.10217118]
 [0.64578278 0.49000808 0.95759035 ... 0.46412188 0.16820532 0.10217118]
 ...
 [0.64578278 0.49000808 0.95759035 ... 0.46412188 0.16820532 0.10217118]
 [0.64578278 0.49000808 0.95759035 ... 0.46412188 0.16820532 0.10217118]
 [0.64578278 0.49000808 0.95759035 ... 0.46412188 0.16820532 0.10217118]]"
389,"[[0.94037838 0.66815311 0.74735246 ... 0.46661399 0.84044272 0.65042681]
 [0.94037838 0.66815311 0.74735246 ... 0.46661399 0.84044272 0.65042681]
 [0.94037838 0.66815311 0.74735246 ... 0.46661399 0.84044272 0.65042681]
 ...
 [0.94037838 0.66815311 0.74735246 ... 0.46661399 0.84044272 0.65042681]
 [0.94037838 0.66815311 0.74735246 ... 0.46661399 0.84044272 0.65042681]
 [0.94037838 0.66815311 0.74735246 ... 0.46661399 0.84044272 0.65042681]]"
390,"[[0.44694849 0.54926618 0.31789211 ... 0.66176499 0.14043024 0.54575819]
 [0.44694849 0.54926618 0.31789211 ... 0.66176499 0.14043024 0.54575819]
 [0.44694849 0.54926618 0.31789211 ... 0.66176499 0.14043024 0.54575819]
 ...
 [0.44694849 0.54926618 0.31789211 ... 0.66176499 0.14043024 0.54575819]
 [0.44694849 0.54926618 0.31789211 ... 0.66176499 0.14043024 0.54575819]
 [0.44694849 0.54926618 0.31789211 ... 0.66176499 0.14043024 0.54575819]]"
391,"[[0.48825657 0.56923283 0.84325344 ... 0.5695805  0.18911361 0.93056133]
 [0.48825657 0.56923283 0.84325344 ... 0.5695805  0.18911361 0.93056133]
 [0.48825657 0.56923283 0.84325344 ... 0.5695805  0.18911361 0.93056133]
 ...
 [0.48825657 0.56923283 0.84325344 ... 0.5695805  0.18911361 0.93056133]
 [0.48825657 0.56923283 0.84325344 ... 0.5695805  0.18911361 0.93056133]
 [0.48825657 0.56923283 0.84325344 ... 0.5695805  0.18911361 0.93056133]]"
392,"[[0.07274847 0.82983762 0.25629664 ... 0.88507163 0.13504398 0.50247703]
 [0.07274847 0.82983762 0.25629664 ... 0.88507163 0.13504398 0.50247703]
 [0.07274847 0.82983762 0.25629664 ... 0.88507163 0.13504398 0.50247703]
 ...
 [0.07274847 0.82983762 0.25629664 ... 0.88507163 0.13504398 0.50247703]
 [0.07274847 0.82983762 0.25629664 ... 0.88507163 0.13504398 0.50247703]
 [0.07274847 0.82983762 0.25629664 ... 0.88507163 0.13504398 0.50247703]]"
393,"[[0.55687295 0.60821517 0.35342788 ... 0.56156438 0.         0.95320275]
 [0.55687295 0.60821517 0.35342788 ... 0.56156438 0.         0.95320275]
 [0.55687295 0.60821517 0.35342788 ... 0.56156438 0.         0.95320275]
 ...
 [0.55687295 0.60821517 0.35342788 ... 0.56156438 0.         0.95320275]
 [0.55687295 0.60821517 0.35342788 ... 0.56156438 0.         0.95320275]
 [0.55687295 0.60821517 0.35342788 ... 0.56156438 0.         0.95320275]]"
394,"[[0.86325497 0.80260436 0.31002392 ... 0.09187294 0.55550507 0.16942834]
 [0.86325497 0.80260436 0.31002392 ... 0.09187294 0.55550507 0.16942834]
 [0.86325497 0.80260436 0.31002392 ... 0.09187294 0.55550507 0.16942834]
 ...
 [0.86325497 0.80260436 0.31002392 ... 0.09187294 0.55550507 0.16942834]
 [0.86325497 0.80260436 0.31002392 ... 0.09187294 0.55550507 0.16942834]
 [0.86325497 0.80260436 0.31002392 ... 0.09187294 0.55550507 0.16942834]]"
395,"[[0.19638436 0.23930947 0.76831421 ... 0.77818635 0.97110585 0.80507238]
 [0.19638436 0.23930947 0.76831421 ... 0.77818635 0.97110585 0.80507238]
 [0.19638436 0.23930947 0.76831421 ... 0.77818635 0.97110585 0.80507238]
 ...
 [0.19638436 0.23930947 0.76831421 ... 0.77818635 0.97110585 0.80507238]
 [0.19638436 0.23930947 0.76831421 ... 0.77818635 0.97110585 0.80507238]
 [0.19638436 0.23930947 0.76831421 ... 0.77818635 0.97110585 0.80507238]]"
396,"[[0.81398775 0.93110227 0.17085379 ... 0.9876763  0.47589781 0.99312753]
 [0.81398775 0.93110227 0.17085379 ... 0.9876763  0.47589781 0.99312753]
 [0.81398775 0.93110227 0.17085379 ... 0.9876763  0.47589781 0.99312753]
 ...
 [0.81398775 0.93110227 0.17085379 ... 0.9876763  0.47589781 0.99312753]
 [0.81398775 0.93110227 0.17085379 ... 0.9876763  0.47589781 0.99312753]
 [0.81398775 0.93110227 0.17085379 ... 0.9876763  0.47589781 0.99312753]]"
397,"[[0.59758145 0.70054301 0.37405051 ... 0.41039328 0.83738129 0.78912177]
 [0.59758145 0.70054301 0.37405051 ... 0.41039328 0.83738129 0.78912177]
 [0.59758145 0.70054301 0.37405051 ... 0.41039328 0.83738129 0.78912177]
 ...
 [0.59758145 0.70054301 0.37405051 ... 0.41039328 0.83738129 0.78912177]
 [0.59758145 0.70054301 0.37405051 ... 0.41039328 0.83738129 0.78912177]
 [0.59758145 0.70054301 0.37405051 ... 0.41039328 0.83738129 0.78912177]]"
398,"[[0.71196905 0.94993929 0.22277803 ... 0.61768866 0.01855547 0.53703688]
 [0.71196905 0.94993929 0.22277803 ... 0.61768866 0.01855547 0.53703688]
 [0.71196905 0.94993929 0.22277803 ... 0.61768866 0.01855547 0.53703688]
 ...
 [0.71196905 0.94993929 0.22277803 ... 0.61768866 0.01855547 0.53703688]
 [0.71196905 0.94993929 0.22277803 ... 0.61768866 0.01855547 0.53703688]
 [0.71196905 0.94993929 0.22277803 ... 0.61768866 0.01855547 0.53703688]]"
399,"[[0.52761703 0.12589313 1.         ... 0.88445481 0.42865346 0.10106511]
 [0.52761703 0.12589313 1.         ... 0.88445481 0.42865346 0.10106511]
 [0.52761703 0.12589313 1.         ... 0.88445481 0.42865346 0.10106511]
 ...
 [0.52761703 0.12589313 1.         ... 0.88445481 0.42865346 0.10106511]
 [0.52761703 0.12589313 1.         ... 0.88445481 0.42865346 0.10106511]
 [0.52761703 0.12589313 1.         ... 0.88445481 0.42865346 0.10106511]]"
400,"[[0.86886113 0.98973921 0.6672156  ... 0.73751184 0.42196774 0.55240934]
 [0.86886113 0.98973921 0.6672156  ... 0.73751184 0.42196774 0.55240934]
 [0.86886113 0.98973921 0.6672156  ... 0.73751184 0.42196774 0.55240934]
 ...
 [0.86886113 0.98973921 0.6672156  ... 0.73751184 0.42196774 0.55240934]
 [0.86886113 0.98973921 0.6672156  ... 0.73751184 0.42196774 0.55240934]
 [0.86886113 0.98973921 0.6672156  ... 0.73751184 0.42196774 0.55240934]]"
