,0
1,"[[7.38537802e-05 9.99340691e-01 9.10950328e-05 1.76852904e-04
  3.17507374e-04]
 [1.41477473e-01 6.36754254e-01 4.50384181e-02 7.20232650e-02
  1.04706590e-01]
 [2.49234813e-01 5.09129963e-01 5.13768224e-02 7.91802107e-02
  1.11078191e-01]
 [2.46163503e-01 5.12271571e-01 5.13092298e-02 7.91423359e-02
  1.11113360e-01]
 [2.02233621e-04 9.97972981e-01 2.75105629e-04 5.45361889e-04
  1.00431799e-03]]"
2,"[[0.2059693  0.11977018 0.38521562 0.11131655 0.17772835]
 [0.1730635  0.15173534 0.29999902 0.14003137 0.23517077]
 [0.19375717 0.13257808 0.35084832 0.12289632 0.19992011]
 [0.00599897 0.13248602 0.00813055 0.10551572 0.74786873]
 [0.23341508 0.04216925 0.62702033 0.03973789 0.05765746]]"
3,"[[3.03179148e-03 4.87394397e-04 9.96230480e-01 1.81756363e-04
  6.85772751e-05]
 [7.31806024e-01 2.54465042e-02 2.36539291e-01 3.81731352e-03
  2.39086719e-03]
 [4.56248317e-02 9.15166161e-03 9.39330704e-01 4.46921266e-03
  1.42359027e-03]
 [2.00450452e-01 7.67231351e-02 5.38318799e-01 1.66436039e-01
  1.80715746e-02]
 [7.96972629e-02 5.56167985e-02 1.04004786e-01 7.34511417e-01
  2.61697356e-02]]"
4,"[[2.27302492e-02 1.58591479e-01 2.04311414e-02 6.96277127e-01
  1.01970003e-01]
 [2.86865577e-01 1.71062042e-01 1.98465409e-01 2.54033574e-02
  3.18203615e-01]
 [3.29578134e-01 1.51965355e-01 2.22189608e-01 2.40998699e-02
  2.72167033e-01]
 [3.52544006e-04 9.86175664e-01 2.98664203e-04 4.72199381e-04
  1.27009285e-02]
 [3.52279789e-02 3.73162157e-01 3.12906588e-02 3.52320650e-01
  2.07998556e-01]]"
5,"[[0.0066036  0.23531287 0.03235549 0.71504991 0.01067813]
 [0.08598075 0.04621721 0.27734975 0.03502644 0.55542584]
 [0.05293244 0.05776194 0.63388602 0.04180808 0.21361152]
 [0.88446641 0.0088327  0.01840927 0.00761177 0.08067985]
 [0.03456452 0.00752881 0.03021257 0.00593989 0.9217542 ]]"
6,"[[1.34715040e-02 2.43565915e-02 7.07066512e-01 4.65700731e-02
  2.08535320e-01]
 [1.34636342e-02 2.43487320e-02 7.07303948e-01 4.65384060e-02
  2.08345279e-01]
 [1.57402691e-02 2.62629691e-02 6.31214122e-01 5.60842481e-02
  2.70698392e-01]
 [2.42805169e-02 7.23833502e-03 3.37656465e-02 3.89969219e-01
  5.44746282e-01]
 [1.22302640e-07 4.30918576e-07 9.99998069e-01 3.46913782e-07
  1.03112599e-06]]"
7,"[[3.54945928e-01 1.95770701e-01 7.48722052e-02 5.55390307e-02
  3.18872135e-01]
 [8.96201299e-02 7.09470148e-01 6.32752246e-02 2.63983525e-02
  1.11236145e-01]
 [1.13285498e-07 2.27549868e-07 9.99998262e-01 1.27284177e-06
  1.24675993e-07]
 [4.20737623e-01 1.58830967e-01 4.28836459e-02 2.96423054e-02
  3.47905459e-01]
 [2.17558298e-01 6.60928879e-02 2.96761944e-03 1.67090482e-03
  7.11710290e-01]]"
8,"[[0.05293312 0.11954844 0.09268713 0.64149838 0.09333292]
 [0.12137013 0.01174396 0.83279899 0.02381049 0.01027644]
 [0.00216606 0.21326102 0.00287431 0.02329027 0.75840834]
 [0.02582515 0.0917122  0.04294436 0.77039359 0.06912469]
 [0.03714033 0.10687672 0.0631585  0.7108668  0.08195765]]"
9,"[[0.00406802 0.01011465 0.00985428 0.00712181 0.96884125]
 [0.06184998 0.3223743  0.30434514 0.15842795 0.15300263]
 [0.0046633  0.01165462 0.01135254 0.00818753 0.964142  ]
 [0.05987271 0.22211198 0.21303931 0.12985945 0.37511656]
 [0.00775359 0.01983438 0.01930423 0.01379132 0.93931648]]"
10,"[[2.41760633e-02 1.87016289e-01 2.65604764e-01 2.40753119e-02
  4.99127571e-01]
 [9.41940448e-03 7.06410907e-01 2.01476228e-01 9.35119370e-03
  7.33422669e-02]
 [3.36497225e-03 8.23374169e-01 1.31409897e-01 3.34172492e-03
  3.85092369e-02]
 [4.86315428e-04 8.68582688e-01 1.16824737e-01 4.83230940e-04
  1.36230286e-02]
 [3.41422502e-04 9.65623717e-01 2.78003029e-02 3.39163288e-04
  5.89539439e-03]]"
11,"[[0.00710204 0.02698638 0.01397058 0.42984007 0.52210093]
 [0.01267186 0.03116498 0.02048764 0.49297984 0.44269568]
 [0.0034957  0.00961432 0.00595731 0.5464088  0.43452387]
 [0.01201136 0.02972652 0.01947803 0.49548474 0.44329936]
 [0.00694608 0.0181638  0.01156164 0.51895246 0.44437602]]"
12,"[[0.30624209 0.04103873 0.08461668 0.54792791 0.02017459]
 [0.29337249 0.0321365  0.06957967 0.5896232  0.01528813]
 [0.00183091 0.98439371 0.00728381 0.00141015 0.00508142]
 [0.02813873 0.52426478 0.07826254 0.02275662 0.34657733]
 [0.26041339 0.02058058 0.04786297 0.66178981 0.00935325]]"
13,"[[0.04426918 0.78276427 0.08382856 0.08209405 0.00704394]
 [0.02320577 0.00810664 0.01746269 0.01759275 0.93363215]
 [0.1217905  0.52301067 0.15523454 0.15412158 0.04584271]
 [0.01489119 0.93619017 0.02286257 0.02256014 0.00349592]
 [0.05302899 0.0203179  0.0410987  0.04137489 0.84417952]]"
14,"[[0.0415187  0.00525131 0.92275117 0.01863686 0.01184196]
 [0.10120732 0.04976342 0.40720515 0.29428077 0.14754333]
 [0.05833161 0.05345885 0.17496621 0.5137361  0.19950723]
 [0.04386494 0.04877871 0.12295147 0.58426964 0.20013524]
 [0.0327534  0.04287213 0.08726518 0.64435854 0.19275075]]"
15,"[[0.52151146 0.0406987  0.05252334 0.16688967 0.21837683]
 [0.33720889 0.20090897 0.07807666 0.17583673 0.20796875]
 [0.00529094 0.98441045 0.00233863 0.00380032 0.00415967]
 [0.43199234 0.0893927  0.06899548 0.18306317 0.2265563 ]
 [0.46086486 0.06898025 0.06398602 0.1798108  0.22635807]]"
16,"[[9.16749623e-02 6.95234725e-02 2.38089887e-02 2.02373064e-02
  7.94755270e-01]
 [1.76855239e-02 2.61170350e-02 5.35979881e-03 4.61564151e-03
  9.46222001e-01]
 [9.67678873e-01 3.24716167e-03 1.14823632e-02 8.62466115e-03
  8.96694103e-03]
 [2.22209865e-03 9.77336583e-01 1.02934486e-03 9.24571078e-04
  1.84874024e-02]
 [1.03933802e-01 6.06787069e-03 6.31016965e-01 2.47096394e-01
  1.18849680e-02]]"
17,"[[0.00287661 0.00142922 0.98752541 0.00329007 0.00487869]
 [0.05521887 0.0331282  0.77257683 0.06056379 0.0785123 ]
 [0.09228777 0.0380335  0.56569201 0.11059462 0.1933921 ]
 [0.03538845 0.01618402 0.84155506 0.04129321 0.06557925]
 [0.11319881 0.07657093 0.5429819  0.12117805 0.14607031]]"
18,"[[0.00259491 0.00192949 0.97369008 0.00610811 0.01567741]
 [0.04417115 0.0979817  0.6241234  0.0827719  0.15095185]
 [0.04819922 0.48622147 0.26986891 0.07762168 0.11808871]
 [0.00235499 0.98310124 0.00694383 0.00328528 0.00431466]
 [0.00415975 0.00203898 0.94506619 0.01123519 0.03749988]]"
19,"[[2.52496015e-01 1.65041473e-01 3.26217604e-02 2.72837984e-02
  5.22556953e-01]
 [2.32264497e-01 1.84210347e-01 6.27152903e-02 1.93080773e-01
  3.27729093e-01]
 [3.78236037e-03 1.26511730e-03 8.99416662e-05 2.88979237e-05
  9.94833683e-01]
 [1.56408704e-01 3.48283337e-02 1.76284449e-03 4.77602780e-04
  8.06522515e-01]
 [2.71507613e-01 5.26625353e-02 2.43537252e-03 6.34827895e-04
  6.72759651e-01]]"
20,"[[3.34181152e-05 3.88482495e-05 3.97557957e-05 9.99867726e-01
  2.02522074e-05]
 [1.88520636e-01 2.55127423e-01 2.67817492e-01 2.10156163e-01
  7.83782873e-02]
 [6.34795393e-03 7.46614854e-03 7.65492318e-03 9.74807836e-01
  3.72313855e-03]
 [1.18011414e-01 1.47778046e-01 1.53082067e-01 5.22387711e-01
  5.87407619e-02]
 [1.93551568e-01 2.65490773e-01 2.79357173e-01 1.83431394e-01
  7.81690914e-02]]"
21,"[[1.23668463e-02 4.72599062e-02 6.58219788e-03 1.04088593e-02
  9.43757887e-03 1.63737864e-02 6.41016843e-03 8.46996398e-01
  3.29790842e-02 1.11851743e-02]
 [1.27542211e-02 9.05399776e-02 5.86959250e-03 1.02570749e-02
  9.08153733e-03 1.84003504e-02 5.68784237e-03 8.24874522e-01
  1.13081133e-02 1.12267685e-02]
 [1.01491172e-01 3.38248999e-01 2.14609672e-02 6.14456483e-02
  4.77059105e-02 2.96437002e-01 2.03623317e-02 3.18242995e-02
  6.01086685e-03 7.50128033e-02]
 [2.85290046e-02 6.73340158e-01 1.11064163e-02 2.17102481e-02
  1.86958720e-02 4.60466026e-02 1.07058742e-02 1.54723940e-01
  1.08508148e-02 2.42910693e-02]
 [3.18841558e-02 8.79262387e-02 1.88108598e-02 2.76777477e-02
  2.55150201e-02 3.99499522e-02 1.83881136e-02 3.95385199e-01
  3.25093762e-01 2.93689513e-02]
 [7.13082686e-03 4.56750263e-02 3.34959576e-03 5.77238830e-03
  5.12808260e-03 1.01576537e-02 3.24807793e-03 9.06058292e-01
  7.17856699e-03 6.30149008e-03]
 [6.54621937e-03 9.46121237e-01 2.27635105e-03 4.79082475e-03
  4.04823177e-03 1.15069934e-02 2.18700125e-03 1.54857857e-02
  1.59424100e-03 5.44311429e-03]
 [5.60198414e-04 2.67522379e-03 2.81121011e-04 4.63022374e-04
  4.15816101e-04 7.67014910e-04 2.73211190e-04 9.93166488e-01
  8.96669777e-04 5.01234356e-04]
 [1.72973545e-01 8.08279740e-03 6.22865858e-03 4.17005901e-02
  2.43204684e-02 6.70146853e-01 5.75947170e-03 2.07680763e-03
  5.60242326e-04 6.81505661e-02]
 [1.74624418e-02 6.27261044e-02 9.46208790e-03 1.47779464e-02
  1.34378606e-02 2.28926857e-02 9.22067007e-03 7.78346122e-01
  5.58291380e-02 1.58449432e-02]]"
22,"[[1.68256025e-01 4.07206321e-03 5.66239882e-03 5.64699159e-03
  8.11827466e-02 7.64620229e-02 1.56320189e-02 2.35434374e-02
  2.67334995e-03 6.16868946e-01]
 [4.98212713e-03 3.72978446e-05 3.73631625e-05 5.32589659e-05
  3.55211138e-04 3.39594451e-04 9.28247988e-05 1.31954905e-04
  2.37439311e-05 9.93946624e-01]
 [7.79562076e-01 4.81640065e-03 2.60210690e-03 7.38916826e-03
  1.51745724e-02 1.47166133e-02 5.57790102e-03 7.36774813e-03
  2.85378591e-03 1.59939627e-01]
 [9.66538325e-05 1.85846783e-05 3.54901901e-04 2.29587697e-05
  5.36438522e-04 5.63524959e-04 9.92842116e-01 5.42814090e-03
  1.39139594e-05 1.22766434e-04]
 [4.28498277e-03 2.49405283e-05 2.39008918e-05 3.57695518e-05
  2.17189370e-04 2.07946211e-04 5.86359641e-05 8.28060159e-05
  1.58055748e-05 9.95048023e-01]
 [1.81557199e-04 3.31897187e-03 2.98448077e-05 9.95524957e-01
  7.51262297e-05 7.41736046e-05 4.66354928e-05 5.39184173e-05
  5.47086514e-04 1.47728826e-04]
 [5.26170653e-02 5.64105687e-04 6.09702443e-04 7.99687393e-04
  6.29414586e-03 6.00081258e-03 1.54912504e-03 2.22853683e-03
  3.61831513e-04 9.28974987e-01]
 [1.45728894e-02 3.58943803e-03 3.42667230e-01 4.33421868e-03
  4.92725929e-02 5.07899330e-02 3.65846648e-01 1.48591613e-01
  2.76345822e-03 1.75719780e-02]
 [1.63289935e-01 1.49365166e-01 1.38703074e-02 3.52908412e-01
  4.43235262e-02 4.35713207e-02 2.39113505e-02 2.87234381e-02
  6.27716455e-02 1.17264898e-01]
 [3.14010116e-01 8.58341888e-02 1.57743178e-02 1.61951277e-01
  5.88918569e-02 5.77117099e-02 2.88860759e-02 3.55721098e-02
  4.24293444e-02 1.98939004e-01]]"
23,"[[9.68988345e-01 3.55643109e-04 1.67355823e-04 8.38931902e-03
  7.64170371e-04 2.01081027e-04 3.71487692e-04 2.59695197e-04
  2.38159015e-03 1.81213126e-02]
 [6.02919574e-02 1.12077877e-02 1.86518916e-03 2.33121473e-02
  3.65530114e-02 2.17165271e-03 1.19184846e-02 7.30020122e-03
  5.85138361e-01 2.60241208e-01]
 [1.47264524e-02 6.92835367e-04 1.85110393e-04 3.58078727e-03
  1.79925394e-03 2.18185763e-04 7.29930170e-04 4.78522317e-04
  9.69084925e-03 9.67898073e-01]
 [9.23636114e-01 8.29349591e-04 3.76679639e-04 1.73425504e-02
  1.79976095e-03 4.51966089e-04 8.66703661e-04 6.03737646e-04
  5.74565186e-03 4.83474866e-02]
 [6.24673354e-03 3.11716795e-01 9.16032770e-04 4.27250654e-03
  1.35887153e-01 1.02541801e-03 4.53116415e-01 5.65881108e-02
  2.09773201e-02 9.25351433e-03]
 [1.03437363e-02 2.82010438e-04 8.61045604e-05 1.96747610e-03
  6.95686811e-04 1.01899785e-04 2.96442450e-04 1.97607821e-04
  3.16375358e-03 9.82865282e-01]
 [1.75389484e-03 5.10545925e-01 3.23391587e-04 1.27581485e-03
  1.41423679e-02 3.58865886e-04 2.84438914e-01 1.80264969e-01
  4.48481370e-03 2.41104266e-03]
 [4.36885736e-01 3.17038776e-03 2.17933995e-03 4.66588612e-01
  6.20609915e-03 2.66178303e-03 3.29674403e-03 2.38559191e-03
  1.57084446e-02 6.09172625e-02]
 [4.89063673e-02 1.03607762e-03 3.33504389e-04 8.20063609e-03
  2.50758983e-03 3.95344892e-04 1.08817560e-03 7.29980069e-04
  1.07576360e-02 9.26044688e-01]
 [8.94914029e-03 1.48883996e-01 2.09766025e-03 6.90660155e-03
  3.87537085e-02 2.30408289e-03 1.31233905e-01 6.31084132e-01
  1.82842858e-02 1.15024876e-02]]"
24,"[[2.72249669e-02 7.77008570e-02 2.04755936e-02 4.52064103e-01
  7.95007383e-02 5.92830014e-02 2.35438862e-02 2.10016174e-01
  9.37257896e-03 4.08181011e-02]
 [4.52112315e-04 6.81393738e-04 9.71426843e-01 2.39971818e-03
  5.78139485e-03 6.20603658e-04 4.22676079e-04 3.09896116e-03
  2.59450069e-04 1.48568465e-02]
 [4.65396887e-02 5.73845793e-01 6.04930084e-03 3.32658904e-02
  1.47161259e-02 2.45883253e-01 3.63160285e-02 2.43063872e-02
  9.32124490e-03 9.75628729e-03]
 [2.24594523e-03 5.22671912e-03 3.35994000e-03 8.52155710e-01
  1.96386339e-02 4.23894868e-03 1.98538398e-03 1.02377463e-01
  8.83298509e-04 7.88795825e-03]
 [1.93596008e-01 4.83294457e-02 4.90274584e-03 1.17659972e-02
  8.09548569e-03 6.03521818e-02 2.91378398e-01 1.02892296e-02
  3.64792526e-01 6.49798248e-03]
 [6.15355392e-05 1.24752393e-04 1.88988153e-04 7.34759207e-03
  2.51729407e-03 1.05184153e-04 5.52913562e-05 9.88990714e-01
  2.68531664e-05 5.81795426e-04]
 [2.39563288e-02 7.32305543e-01 2.17083252e-03 1.06480749e-02
  5.03162229e-03 1.92276506e-01 1.80758492e-02 8.00379820e-03
  4.11156922e-03 3.41987635e-03]
 [2.93576123e-01 1.53434321e-01 2.19129283e-03 7.45927526e-03
  4.30499550e-03 3.76957704e-01 1.41579882e-01 6.09001566e-03
  1.12275137e-02 3.17887709e-03]
 [2.57048670e-01 3.13277057e-02 2.18856612e-03 5.74290833e-03
  3.78332963e-03 4.20402879e-02 5.97710758e-01 4.93923161e-03
  5.22468161e-02 2.97172689e-03]
 [5.27774765e-02 1.90935522e-01 2.33857051e-02 2.63692947e-01
  7.43954297e-02 1.34938945e-01 4.46217211e-02 1.56559297e-01
  1.59586077e-02 4.27343495e-02]]"
25,"[[7.52185729e-02 4.46134531e-01 1.37954395e-02 5.15217908e-03
  4.28939891e-02 2.65662294e-01 1.18637164e-01 6.47171091e-03
  8.33034788e-03 1.77037721e-02]
 [6.13904833e-01 4.26332567e-03 6.93214065e-03 4.12172555e-04
  2.62818255e-01 3.66221857e-03 9.16023215e-02 1.94045342e-03
  2.86659113e-03 1.15976880e-02]
 [7.07854026e-02 4.36780405e-02 1.28710428e-01 1.89418942e-02
  8.05823754e-02 4.21079773e-02 6.55160652e-02 2.48532304e-01
  1.89031426e-01 1.12114087e-01]
 [3.25704117e-03 1.06820254e-03 3.77304178e-02 2.58430490e-04
  4.74511047e-03 9.93710423e-04 2.65412243e-03 4.32618354e-02
  8.89102980e-01 1.69281493e-02]
 [1.31590383e-01 2.97739148e-01 1.98363016e-02 5.98333476e-03
  6.88324579e-02 2.01462087e-01 2.28098872e-01 8.90850682e-03
  1.16130345e-02 2.59358752e-02]
 [2.94763509e-02 1.41355642e-02 8.77002351e-02 4.65062954e-03
  3.65580987e-02 1.34155371e-02 2.60302898e-02 5.04941423e-01
  2.16623761e-01 6.64681104e-02]
 [3.95462251e-03 1.46507532e-03 2.58013094e-02 3.86839432e-04
  5.44507613e-03 1.37109077e-03 3.31109706e-03 4.10986798e-01
  5.32442306e-01 1.48357858e-02]
 [2.00728133e-01 6.47095770e-02 1.53742775e-02 2.81998756e-03
  7.51177708e-02 5.02287313e-02 5.55405124e-01 6.14366422e-03
  8.27697262e-03 2.11957613e-02]
 [5.09870852e-02 6.89976661e-03 1.29968639e-01 1.07942340e-03
  1.39289546e-01 6.20563238e-03 3.27258652e-02 1.36192389e-02
  2.45080902e-02 5.94716713e-01]
 [6.09851363e-02 7.90901748e-03 1.31249664e-01 1.21919507e-03
  1.74254756e-01 7.10436161e-03 3.86189710e-02 1.47308008e-02
  2.62083458e-02 5.37719751e-01]]"
26,"[[5.01982853e-03 1.56397656e-03 3.42244680e-03 9.26660433e-03
  9.55311866e-01 3.60434034e-03 4.10845260e-03 3.82360934e-03
  1.83665581e-03 1.20422195e-02]
 [4.56933709e-02 5.92760745e-03 1.15248003e-02 1.10561085e-01
  7.04120071e-01 1.20252767e-02 3.50035877e-02 3.18782312e-02
  1.28777165e-02 3.03882534e-02]
 [3.66613153e-03 7.61309785e-04 1.56570887e-03 7.52676115e-03
  9.73325932e-01 1.64079362e-03 2.91964271e-03 2.69268912e-03
  1.20053931e-03 4.70049173e-03]
 [8.71917982e-06 1.30244391e-04 9.69348139e-01 1.12346249e-05
  2.57610291e-05 3.03240514e-02 7.94620216e-06 7.67665617e-06
  5.20286743e-06 1.31025013e-04]
 [1.30193421e-02 4.83299761e-03 1.09165193e-02 2.31319116e-02
  8.68825335e-01 1.15264856e-02 1.07658024e-02 1.00540997e-02
  4.97278997e-03 4.19547167e-02]
 [7.92495565e-03 1.51717657e-03 3.08671054e-03 1.66794039e-02
  9.43950586e-01 3.23201049e-03 6.27275848e-03 5.77353839e-03
  2.53301909e-03 9.02984085e-03]
 [1.07250874e-01 7.33009393e-03 1.34693027e-02 3.62810719e-01
  2.94787072e-01 1.39949858e-02 7.67500240e-02 6.84207382e-02
  2.36602649e-02 3.15259259e-02]
 [1.51439272e-07 3.12918469e-07 1.28660790e-06 2.14806275e-07
  7.94449128e-07 1.44013672e-06 1.33768636e-07 1.27800530e-07
  7.76210465e-08 9.99995460e-01]
 [8.31450487e-03 2.79768870e-03 6.20548503e-03 1.50852859e-02
  9.22086886e-01 6.54247028e-03 6.83650012e-03 6.37239404e-03
  3.10119704e-03 2.26575879e-02]
 [6.04959209e-02 6.92786143e-03 1.33011120e-02 1.54383656e-01
  6.13230920e-01 1.38655120e-02 4.58010567e-02 4.15552230e-02
  1.63173827e-02 3.41213552e-02]]"
27,"[[1.42386314e-01 3.71861840e-01 4.93019631e-03 2.80530155e-02
  1.83013091e-02 1.70117989e-02 4.58054741e-02 2.07032721e-01
  1.23786586e-02 1.52238672e-01]
 [5.61312972e-02 1.05046099e-01 4.58745925e-03 1.58116776e-02
  1.09640925e-02 1.02873508e-02 6.22176178e-02 6.63382545e-01
  1.27406053e-02 5.88312553e-02]
 [1.61588454e-02 2.07166484e-02 1.77760033e-02 8.43633957e-03
  6.74014805e-03 6.47154001e-03 6.88422093e-01 8.37005656e-02
  1.35088131e-01 1.64896853e-02]
 [3.85063770e-04 5.14932686e-04 2.41990494e-04 1.84538110e-04
  1.44076679e-04 1.37799375e-04 9.93635203e-01 3.12579144e-03
  1.23639208e-03 3.94212841e-04]
 [8.24785438e-03 1.14613372e-02 3.49406503e-03 3.67272879e-03
  2.81404882e-03 2.68304190e-03 8.32975085e-01 1.11422999e-01
  1.47607148e-02 8.46812480e-03]
 [2.79144732e-03 3.69226615e-03 1.99771725e-03 1.36714217e-03
  1.07351449e-03 1.02772741e-03 9.54196650e-01 1.99823561e-02
  1.10157743e-02 2.85540446e-03]
 [3.25025406e-01 1.02977336e-01 1.57508303e-04 3.17002487e-03
  1.65062079e-03 1.48618688e-03 8.88583601e-04 2.14000537e-03
  3.38513270e-04 5.62165815e-01]
 [1.12093332e-01 2.43500767e-01 5.85380762e-03 2.64990613e-02
  1.78050831e-02 1.66248946e-02 6.33291706e-02 3.80378678e-01
  1.53323761e-02 1.18582829e-01]
 [3.30715205e-01 1.06999118e-01 1.76836606e-03 1.48656773e-01
  5.05353452e-02 4.32716475e-02 7.84040138e-03 1.53758404e-02
  3.49107788e-03 2.91346225e-01]
 [1.36407311e-03 1.55052421e-03 9.69106276e-01 9.41084504e-04
  8.18125463e-04 7.97131492e-04 4.50530614e-03 2.76608916e-03
  1.67725892e-02 1.37880082e-03]]"
28,"[[2.28131004e-02 5.03249540e-01 3.40384313e-02 3.90065018e-02
  7.71575264e-03 3.46178795e-02 1.04177823e-01 3.87984718e-02
  1.57920693e-02 1.99790431e-01]
 [1.25341184e-01 1.43048254e-03 6.84076636e-04 7.23241314e-04
  7.99466429e-03 2.37484668e-02 1.01388490e-03 1.84361949e-02
  8.16578758e-01 4.04904696e-03]
 [2.50538011e-03 8.22767892e-01 1.44300122e-02 1.78458329e-02
  1.02887679e-03 3.44017409e-03 1.21686364e-01 3.74107778e-03
  1.87065965e-03 1.06837309e-02]
 [9.33957947e-01 5.67719326e-04 2.56713188e-04 2.72360962e-04
  1.85026996e-03 1.83269230e-02 3.90926634e-04 1.26108424e-02
  2.99368233e-02 1.82947377e-03]
 [2.24618255e-03 2.65591335e-03 6.36641780e-04 6.98672814e-04
  4.91056739e-04 4.55639069e-03 1.28274162e-03 5.64264660e-03
  1.28999291e-03 9.80499761e-01]
 [8.01193642e-04 4.23272174e-05 1.62441837e-05 1.74028647e-05
  4.59856265e-05 2.78187820e-02 2.67202894e-05 9.70790058e-01
  2.24120407e-04 2.17165301e-04]
 [2.54307458e-01 2.19632655e-03 1.04030359e-03 1.10052817e-03
  1.10840664e-02 4.02187878e-02 1.54906167e-03 3.07336718e-02
  6.51418835e-01 6.35096104e-03]
 [8.93343865e-01 8.31064006e-04 3.62249018e-04 3.85192800e-04
  2.01762054e-03 4.96270444e-02 5.61405621e-04 2.95775276e-02
  2.03578159e-02 2.93621527e-03]
 [9.20279091e-01 6.78518167e-04 3.07330065e-04 3.26029402e-04
  2.24350383e-03 2.13876589e-02 4.67629374e-04 1.47893772e-02
  3.73432185e-02 2.17764328e-03]
 [2.95374476e-01 2.61235919e-03 1.09243369e-03 1.16451934e-03
  4.73168262e-03 4.55578964e-01 1.72658703e-03 1.93148191e-01
  3.42520724e-02 1.03187151e-02]]"
29,"[[1.72501852e-01 4.23026010e-02 1.92876101e-02 1.92836165e-02
  2.87085298e-01 1.98547838e-01 2.10814828e-02 1.64805549e-01
  5.97528717e-02 1.53512803e-02]
 [1.14253653e-02 1.41960330e-01 5.03227462e-03 5.02967094e-03
  6.93935057e-03 9.69634856e-03 6.33462889e-03 1.21197441e-02
  7.98494574e-01 2.96771322e-03]
 [2.41958782e-01 8.26803714e-04 2.04957206e-04 2.04891600e-04
  9.70230279e-03 4.97182299e-02 2.35573028e-04 6.95147043e-01
  1.85593151e-03 1.45485162e-04]
 [1.16147834e-01 9.50872302e-03 3.36831730e-03 3.36744798e-03
  5.74379871e-01 1.67058679e-01 3.76553568e-03 1.04057501e-01
  1.58022750e-02 2.54381563e-03]
 [5.58950892e-01 6.38550825e-05 1.65716255e-05 1.65664429e-05
  1.17001223e-03 1.04936798e-02 1.89840599e-05 4.29120489e-01
  1.37101104e-04 1.18487131e-05]
 [6.87806114e-03 4.56426524e-02 1.81379564e-01 1.81033843e-01
  5.33968170e-03 6.34998615e-03 5.05314821e-01 7.07267746e-03
  2.04170935e-02 4.05716200e-02]
 [1.39194740e-01 8.19491119e-02 1.13768847e-02 1.13723346e-02
  6.12067867e-02 1.04629010e-01 1.35597685e-02 1.54935357e-01
  4.14299475e-01 7.47653140e-03]
 [1.50284204e-02 2.69488004e-01 7.51707463e-03 7.51308348e-03
  9.27876528e-03 1.28288931e-02 9.52324824e-03 1.59064787e-02
  6.48536351e-01 4.37968177e-03]
 [1.14026201e-02 1.41432757e-01 5.01906126e-03 5.01646474e-03
  6.92495127e-03 9.67675375e-03 6.31780030e-03 1.20957551e-02
  7.99153741e-01 2.96009519e-03]
 [1.76376326e-02 1.70236227e-01 1.67779845e-01 1.67566852e-01
  1.33464945e-02 1.61461358e-02 3.12158390e-01 1.81920549e-02
  6.16369889e-02 5.52993797e-02]]"
30,"[[0.1326158  0.02775832 0.25226621 0.21758789 0.02846877 0.08599815
  0.0300146  0.04429361 0.07521666 0.10578001]
 [0.1837251  0.02358025 0.53753076 0.06431952 0.02429669 0.03225308
  0.02587281 0.04153031 0.0290082  0.03788329]
 [0.13416071 0.06702463 0.05513282 0.00626813 0.07265157 0.00433134
  0.0866619  0.56495185 0.00407103 0.00474603]
 [0.021013   0.00657817 0.03144615 0.63239887 0.00671438 0.08807876
  0.00700746 0.00953008 0.0706024  0.12663073]
 [0.18169459 0.02690423 0.45881698 0.09258577 0.02768711 0.04441507
  0.02940431 0.04612763 0.03972823 0.05263608]
 [0.04979587 0.01401143 0.07883863 0.45913171 0.01432103 0.10976001
  0.01498927 0.0208556  0.09148446 0.14681199]
 [0.82629804 0.00344953 0.14874823 0.00192082 0.0036039  0.00118822
  0.0039549  0.0084025  0.00109895 0.00133491]
 [0.09724939 0.02330248 0.16917746 0.30342542 0.02386308 0.1030003
  0.02507856 0.03605532 0.08865712 0.13019087]
 [0.14726651 0.02880404 0.29414567 0.18430524 0.02956239 0.07684871
  0.03121522 0.04665008 0.06761597 0.09358619]
 [0.00429958 0.00146544 0.00617117 0.86334167 0.00149409 0.03554511
  0.00155556 0.00207615 0.0269382  0.05711303]]"
31,"[[1.58469043e-02 9.14071510e-03 9.51395981e-03 3.99652932e-03
  2.33278928e-03 9.00609796e-01 4.92397222e-03 2.07029057e-02
  9.16417532e-03 2.37682530e-02]
 [1.86683709e-03 1.30096964e-04 1.32280445e-04 5.01300181e-02
  2.14356377e-03 3.34298828e-04 9.43704004e-01 1.76047976e-04
  1.30236483e-04 1.25261606e-03]
 [3.25026651e-01 6.74921416e-03 6.88121005e-03 1.36792034e-01
  3.34232113e-02 2.13264578e-02 3.03069318e-01 9.63894705e-03
  6.75763226e-03 1.50335325e-01]
 [1.48251756e-02 2.52766320e-02 2.66420840e-02 4.81017020e-03
  2.99618560e-03 7.93780413e-01 5.75373799e-03 8.05163164e-02
  2.53616984e-02 2.00375864e-02]
 [5.07397295e-02 2.02322528e-02 2.09965981e-02 1.14456740e-02
  6.51160323e-03 7.32684864e-01 1.42730794e-02 4.26338848e-02
  2.02803952e-02 8.02019187e-02]
 [2.10822251e-01 6.35867345e-04 6.51247080e-04 2.48054258e-03
  1.02823877e-03 2.99409338e-03 3.66627129e-03 9.96460144e-04
  6.36845073e-04 7.76088183e-01]
 [2.00423756e-02 1.11037033e-04 1.13773278e-04 3.89151281e-04
  1.65365466e-04 5.46222466e-04 5.66672061e-04 1.75637280e-04
  1.11210928e-04 9.77778555e-01]
 [6.90606413e-02 2.36561315e-02 2.45238304e-02 1.48161983e-02
  8.33707514e-03 6.56794702e-01 1.85732314e-02 4.85979468e-02
  2.37108245e-02 1.11929418e-01]
 [6.10497658e-01 4.80644488e-03 4.90662158e-03 5.29844994e-02
  1.62933844e-02 1.68392024e-02 9.61540246e-02 7.04094078e-03
  4.81282804e-03 1.85664396e-01]
 [6.91474014e-01 3.66672354e-03 3.74450140e-03 3.49495868e-02
  1.12827430e-02 1.32463796e-02 6.11165584e-02 5.41103478e-03
  3.67167821e-03 1.71436781e-01]]"
32,"[[6.19294781e-02 1.20479467e-01 3.46165713e-02 1.43679123e-01
  6.86807260e-03 1.52140304e-02 4.46135930e-02 1.37582501e-02
  5.52949922e-01 5.89149300e-03]
 [6.86251250e-03 3.09081373e-01 2.15501238e-02 1.15701826e-02
  2.43508952e-03 6.60397561e-03 3.27626565e-02 5.78641184e-03
  6.01318301e-01 2.02937345e-03]
 [6.95005922e-04 9.66513539e-01 4.38859483e-03 1.10079223e-03
  3.57719273e-04 1.07347067e-03 7.58743843e-03 9.24877790e-04
  1.70643662e-02 2.94195847e-04]
 [2.20969484e-03 8.89170929e-01 1.19889856e-02 3.54079787e-03
  1.05450747e-03 3.09382398e-03 2.00621241e-02 2.67575619e-03
  6.53336231e-02 8.69757764e-04]
 [1.05739162e-01 1.10013341e-01 3.67529282e-02 2.90007674e-01
  8.08248796e-03 1.71848394e-02 4.62288739e-02 1.56351971e-02
  3.63378641e-01 6.97685462e-03]
 [5.39663423e-03 4.37296486e-01 1.22137345e-01 7.98352134e-03
  4.69285168e-03 1.70702401e-02 3.30920403e-01 1.42156246e-02
  5.65158707e-02 3.77102299e-03]
 [9.36813305e-02 1.16160258e-01 3.73334145e-02 2.43472723e-01
  7.98597334e-03 1.71700817e-02 4.72600380e-02 1.55961355e-02
  4.14458355e-01 6.88169003e-03]
 [2.31549583e-03 9.85975419e-03 2.60183381e-02 2.87845545e-03
  5.69913045e-02 2.60985240e-01 1.93244233e-02 5.84206201e-01
  6.44561682e-03 3.09751712e-02]
 [1.53811775e-04 2.10284396e-03 2.88907866e-04 2.76496000e-04
  3.99618982e-05 1.01200808e-04 4.11012711e-04 8.96525732e-05
  9.96502494e-01 3.36185209e-05]
 [5.05960343e-03 3.11155918e-01 1.43401985e-01 7.42545461e-03
  4.73171831e-03 1.77836214e-02 4.43068837e-01 1.47203847e-02
  4.88642615e-02 3.78821661e-03]]"
33,"[[0.31908978 0.02930946 0.00182571 0.10018431 0.13083692 0.00363501
  0.02211    0.0058103  0.27220188 0.11499664]
 [0.00832638 0.01901274 0.59126636 0.00738636 0.01305954 0.24518099
  0.02148837 0.0727286  0.00821908 0.01333157]
 [0.00778689 0.01957248 0.15907477 0.00683471 0.01279893 0.64963974
  0.02253258 0.10098505 0.00767744 0.01309741]
 [0.02691247 0.04582246 0.52096395 0.02475635 0.03632014 0.14121771
  0.04924847 0.09128408 0.02667219 0.03680218]
 [0.00185906 0.00709328 0.00492809 0.0015674  0.00369604 0.05930723
  0.00896979 0.90693213 0.00182464 0.00382234]
 [0.00674239 0.0128383  0.84275904 0.00611271 0.00964789 0.05970926
  0.01405097 0.0316643  0.00667154 0.00980359]
 [0.00288677 0.00778059 0.03366997 0.00251514 0.00490566 0.87917191
  0.00908438 0.05211277 0.00284385 0.00502897]
 [0.00122405 0.00243913 0.96718344 0.00110348 0.00179291 0.01389957
  0.00269023 0.00663282 0.00121043 0.00182394]
 [0.0044179  0.00968077 0.8265373  0.00393776 0.00678899 0.09338621
  0.01085851 0.03310614 0.00436326 0.00692316]
 [0.00121401 0.00548111 0.00215334 0.00100952 0.0025903  0.01585679
  0.00725239 0.96056282 0.00118965 0.00269008]]"
34,"[[6.30634207e-04 1.46798066e-01 1.51715208e-03 1.59563811e-03
  1.66578263e-03 1.40666873e-02 5.87677668e-04 7.46995006e-01
  5.04408520e-03 8.10992709e-02]
 [2.06337701e-03 1.46494794e-02 1.02236646e-03 1.05724636e-03
  1.08769123e-03 8.04598716e-02 1.86145695e-03 7.79403279e-03
  8.72361371e-01 1.76431077e-02]
 [9.01672463e-03 1.52231903e-01 8.19369638e-02 8.87575747e-02
  9.51129326e-02 6.89043964e-02 8.51448444e-03 3.24176714e-01
  3.96951713e-02 1.31653135e-01]
 [6.04563644e-03 1.62903197e-01 3.41071296e-02 3.64709465e-02
  3.86334430e-02 5.94281593e-02 5.68732481e-03 4.91453389e-01
  3.10141767e-02 1.34256597e-01]
 [4.67802055e-03 3.79263286e-02 2.32209992e-01 2.73482649e-01
  3.16897813e-01 2.28259715e-02 4.45323596e-03 5.73818589e-02
  1.53975517e-02 3.47465788e-02]
 [9.01303424e-03 1.03448663e-01 1.55747649e-01 1.72698467e-01
  1.89029213e-01 5.48304537e-02 8.54401480e-03 1.79921037e-01
  3.43239089e-02 9.24435589e-02]
 [1.43437304e-05 9.63583226e-01 2.43899189e-05 2.55252419e-05
  2.65328953e-05 6.11216371e-04 1.32981376e-05 1.28913200e-03
  1.53608061e-04 3.42587280e-02]
 [1.57468209e-03 8.97557666e-02 5.67080015e-03 6.00577776e-03
  6.30809509e-03 2.18950974e-02 1.47473101e-03 7.90611752e-01
  9.84798459e-03 6.68553137e-02]
 [9.17929219e-03 1.08617161e-01 1.48746234e-01 1.64490148e-01
  1.79599408e-01 5.68937240e-02 8.69871580e-03 1.91561773e-01
  3.53821777e-02 9.68313669e-02]
 [3.11720616e-03 2.31087258e-02 2.41356886e-01 2.95120444e-01
  3.54931873e-01 1.43384017e-02 2.97099972e-03 3.39028476e-02
  9.85845051e-03 2.12941660e-02]]"
35,"[[6.05301274e-01 3.48739909e-03 1.15416743e-03 1.43432060e-01
  1.19673870e-03 5.89960287e-03 1.42239999e-01 1.09030841e-02
  5.46380122e-03 8.09218732e-02]
 [6.72817619e-03 2.27484762e-04 6.00831219e-05 9.83723671e-04
  6.26295664e-05 4.59170916e-04 9.80314962e-04 1.15693599e-03
  1.33652425e-04 9.89207828e-01]
 [1.42301249e-02 1.12196019e-02 1.78329029e-03 6.05188714e-03
  1.87749393e-03 4.02830330e-02 6.04006274e-03 8.87655107e-01
  1.56768343e-03 2.92917155e-02]
 [7.43821739e-03 1.90908562e-01 5.58553031e-03 4.39863290e-03
  5.99841303e-03 7.13161840e-01 4.39292292e-03 5.56679791e-02
  1.63404952e-03 1.08138531e-02]
 [5.84973690e-02 2.74119369e-02 4.98149639e-03 2.23625870e-02
  5.23210979e-03 8.18732757e-02 2.23146493e-02 6.33301092e-01
  5.27652208e-03 1.38748962e-01]
 [6.03690173e-03 2.01816005e-04 5.33489358e-05 8.77451384e-04
  5.56089212e-05 4.07059179e-04 8.74405380e-04 1.02413681e-03
  1.18939325e-04 9.90350332e-01]
 [4.87651622e-02 2.52814956e-03 6.44342204e-04 8.81001277e-03
  6.72177376e-04 5.26569693e-03 8.78158908e-03 1.41408422e-02
  1.30864206e-03 9.09083386e-01]
 [5.49334571e-03 1.09242173e-01 3.80022024e-03 3.21511854e-03
  4.07561075e-03 8.17212860e-01 3.21087336e-03 4.45106831e-02
  1.17853839e-03 8.06057739e-03]
 [2.11539282e-02 4.64712700e-01 1.22767608e-01 1.47553208e-02
  1.40123545e-01 1.25763431e-01 1.47416503e-02 6.21995768e-02
  6.94942064e-03 2.68328190e-02]
 [9.13098475e-03 3.90700041e-01 7.91730808e-03 5.49360951e-03
  8.52396527e-03 4.97282276e-01 5.48668356e-03 6.03034866e-02
  2.08757086e-03 1.30740744e-02]]"
36,"[[1.45510880e-02 2.15247107e-02 2.81427078e-02 3.55511753e-02
  4.96109723e-03 9.32907668e-04 3.44198269e-03 1.06149615e-03
  8.82573449e-01 7.25938559e-03]
 [2.61111745e-02 2.23721509e-02 8.27126633e-03 1.93124695e-02
  5.27105795e-03 2.35939599e-01 9.55315342e-02 5.34161210e-01
  1.34402376e-02 3.95892995e-02]
 [3.17222563e-02 2.46454704e-02 5.99319385e-03 1.95888455e-02
  3.40472617e-03 2.09156138e-02 7.85620332e-01 2.90654991e-02
  1.15193885e-02 6.75246743e-02]
 [1.31124074e-02 1.67930522e-02 8.38850091e-01 2.24499186e-02
  2.18172847e-02 1.52717534e-03 4.58475399e-03 1.71066018e-03
  7.10518746e-02 8.10278214e-03]
 [4.99804435e-02 7.28077787e-01 1.32773639e-03 2.03774812e-01
  4.74847664e-04 2.85024081e-04 1.72445923e-03 3.34853870e-04
  7.29334776e-03 6.72668864e-03]
 [5.23102269e-02 4.37521335e-02 1.44385078e-02 3.69823693e-02
  8.89134864e-03 1.72944525e-01 2.64165777e-01 2.96257313e-01
  2.46061551e-02 8.56516441e-02]
 [1.17875016e-02 6.18584397e-03 5.38606864e-04 3.75921619e-03
  2.54620619e-04 4.17962297e-04 7.42874712e-03 5.15416831e-04
  1.43615933e-03 9.67675925e-01]
 [1.79445272e-03 1.57104742e-03 6.47602308e-04 1.38254152e-03
  4.27527869e-04 9.12131917e-02 5.12538540e-03 8.94286662e-01
  1.00389689e-03 2.54769210e-03]
 [3.03608488e-01 9.79933939e-02 4.35454356e-03 4.70515018e-02
  1.91298128e-03 2.25230290e-03 2.45673075e-02 2.72543758e-03
  1.35899546e-02 5.01944089e-01]
 [4.84709894e-02 4.07363582e-02 1.37428616e-02 3.45766510e-02
  8.51773264e-03 1.88993964e-01 2.28485558e-01 3.35134748e-01
  2.32080611e-02 7.81330758e-02]]"
37,"[[2.78812706e-05 1.35025995e-05 6.98467082e-06 9.96267825e-01
  1.09789624e-04 3.42208171e-03 8.29474675e-06 2.41379562e-05
  8.53473937e-05 3.41546894e-05]
 [3.51011668e-02 2.80659704e-03 1.67282172e-03 4.83919334e-02
  1.08383564e-02 3.31150991e-02 1.92117519e-03 4.28474349e-03
  8.56442043e-01 5.42606382e-03]
 [5.38928753e-03 9.31007554e-03 3.96288666e-03 6.81204150e-02
  7.17465967e-01 1.19651169e-01 4.91380169e-03 2.16342562e-02
  1.13055589e-02 3.82465827e-02]
 [5.15025660e-03 4.74647065e-03 2.25386993e-03 1.85462709e-01
  7.61978519e-02 6.86915839e-01 2.72892888e-03 9.45105032e-03
  1.25324475e-02 1.45605764e-02]
 [3.73510737e-02 8.09788839e-03 4.52756036e-03 4.60505790e-01
  4.20450466e-02 2.24142279e-01 5.28009506e-03 1.32369076e-02
  1.87257724e-01 1.75556352e-02]
 [2.73109658e-03 2.11150780e-02 6.03659103e-03 1.37899618e-02
  1.05469624e-01 1.77989417e-02 8.09581604e-03 1.10026482e-01
  4.71639777e-03 7.10220011e-01]
 [1.99404040e-03 1.57061513e-03 7.63264048e-04 1.14599728e-01
  2.04194286e-02 8.47051254e-01 9.19376574e-04 3.03438392e-03
  5.08688042e-03 4.56102890e-03]
 [2.05887476e-03 1.78899408e-01 1.56969195e-02 6.85504474e-03
  2.05324032e-02 8.08537082e-03 2.49265786e-02 6.26985094e-01
  3.17454446e-03 1.12785762e-01]
 [1.96316221e-01 3.34803205e-03 2.10801091e-03 3.05794392e-02
  1.04092027e-02 2.37806085e-02 2.38863853e-03 4.83718302e-03
  7.20320222e-01 5.91244244e-03]
 [3.01615476e-02 7.23197536e-03 4.01016265e-03 5.16085019e-01
  3.91754690e-02 2.31396423e-01 4.68584454e-03 1.19302545e-02
  1.39399036e-01 1.59242683e-02]]"
38,"[[0.00958446 0.03420131 0.4136043  0.01325997 0.0548766  0.01620194
  0.15311342 0.01088487 0.28610301 0.00817012]
 [0.0172821  0.45896875 0.15117737 0.02216379 0.05806818 0.02571775
  0.10054232 0.0190736  0.13176584 0.01524032]
 [0.00926505 0.75608438 0.06273121 0.01166543 0.02780325 0.01337376
  0.04466324 0.01015369 0.0560196  0.00824038]
 [0.01817324 0.1540201  0.27890901 0.02409914 0.07610575 0.02859626
  0.15599249 0.02031337 0.22800611 0.01578451]
 [0.01693804 0.11896674 0.30280595 0.02263358 0.07482381 0.02699738
  0.16061941 0.0189874  0.24256629 0.0146614 ]
 [0.01937276 0.29854321 0.20898532 0.02518295 0.07097597 0.02948424
  0.1308069  0.02149128 0.17817871 0.01697866]
 [0.00859869 0.02852257 0.43059546 0.01195033 0.05104673 0.01464856
  0.14861172 0.00978189 0.28892868 0.00731536]
 [0.00835171 0.02720674 0.43508814 0.01162047 0.05004244 0.01425582
  0.14732368 0.00950501 0.28950429 0.0071017 ]
 [0.008511   0.77854831 0.05661815 0.01070157 0.02533485 0.012258
  0.04049111 0.00932249 0.05064001 0.0075745 ]
 [0.01840361 0.39371444 0.17335299 0.02371854 0.06379334 0.02761153
  0.11290561 0.02034952 0.14995773 0.01619269]]"
39,"[[7.89469913e-02 3.31769057e-02 1.27653524e-02 1.31834631e-02
  1.44368743e-02 2.55029627e-01 1.52374986e-01 2.48335891e-01
  1.17847744e-01 7.39021645e-02]
 [4.81412576e-02 6.69068122e-03 4.84126263e-03 5.02300432e-03
  5.57532560e-03 3.76648199e-01 1.36354806e-01 3.54906867e-01
  1.80377759e-02 4.37808212e-02]
 [7.91589972e-02 3.49912383e-02 1.30346315e-02 1.34588744e-02
  1.47299216e-02 2.49648527e-01 1.50998393e-01 2.43268879e-01
  1.26536960e-01 7.41735775e-02]
 [5.25105364e-04 8.52573729e-08 2.67465313e-07 2.82712435e-07
  3.31717731e-07 2.49123904e-06 5.77145008e-06 2.57100076e-06
  1.64995319e-07 9.99462929e-01]
 [7.55862629e-02 2.38845012e-02 1.09687676e-02 1.13410783e-02
  1.24609824e-02 2.84831978e-01 1.57049255e-01 2.76038328e-01
  7.75079808e-02 7.03308659e-02]
 [1.04623887e-02 3.21352491e-04 4.31953253e-04 4.50962834e-04
  5.09814295e-04 3.61956654e-01 1.53600360e-01 4.62710776e-01
  7.26025775e-04 8.82971263e-03]
 [7.50347486e-02 6.22604983e-04 1.17108618e-03 1.22786846e-03
  1.40593748e-03 6.31700002e-02 7.32671959e-01 6.74429372e-02
  1.31050671e-03 5.59423511e-02]
 [3.43165580e-01 1.95635480e-03 9.04293590e-03 9.63230472e-03
  1.15720240e-02 3.48868839e-02 6.21734645e-02 3.56987851e-02
  3.60457112e-03 4.88267096e-01]
 [5.69836206e-02 6.96245939e-02 1.27530301e-02 1.31200946e-02
  1.42081071e-02 1.27823941e-01 9.12825464e-02 1.25713977e-01
  4.34267748e-01 5.42223404e-02]
 [9.82495470e-02 6.07729234e-03 1.67227730e-01 1.89910060e-01
  2.82057843e-01 4.21330856e-02 5.53013320e-02 4.26256974e-02
  9.83610675e-03 1.06581306e-01]]"
40,"[[2.69791273e-02 2.66957584e-02 1.88301472e-01 7.13451784e-02
  3.06315771e-01 3.04085390e-02 3.37746778e-02 2.12983557e-02
  4.74886212e-02 2.47392500e-01]
 [4.17380233e-03 4.14580637e-03 2.79597739e-01 7.32604983e-03
  1.36880938e-02 7.45662992e-02 9.84363200e-02 3.34043706e-02
  3.06192438e-01 1.78469080e-01]
 [8.39373110e-03 8.28070016e-03 1.41072646e-02 3.28864647e-02
  9.03666874e-01 3.75393695e-03 4.08513653e-03 2.80068184e-03
  5.34201195e-03 1.66831979e-02]
 [1.58770969e-02 1.57269701e-02 2.75582506e-01 3.71634501e-02
  1.17607072e-01 2.84660094e-02 3.20806077e-02 1.90909008e-02
  4.75986389e-02 4.10806748e-01]
 [2.17187480e-06 2.15531516e-06 9.98281758e-01 4.17700953e-06
  9.02277253e-06 1.31354175e-05 1.57169743e-05 7.45945836e-06
  2.97237039e-05 1.63467954e-03]
 [3.88274616e-03 3.85710785e-03 2.10198181e-01 6.74643486e-03
  1.24165534e-02 8.22691880e-02 1.10972877e-01 3.51607813e-02
  3.93893211e-01 1.40602920e-01]
 [2.70154399e-02 2.67006940e-02 9.60179907e-02 8.24241249e-02
  5.61838191e-01 2.02186466e-02 2.22277844e-02 1.46121556e-02
  3.01240556e-02 1.18820917e-01]
 [1.50865598e-02 1.49447819e-02 2.79388286e-01 3.50832469e-02
  1.09414441e-01 2.78465949e-02 3.14149712e-02 1.86189252e-02
  4.67925548e-02 4.21409638e-01]
 [1.34433677e-02 1.33186353e-02 2.86476000e-01 3.08467726e-02
  9.34111618e-02 2.63800234e-02 2.98267959e-02 1.75237638e-02
  4.48022190e-02 4.43971261e-01]
 [4.68837671e-03 4.64803924e-03 2.88008252e-01 9.99084315e-03
  2.59828557e-02 1.35401015e-02 1.55532500e-02 8.59447300e-03
  2.48332730e-02 6.04160536e-01]]"
41,"[[3.05691871e-02 2.27066976e-02 4.18898503e-02 6.43239822e-02
  2.03635802e-02 9.76563519e-03 2.95183859e-02 5.77618613e-02
  2.29461133e-02 3.06987885e-01 1.81587265e-02 8.06891189e-02
  2.61571902e-01 9.16752236e-03 2.35795516e-02]
 [4.20746968e-03 3.43960218e-03 8.21647898e-02 6.66430713e-03
  1.89158125e-02 1.84837966e-03 3.76381182e-02 2.07345507e-01
  3.46470316e-03 2.49080896e-01 1.55955184e-02 7.56603023e-03
  3.31989671e-01 5.57179565e-03 2.45073990e-02]
 [3.13952407e-02 2.32874056e-02 4.20832867e-02 6.63673762e-02
  2.05310859e-02 9.98511729e-03 2.97110989e-02 5.79091481e-02
  2.35340331e-02 3.02270367e-01 1.83165227e-02 8.34010112e-02
  2.58181619e-01 9.26811282e-03 2.37585751e-02]
 [4.12004103e-02 3.00283401e-02 4.27070838e-02 9.23474772e-02
  2.16730486e-02 1.24063059e-02 3.07848141e-02 5.74729047e-02
  3.03637611e-02 2.49535245e-01 1.94345886e-02 1.18768880e-01
  2.18284828e-01 1.00864875e-02 2.49058261e-02]
 [5.41932820e-01 8.92725435e-02 2.13438602e-03 1.60618304e-01
  1.45152628e-03 8.41408272e-03 1.78451417e-03 2.48196224e-03
  9.34287862e-02 4.46687234e-03 1.35724188e-03 8.59201667e-02
  4.27825792e-03 8.80445999e-04 1.57809042e-03]
 [1.05048112e-03 8.74288156e-04 8.34266146e-02 1.58664169e-03
  9.37588399e-03 4.91859651e-04 2.37715715e-02 8.02901566e-01
  8.80124212e-04 2.36162751e-02 7.34950716e-03 1.77464284e-03
  2.75889272e-02 2.17404856e-03 1.31375682e-02]
 [4.18781164e-02 3.04827830e-02 4.26441762e-02 9.42810428e-02
  2.16968455e-02 1.25601437e-02 3.07809762e-02 5.73062630e-02
  3.08245770e-02 2.46042320e-01 1.94625070e-02 1.21471911e-01
  2.15528556e-01 1.01180449e-02 2.49217373e-02]
 [4.06586050e-05 3.23929591e-05 2.64354574e-04 6.91525867e-05
  9.03847811e-05 1.63372794e-05 1.53387922e-04 4.60950036e-04
  3.26580693e-05 2.69807273e-01 7.73638724e-05 8.03559503e-05
  7.28731586e-01 3.23080947e-05 1.10835804e-04]
 [7.10074201e-04 6.05403252e-04 4.48490387e-01 1.00839154e-03
  3.06080226e-02 3.63135781e-04 3.53489399e-01 6.38703694e-02
  6.08932249e-04 6.98885998e-03 1.97261075e-02 1.10701342e-03
  7.62664119e-03 3.30592515e-03 6.14913380e-02]
 [3.38072100e-03 2.79124924e-03 1.27123884e-01 5.21487108e-03
  2.15841774e-02 1.53819134e-03 4.79379706e-02 4.84216214e-01
  2.81065969e-03 1.10619758e-01 1.73765678e-02 5.87112541e-03
  1.34871987e-01 5.66309757e-03 2.89995265e-02]
 [1.37616821e-05 1.09258842e-05 7.99921102e-05 2.36388394e-05
  2.82609589e-05 5.46452584e-06 4.72920721e-05 1.36046839e-04
  1.10166051e-05 9.75297128e-01 2.42740888e-05 2.75598962e-05
  2.42498624e-02 1.02935597e-05 3.44830064e-05]
 [9.07294063e-05 4.49416341e-05 6.06225621e-06 2.66805025e-03
  3.86883746e-06 9.94922195e-06 4.91236194e-06 7.25741777e-06
  4.59668992e-05 1.50635695e-05 3.58263749e-06 9.97078904e-01
  1.42503845e-05 2.20111658e-06 4.25951092e-06]
